722

-8.695316 -1.242188 -67.506250 
-10.558598 -1.863282 -63.131250 
-11.179692 -0.931641 -61.881250 
-8.695316 -1.242188 -67.506250


-2.170724 -1.242188 -55.000000 
-4.344553 1.552735 -56.875000 
-4.344553 2.794923 -54.375000 
-2.170724 -1.242188 -55.000000


14.285162 -15.527350 -30.618750 
15.216803 -20.185555 -33.118750 
17.080085 -18.014831 -32.500000 
14.285162 -15.527350 -30.618750


14.285162 -15.527350 -30.618750 
12.421880 -17.390632 -31.243750 
15.216803 -20.185555 -33.118750 
14.285162 -15.527350 -30.618750


0.621094 -7.763675 -61.881250 
-3.726564 -5.900393 -61.881250 
-1.242188 -3.726564 -64.381250 
0.621094 -7.763675 -61.881250


0.000000 -4.655100 -63.125000 
0.621094 -7.763675 -61.881250 
-1.242188 -3.726564 -64.381250 
0.000000 -4.655100 -63.125000


-7.453128 -13.353521 -16.243750 
-8.074222 -10.248051 -16.868750 
-8.384769 -12.111333 -16.868750 
-7.453128 -13.353521 -16.243750


-6.210940 -12.732427 -18.118750 
-4.965647 -12.421880 -19.375000 
-4.968752 -10.558598 -18.743750 
-6.210940 -12.732427 -18.118750


-6.210940 -12.732427 -18.118750 
-7.453128 -13.353521 -19.381250 
-4.965647 -12.421880 -19.375000 
-6.210940 -12.732427 -18.118750


-8.074222 5.282404 -56.875000 
-6.210940 6.524592 -51.875000 
-6.521487 6.524592 -56.250000 
-8.074222 5.282404 -56.875000


-8.074222 5.282404 -56.875000 
-9.316410 3.726564 -53.131250 
-6.210940 6.524592 -51.875000 
-8.074222 5.282404 -56.875000


-1.242188 -30.433606 -38.131250 
0.000000 -33.849623 -36.881250 
-4.347658 -31.054700 -36.881250 
-1.242188 -30.433606 -38.131250


-4.037111 -17.080085 -51.881250 
-3.416017 -18.943367 -50.631250 
-4.658205 -19.564461 -50.006250 
-4.037111 -17.080085 -51.881250


9.005863 -18.322273 -52.506250 
10.872250 -18.011726 -51.250000 
13.353521 -21.427743 -50.006250 
9.005863 -18.322273 -52.506250


9.626957 -20.496102 -50.631250 
9.005863 -18.322273 -52.506250 
13.353521 -21.427743 -50.006250 
9.626957 -20.496102 -50.631250


21.117196 -23.291025 -38.131250 
20.496102 -23.291025 -35.006250 
22.669931 -25.464854 -33.743750 
21.117196 -23.291025 -38.131250


-9.937504 2.173829 -59.381250 
-8.384769 2.173829 -62.506250 
-11.179692 -0.931641 -61.881250 
-9.937504 2.173829 -59.381250


-4.658205 -27.328136 -40.006250 
-6.210940 -28.880871 -37.506250 
-7.453128 -26.396495 -38.756250 
-4.658205 -27.328136 -40.006250


-13.664068 -12.114438 -44.375000 
-7.456233 -20.185555 -45.000000 
-7.763675 -22.669931 -44.368750 
-13.664068 -12.114438 -44.375000


-9.937504 2.173829 -59.381250 
-8.074222 5.282404 -56.875000 
-5.900393 5.900393 -59.381250 
-9.937504 2.173829 -59.381250


-10.251156 -10.248051 -23.125000 
-8.384769 -12.111333 -16.868750 
-8.074222 -10.248051 -16.868750 
-10.251156 -10.248051 -23.125000


-10.251156 -10.248051 -23.125000 
-7.453128 -13.353521 -19.381250 
-8.384769 -12.111333 -16.868750 
-10.251156 -10.248051 -23.125000


-3.416017 -13.042974 -24.368750 
-0.621094 -21.427743 -31.243750 
3.416017 -19.253914 -30.618750 
-3.416017 -13.042974 -24.368750


-10.869145 1.552735 -50.631250 
-9.316410 4.040216 -48.750000 
-9.316410 3.726564 -53.131250 
-10.869145 1.552735 -50.631250


-12.111333 -0.310547 -50.631250 
-9.937504 2.798028 -55.625000 
-12.114438 -0.621094 -57.500000 
-12.111333 -0.310547 -50.631250


0.310547 -35.712905 -33.756250 
-3.726564 -32.917982 -35.631250 
0.000000 -33.849623 -36.881250 
0.310547 -35.712905 -33.756250


-6.521487 3.416017 -35.618750 
-5.279299 4.658205 -36.243750 
-8.387874 3.416017 -37.500000 
-6.521487 3.416017 -35.618750


-8.384769 2.173829 -62.506250 
-5.900393 5.900393 -59.381250 
-5.589846 4.968752 -61.256250 
-8.384769 2.173829 -62.506250


-8.384769 2.173829 -62.506250 
-9.937504 2.173829 -59.381250 
-5.900393 5.900393 -59.381250 
-8.384769 2.173829 -62.506250


-6.835139 -23.912119 -45.000000 
-5.589846 -22.359384 -47.506250 
-5.592951 -23.601572 -46.250000 
-6.835139 -23.912119 -45.000000


-14.285162 -5.589846 -34.993750 
-16.462096 -4.347658 -40.000000 
-17.083190 -7.142581 -40.000000 
-14.285162 -5.589846 -34.993750


-2.173829 -11.179692 -56.881250 
0.000000 -12.111333 -56.256250 
-3.105470 -14.285162 -53.756250 
-2.173829 -11.179692 -56.881250


-4.037111 -12.111333 -55.631250 
-2.173829 -11.179692 -56.881250 
-3.105470 -14.285162 -53.756250 
-4.037111 -12.111333 -55.631250


0.000000 -33.849623 -36.881250 
-0.310547 -27.949230 -40.631250 
0.310547 -31.986341 -37.506250 
0.000000 -33.849623 -36.881250


0.000000 -33.849623 -36.881250 
-1.242188 -30.433606 -38.131250 
-0.310547 -27.949230 -40.631250 
0.000000 -33.849623 -36.881250


-12.114438 -0.621094 -57.500000 
-10.869145 0.931641 -58.131250 
-11.179692 -0.931641 -61.881250 
-12.114438 -0.621094 -57.500000


-12.114438 -2.173829 -58.750000 
-12.114438 -0.621094 -57.500000 
-11.179692 -0.931641 -61.881250 
-12.114438 -2.173829 -58.750000


-14.595709 -9.316410 -35.618750 
-16.148444 -9.316410 -38.743750 
-13.664068 -11.493344 -40.000000 
-14.595709 -9.316410 -35.618750


-7.763675 -22.669931 -44.368750 
-7.453128 -26.396495 -38.756250 
-8.387874 -24.843760 -38.125000 
-7.763675 -22.669931 -44.368750


-0.310547 -3.105470 -30.618750 
3.416017 -4.037111 -33.756250 
-5.279299 2.484376 -33.118750 
-0.310547 -3.105470 -30.618750


9.008968 -14.285162 -51.250000 
6.835139 -13.042974 -55.625000 
6.214045 -10.869145 -55.625000 
9.008968 -14.285162 -51.250000


-6.832034 -3.419122 -63.125000 
-8.695316 -1.242188 -67.506250 
-4.347658 -3.105470 -64.381250 
-6.832034 -3.419122 -63.125000


5.279299 -32.296888 -38.131250 
6.521487 -31.054700 -38.756250 
8.695316 -33.849623 -38.131250 
5.279299 -32.296888 -38.131250


5.279299 -32.296888 -38.131250 
8.695316 -33.849623 -38.131250 
6.832034 -33.849623 -37.506250 
5.279299 -32.296888 -38.131250


0.621094 -22.048837 -48.131250 
2.794923 -20.496102 -49.381250 
4.968752 -22.359384 -48.131250 
0.621094 -22.048837 -48.131250


-7.453128 -13.353521 -16.243750 
-7.453128 -13.353521 -19.381250 
-6.210940 -12.732427 -18.118750 
-7.453128 -13.353521 -16.243750


-8.384769 -12.111333 -16.868750 
-7.453128 -13.353521 -19.381250 
-7.453128 -13.353521 -16.243750 
-8.384769 -12.111333 -16.868750


16.458991 -34.781264 -34.993750 
17.701179 -31.986341 -34.993750 
15.216803 -30.744153 -34.368750 
16.458991 -34.781264 -34.993750


16.458991 -34.781264 -34.993750 
15.216803 -30.744153 -34.368750 
14.906256 -34.160170 -34.993750 
16.458991 -34.781264 -34.993750


17.080085 -19.253914 -41.243750 
13.974615 -18.632820 -46.256250 
12.424985 -15.216803 -44.375000 
17.080085 -19.253914 -41.243750


-6.521487 3.416017 -35.618750 
-9.937504 0.621094 -35.618750 
-8.074222 0.621094 -33.743750 
-6.521487 3.416017 -35.618750


9.937504 -20.496102 -32.493750 
9.005863 -23.601572 -33.118750 
12.732427 -19.564461 -32.493750 
9.937504 -20.496102 -32.493750


-6.210940 -28.880871 -37.506250 
-4.347658 -31.054700 -36.881250 
-5.900393 -31.054700 -35.631250 
-6.210940 -28.880871 -37.506250


10.869145 -10.558598 -38.131250 
11.803891 -12.421880 -40.000000 
9.937504 -9.937504 -40.006250 
10.869145 -10.558598 -38.131250


0.000000 -12.111333 -56.256250 
0.310547 -10.248051 -58.131250 
2.173829 -11.800786 -56.881250 
0.000000 -12.111333 -56.256250


14.285162 -16.148444 -40.006250 
11.803891 -12.421880 -40.000000 
12.732427 -12.732427 -38.118750 
14.285162 -16.148444 -40.006250


17.390632 -36.644546 -38.131250 
14.906256 -35.712905 -38.131250 
18.322273 -32.917982 -40.006250 
17.390632 -36.644546 -38.131250


18.322273 -33.849623 -39.381250 
17.390632 -36.644546 -38.131250 
18.322273 -32.917982 -40.006250 
18.322273 -33.849623 -39.381250


15.837897 -13.664068 -29.993750 
13.042974 -9.937504 -29.368750 
12.421880 -13.974615 -29.993750 
15.837897 -13.664068 -29.993750


6.521487 -4.655100 -33.750000 
2.794923 -4.655100 -40.000000 
3.416017 -4.037111 -33.756250 
6.521487 -4.655100 -33.750000


-3.726564 -24.843760 -31.868750 
-4.037111 -31.054700 -32.493750 
-0.310547 -27.949230 -31.243750 
-3.726564 -24.843760 -31.868750


-3.726564 -24.843760 -31.868750 
-0.310547 -27.949230 -31.243750 
-2.173829 -25.775401 -31.868750 
-3.726564 -24.843760 -31.868750


-5.900393 -20.185555 -48.756250 
-4.037111 -17.080085 -51.881250 
-4.658205 -19.564461 -50.006250 
-5.900393 -20.185555 -48.756250


-5.900393 -20.185555 -48.756250 
-5.589846 -18.011726 -49.381250 
-4.037111 -17.080085 -51.881250 
-5.900393 -20.185555 -48.756250


-8.387874 -24.843760 -38.125000 
-11.490239 -12.114438 -38.125000 
-7.766780 -22.048837 -40.000000 
-8.387874 -24.843760 -38.125000


6.832034 -36.023452 -35.631250 
4.037111 -34.781264 -36.881250 
9.626957 -35.712905 -36.881250 
6.832034 -36.023452 -35.631250


-5.900393 -20.185555 -48.756250 
-14.906256 -11.490239 -52.506250 
-5.589846 -18.011726 -49.381250 
-5.900393 -20.185555 -48.756250


-5.900393 -20.185555 -48.756250 
-7.456233 -20.185555 -45.000000 
-14.906256 -11.490239 -52.506250 
-5.900393 -20.185555 -48.756250


17.701179 -31.986341 -34.993750 
16.458991 -34.781264 -34.993750 
22.669931 -34.160170 -34.993750 
17.701179 -31.986341 -34.993750


6.210940 -25.154307 -46.881250 
0.621094 -22.048837 -48.131250 
4.968752 -22.359384 -48.131250 
6.210940 -25.154307 -46.881250


-14.288267 -9.005863 -52.500000 
-12.732427 -5.900393 -55.006250 
-12.421880 -4.968752 -56.881250 
-14.288267 -9.005863 -52.500000


-14.288267 -9.005863 -52.500000 
-12.421880 -4.968752 -56.881250 
-14.906256 -11.490239 -52.506250 
-14.288267 -9.005863 -52.500000


21.427743 -36.023452 -35.618750 
19.875008 -37.889839 -36.250000 
21.738290 -36.958198 -37.500000 
21.427743 -36.023452 -35.618750


0.310547 -35.712905 -33.756250 
0.931641 -36.333999 -31.868750 
-1.552735 -34.470717 -32.493750 
0.310547 -35.712905 -33.756250


-4.037111 -12.111333 -55.631250 
-3.726564 -15.837897 -52.506250 
-4.037111 -17.080085 -51.881250 
-4.037111 -12.111333 -55.631250


-14.906256 -11.490239 -52.506250 
-4.037111 -12.111333 -55.631250 
-4.037111 -17.080085 -51.881250 
-14.906256 -11.490239 -52.506250


3.726564 -14.906256 -54.381250 
4.037111 -13.353521 -55.631250 
6.832034 -15.216803 -54.381250 
3.726564 -14.906256 -54.381250


18.635925 -19.875008 -33.750000 
20.496102 -23.291025 -35.006250 
21.117196 -23.291025 -38.131250 
18.635925 -19.875008 -33.750000


17.080085 -19.253914 -41.243750 
12.424985 -15.216803 -44.375000 
14.285162 -16.148444 -40.006250 
17.080085 -19.253914 -41.243750


0.931641 -26.085948 -41.881250 
-2.794923 -23.291025 -46.868750 
6.210940 -25.154307 -46.881250 
0.931641 -26.085948 -41.881250


14.906256 -34.160170 -34.993750 
10.558598 -36.644546 -34.368750 
16.458991 -34.781264 -34.993750 
14.906256 -34.160170 -34.993750


9.626957 -20.496102 -50.631250 
13.353521 -21.427743 -50.006250 
10.558598 -23.601572 -48.756250 
9.626957 -20.496102 -50.631250


-8.071117 -3.726564 -27.500000 
-8.384769 -2.173829 -28.743750 
-9.937504 -3.105470 -29.993750 
-8.071117 -3.726564 -27.500000


-13.664068 -12.114438 -44.375000 
-7.763675 -22.669931 -44.368750 
-7.766780 -22.048837 -40.000000 
-13.664068 -12.114438 -44.375000


-14.906256 -11.490239 -52.506250 
-15.530455 -9.316410 -49.375000 
-14.288267 -9.005863 -52.500000 
-14.906256 -11.490239 -52.506250


-3.726564 -9.937504 -58.756250 
-2.173829 -11.179692 -56.881250 
-4.037111 -12.111333 -55.631250 
-3.726564 -9.937504 -58.756250


-1.863282 -21.738290 -48.131250 
-5.589846 -22.359384 -47.506250 
-4.658205 -19.564461 -50.006250 
-1.863282 -21.738290 -48.131250


-5.900393 -20.185555 -48.756250 
-4.658205 -19.564461 -50.006250 
-5.589846 -22.359384 -47.506250 
-5.900393 -20.185555 -48.756250


3.105470 -23.291025 -31.243750 
2.484376 -26.707042 -31.868750 
4.968752 -24.843760 -32.493750 
3.105470 -23.291025 -31.243750


-4.655100 4.658205 -48.750000 
-6.521487 6.524592 -48.125000 
-4.965647 4.658205 -41.875000 
-4.655100 4.658205 -48.750000


6.521487 -21.738290 -49.381250 
6.210940 -25.154307 -46.881250 
4.968752 -22.359384 -48.131250 
6.521487 -21.738290 -49.381250


6.521487 -21.738290 -49.381250 
7.453128 -23.601572 -48.131250 
6.210940 -25.154307 -46.881250 
6.521487 -21.738290 -49.381250


-3.105470 -14.285162 -53.756250 
-3.726564 -15.837897 -52.506250 
-4.037111 -12.111333 -55.631250 
-3.105470 -14.285162 -53.756250


-13.667173 -3.105470 -53.125000 
-14.598814 -2.794923 -48.125000 
-12.111333 -0.310547 -50.631250 
-13.667173 -3.105470 -53.125000


14.906256 -35.712905 -38.131250 
13.042974 -32.296888 -39.381250 
12.732427 -27.952335 -46.875000 
14.906256 -35.712905 -38.131250


18.322273 -32.917982 -40.006250 
14.906256 -35.712905 -38.131250 
12.732427 -27.952335 -46.875000 
18.322273 -32.917982 -40.006250


-9.316410 4.040216 -48.750000 
-10.869145 1.552735 -50.631250 
-10.872250 2.484376 -47.500000 
-9.316410 4.040216 -48.750000


-15.530455 -9.316410 -49.375000 
-16.772643 -9.937504 -43.750000 
-15.530455 -8.074222 -46.250000 
-15.530455 -9.316410 -49.375000


17.080085 -19.253914 -41.243750 
16.769538 -20.806649 -44.381250 
13.974615 -18.632820 -46.256250 
17.080085 -19.253914 -41.243750


0.000000 -33.849623 -36.881250 
-3.726564 -32.917982 -35.631250 
-4.347658 -31.054700 -36.881250 
0.000000 -33.849623 -36.881250


-9.937504 -3.105470 -29.993750 
-9.937504 0.621094 -35.618750 
-12.111333 -1.863282 -34.993750 
-9.937504 -3.105470 -29.993750


-7.763675 -0.931641 -30.618750 
-9.937504 0.621094 -35.618750 
-9.937504 -3.105470 -29.993750 
-7.763675 -0.931641 -30.618750


6.521487 -4.655100 -33.750000 
9.626957 -7.142581 -29.368750 
9.316410 -6.832034 -32.506250 
6.521487 -4.655100 -33.750000


6.521487 -4.655100 -33.750000 
7.142581 -5.900393 -29.368750 
9.626957 -7.142581 -29.368750 
6.521487 -4.655100 -33.750000


-3.726564 -9.937504 -58.756250 
0.000000 -12.111333 -56.256250 
-2.173829 -11.179692 -56.881250 
-3.726564 -9.937504 -58.756250


-3.726564 -9.937504 -58.756250 
0.310547 -10.248051 -58.131250 
0.000000 -12.111333 -56.256250 
-3.726564 -9.937504 -58.756250


-3.102365 -0.621094 -61.250000 
-4.655100 0.931641 -63.750000 
-4.965647 4.037111 -60.625000 
-3.102365 -0.621094 -61.250000


-1.863282 -21.738290 -48.131250 
-4.658205 -19.564461 -50.006250 
-3.416017 -18.943367 -50.631250 
-1.863282 -21.738290 -48.131250


-5.589846 -18.011726 -49.381250 
-14.906256 -11.490239 -52.506250 
-4.037111 -17.080085 -51.881250 
-5.589846 -18.011726 -49.381250


-4.968752 -10.558598 -18.743750 
-0.931641 -11.800786 -24.993750 
-4.037111 -9.316410 -21.243750 
-4.968752 -10.558598 -18.743750


-4.968752 -10.558598 -18.743750 
-4.965647 -12.421880 -19.375000 
-0.931641 -11.800786 -24.993750 
-4.968752 -10.558598 -18.743750


-6.835139 -23.912119 -45.000000 
-4.658205 -27.328136 -40.006250 
-7.453128 -26.396495 -38.756250 
-6.835139 -23.912119 -45.000000


-16.772643 -9.937504 -43.750000 
-14.906256 -11.490239 -52.506250 
-13.664068 -12.114438 -44.375000 
-16.772643 -9.937504 -43.750000


-16.772643 -9.937504 -43.750000 
-15.530455 -9.316410 -49.375000 
-14.906256 -11.490239 -52.506250 
-16.772643 -9.937504 -43.750000


0.000000 -33.849623 -36.881250 
0.310547 -31.986341 -37.506250 
3.416017 -29.501965 -40.006250 
0.000000 -33.849623 -36.881250


2.794923 -8.384769 -61.256250 
2.173829 -11.800786 -56.881250 
0.931641 -9.005863 -60.006250 
2.794923 -8.384769 -61.256250


-5.589846 -22.359384 -47.506250 
-1.863282 -21.738290 -48.131250 
-2.794923 -23.291025 -46.868750 
-5.589846 -22.359384 -47.506250


-5.592951 -23.601572 -46.250000 
-5.589846 -22.359384 -47.506250 
-2.794923 -23.291025 -46.868750 
-5.592951 -23.601572 -46.250000


-1.863282 -21.738290 -48.131250 
0.621094 -22.048837 -48.131250 
-2.794923 -23.291025 -46.868750 
-1.863282 -21.738290 -48.131250


-6.832034 -22.048837 -36.868750 
-7.766780 -25.464854 -36.250000 
-5.900393 -23.291025 -34.368750 
-6.832034 -22.048837 -36.868750


0.931641 -26.085948 -41.881250 
-0.310547 -27.949230 -40.631250 
-2.794923 -23.291025 -46.868750 
0.931641 -26.085948 -41.881250


-8.387874 -24.843760 -38.125000 
-7.766780 -22.048837 -40.000000 
-7.763675 -22.669931 -44.368750 
-8.387874 -24.843760 -38.125000


-4.658205 -27.328136 -40.006250 
-1.242188 -30.433606 -38.131250 
-4.347658 -31.054700 -36.881250 
-4.658205 -27.328136 -40.006250


-6.210940 -28.880871 -37.506250 
-4.658205 -27.328136 -40.006250 
-4.347658 -31.054700 -36.881250 
-6.210940 -28.880871 -37.506250


-2.794923 -23.291025 -46.868750 
-0.310547 -27.949230 -40.631250 
-5.592951 -23.601572 -46.250000 
-2.794923 -23.291025 -46.868750


-0.310547 -27.949230 -40.631250 
-4.658205 -27.328136 -40.006250 
-5.592951 -23.601572 -46.250000 
-0.310547 -27.949230 -40.631250


-5.592951 -23.601572 -46.250000 
-4.658205 -27.328136 -40.006250 
-6.835139 -23.912119 -45.000000 
-5.592951 -23.601572 -46.250000


-1.863282 -2.170724 -43.125000 
0.313652 -3.416017 -45.625000 
-4.034006 1.552735 -43.750000 
-1.863282 -2.170724 -43.125000


-6.210940 -13.353521 -24.368750 
-7.453128 -13.353521 -19.381250 
-8.074222 -13.046079 -22.500000 
-6.210940 -13.353521 -24.368750


-13.664068 -11.493344 -40.000000 
-11.490239 -12.114438 -38.125000 
-14.595709 -9.316410 -35.618750 
-13.664068 -11.493344 -40.000000


-7.763675 6.524592 -45.000000 
-6.210940 6.524592 -40.625000 
-6.521487 6.524592 -48.125000 
-7.763675 6.524592 -45.000000


-4.965647 4.658205 -41.875000 
-6.521487 6.524592 -48.125000 
-6.210940 6.524592 -40.625000 
-4.965647 4.658205 -41.875000


-14.906256 -11.490239 -52.506250 
-7.456233 -20.185555 -45.000000 
-13.664068 -12.114438 -44.375000 
-14.906256 -11.490239 -52.506250


-5.900393 -24.533213 -33.118750 
-5.900393 -23.291025 -34.368750 
-7.766780 -25.464854 -36.250000 
-5.900393 -24.533213 -33.118750


-3.726564 -33.539076 -33.118750 
-1.552735 -32.296888 -31.868750 
-4.037111 -31.054700 -32.493750 
-3.726564 -33.539076 -33.118750


-5.900393 -20.185555 -48.756250 
-5.589846 -22.359384 -47.506250 
-7.763675 -22.669931 -44.368750 
-5.900393 -20.185555 -48.756250


-7.456233 -20.185555 -45.000000 
-5.900393 -20.185555 -48.756250 
-7.763675 -22.669931 -44.368750 
-7.456233 -20.185555 -45.000000


-3.726564 -32.917982 -35.631250 
-5.900393 -31.054700 -35.631250 
-4.347658 -31.054700 -36.881250 
-3.726564 -32.917982 -35.631250


-4.037111 -12.111333 -55.631250 
-14.906256 -11.490239 -52.506250 
-3.726564 -9.937504 -58.756250 
-4.037111 -12.111333 -55.631250


13.974615 -20.806649 -48.756250 
12.424985 -18.011726 -48.125000 
13.974615 -18.632820 -46.256250 
13.974615 -20.806649 -48.756250


4.037111 -34.781264 -36.881250 
0.000000 -33.849623 -36.881250 
3.416017 -29.501965 -40.006250 
4.037111 -34.781264 -36.881250


-8.384769 -2.173829 -28.743750 
-3.105470 -1.242188 -30.618750 
-7.763675 -0.931641 -30.618750 
-8.384769 -2.173829 -28.743750


0.931641 -36.333999 -31.868750 
3.105470 -37.268745 -33.125000 
3.726564 -35.091811 -33.118750 
0.931641 -36.333999 -31.868750


0.931641 -36.333999 -31.868750 
0.310547 -35.712905 -33.756250 
3.105470 -37.268745 -33.125000 
0.931641 -36.333999 -31.868750


-3.726564 -33.539076 -33.118750 
-5.900393 -31.054700 -35.631250 
-3.726564 -32.917982 -35.631250 
-3.726564 -33.539076 -33.118750


3.105470 -35.712905 -36.256250 
4.037111 -34.781264 -36.881250 
6.832034 -36.023452 -35.631250 
3.105470 -35.712905 -36.256250


-6.835139 -23.912119 -45.000000 
-7.453128 -26.396495 -38.756250 
-7.763675 -22.669931 -44.368750 
-6.835139 -23.912119 -45.000000


-13.664068 -11.493344 -40.000000 
-16.772643 -9.937504 -43.750000 
-13.664068 -12.114438 -44.375000 
-13.664068 -11.493344 -40.000000


-12.732427 -12.114438 -41.250000 
-13.664068 -11.493344 -40.000000 
-13.664068 -12.114438 -44.375000 
-12.732427 -12.114438 -41.250000


-13.664068 -11.493344 -40.000000 
-12.732427 -12.114438 -41.250000 
-7.766780 -22.048837 -40.000000 
-13.664068 -11.493344 -40.000000


-11.490239 -12.114438 -38.125000 
-13.664068 -11.493344 -40.000000 
-7.766780 -22.048837 -40.000000 
-11.490239 -12.114438 -38.125000


-12.732427 -12.114438 -41.250000 
-13.664068 -12.114438 -44.375000 
-7.766780 -22.048837 -40.000000 
-12.732427 -12.114438 -41.250000


-5.900393 -24.533213 -33.118750 
-7.142581 -27.949230 -33.743750 
-3.726564 -24.843760 -31.868750 
-5.900393 -24.533213 -33.118750


-6.835139 -23.912119 -45.000000 
-7.763675 -22.669931 -44.368750 
-5.589846 -22.359384 -47.506250 
-6.835139 -23.912119 -45.000000


15.837897 -39.128922 -35.618750 
16.458991 -34.781264 -34.993750 
11.800786 -38.507828 -34.993750 
15.837897 -39.128922 -35.618750


-5.900393 -30.123059 -33.118750 
-3.726564 -33.539076 -33.118750 
-4.037111 -31.054700 -32.493750 
-5.900393 -30.123059 -33.118750


-5.900393 -30.123059 -33.118750 
-5.900393 -31.054700 -35.631250 
-3.726564 -33.539076 -33.118750 
-5.900393 -30.123059 -33.118750


-8.387874 -24.843760 -38.125000 
-6.832034 -22.048837 -36.868750 
-10.248051 -12.424985 -35.625000 
-8.387874 -24.843760 -38.125000


-11.490239 -12.114438 -38.125000 
-8.387874 -24.843760 -38.125000 
-10.248051 -12.424985 -35.625000 
-11.490239 -12.114438 -38.125000


-0.621094 -21.427743 -31.243750 
-2.794923 -22.980478 -31.868750 
-3.726564 -24.843760 -31.868750 
-0.621094 -21.427743 -31.243750


-0.621094 -21.427743 -31.243750 
-3.726564 -24.843760 -31.868750 
-2.173829 -25.775401 -31.868750 
-0.621094 -21.427743 -31.243750


-9.626957 -12.735532 -33.125000 
-6.832034 -22.048837 -36.868750 
-5.900393 -23.291025 -34.368750 
-9.626957 -12.735532 -33.125000


-7.766780 -25.464854 -36.250000 
-6.832034 -22.048837 -36.868750 
-8.387874 -24.843760 -38.125000 
-7.766780 -25.464854 -36.250000


-3.726564 -24.843760 -31.868750 
-5.900393 -30.123059 -33.118750 
-4.037111 -31.054700 -32.493750 
-3.726564 -24.843760 -31.868750


-7.453128 -26.396495 -38.756250 
-6.210940 -28.880871 -37.506250 
-7.142581 -27.949230 -33.743750 
-7.453128 -26.396495 -38.756250


-7.766780 -25.464854 -36.250000 
-8.387874 -24.843760 -38.125000 
-7.142581 -27.949230 -33.743750 
-7.766780 -25.464854 -36.250000


-7.453128 -26.396495 -38.756250 
-7.142581 -27.949230 -33.743750 
-8.387874 -24.843760 -38.125000 
-7.453128 -26.396495 -38.756250


-7.766780 -25.464854 -36.250000 
-7.142581 -27.949230 -33.743750 
-5.900393 -24.533213 -33.118750 
-7.766780 -25.464854 -36.250000


-5.900393 -24.533213 -33.118750 
-3.726564 -24.843760 -31.868750 
-7.453128 -13.977720 -26.875000 
-5.900393 -24.533213 -33.118750


-1.552735 -32.296888 -31.868750 
-1.552735 -34.470717 -32.493750 
0.931641 -36.333999 -31.868750 
-1.552735 -32.296888 -31.868750


13.353521 -9.937504 -31.256250 
13.042974 -9.937504 -29.368750 
16.458991 -13.042974 -31.256250 
13.353521 -9.937504 -31.256250


-0.310547 -3.105470 -30.618750 
-4.968752 -4.344553 -20.000000 
1.863282 -4.347658 -29.993750 
-0.310547 -3.105470 -30.618750


-1.242188 -30.433606 -38.131250 
-4.658205 -27.328136 -40.006250 
-0.310547 -27.949230 -40.631250 
-1.242188 -30.433606 -38.131250


0.000000 -10.248051 -25.618750 
-4.037111 -9.316410 -21.243750 
-0.931641 -11.800786 -24.993750 
0.000000 -10.248051 -25.618750


1.552735 -31.054700 -31.868750 
0.931641 -36.333999 -31.868750 
2.484376 -32.917982 -32.493750 
1.552735 -31.054700 -31.868750


-1.552735 -32.296888 -31.868750 
0.931641 -36.333999 -31.868750 
1.552735 -31.054700 -31.868750 
-1.552735 -32.296888 -31.868750


-1.552735 -32.296888 -31.868750 
-0.310547 -27.949230 -31.243750 
-4.037111 -31.054700 -32.493750 
-1.552735 -32.296888 -31.868750


-3.726564 -24.843760 -31.868750 
-7.142581 -27.949230 -33.743750 
-5.900393 -30.123059 -33.118750 
-3.726564 -24.843760 -31.868750


9.626957 -35.712905 -36.881250 
11.179692 -33.849623 -38.756250 
13.042974 -36.644546 -37.506250 
9.626957 -35.712905 -36.881250


9.626957 -35.712905 -36.881250 
13.042974 -36.644546 -37.506250 
11.490239 -36.333999 -36.881250 
9.626957 -35.712905 -36.881250


12.421880 -13.974615 -29.993750 
9.626957 -13.664068 -29.368750 
12.421880 -17.390632 -31.243750 
12.421880 -13.974615 -29.993750


14.285162 -16.148444 -40.006250 
12.732427 -12.732427 -38.118750 
15.216803 -16.769538 -38.118750 
14.285162 -16.148444 -40.006250


9.937504 -20.496102 -32.493750 
12.732427 -19.564461 -32.493750 
12.421880 -17.390632 -31.243750 
9.937504 -20.496102 -32.493750


9.937504 -20.496102 -32.493750 
12.421880 -17.390632 -31.243750 
9.005863 -18.943367 -31.868750 
9.937504 -20.496102 -32.493750


9.626957 -37.886734 -34.368750 
4.968752 -36.023452 -33.743750 
3.105470 -37.268745 -33.125000 
9.626957 -37.886734 -34.368750


6.210940 -37.576187 -34.381250 
9.626957 -37.886734 -34.368750 
3.105470 -37.268745 -33.125000 
6.210940 -37.576187 -34.381250


12.111333 -30.123059 -33.743750 
7.453128 -34.160170 -33.743750 
10.558598 -36.644546 -34.368750 
12.111333 -30.123059 -33.743750


-0.310547 -27.949230 -31.243750 
-1.552735 -32.296888 -31.868750 
1.552735 -31.054700 -31.868750 
-0.310547 -27.949230 -31.243750


-7.142581 -27.949230 -33.743750 
-5.900393 -31.054700 -35.631250 
-5.900393 -30.123059 -33.118750 
-7.142581 -27.949230 -33.743750


-6.210940 -28.880871 -37.506250 
-5.900393 -31.054700 -35.631250 
-7.142581 -27.949230 -33.743750 
-6.210940 -28.880871 -37.506250


-1.552735 -34.470717 -32.493750 
-3.726564 -33.539076 -33.118750 
0.310547 -35.712905 -33.756250 
-1.552735 -34.470717 -32.493750


-3.726564 -32.917982 -35.631250 
0.310547 -35.712905 -33.756250 
-3.726564 -33.539076 -33.118750 
-3.726564 -32.917982 -35.631250


-0.310547 -27.949230 -31.243750 
0.621094 -26.707042 -31.243750 
-2.173829 -25.775401 -31.868750 
-0.310547 -27.949230 -31.243750


-1.552735 -34.470717 -32.493750 
-1.552735 -32.296888 -31.868750 
-3.726564 -33.539076 -33.118750 
-1.552735 -34.470717 -32.493750


-2.794923 -22.980478 -31.868750 
-0.621094 -21.427743 -31.243750 
-6.210940 -13.353521 -24.368750 
-2.794923 -22.980478 -31.868750


-9.626957 -12.735532 -33.125000 
-5.900393 -23.291025 -34.368750 
-8.695316 -13.046079 -29.375000 
-9.626957 -12.735532 -33.125000


-7.453128 -13.977720 -26.875000 
-8.074222 -13.046079 -22.500000 
-10.251156 -10.248051 -23.125000 
-7.453128 -13.977720 -26.875000


0.931641 -36.333999 -31.868750 
3.726564 -35.091811 -33.118750 
2.484376 -32.917982 -32.493750 
0.931641 -36.333999 -31.868750


-14.285162 -2.484376 -37.493750 
-13.042974 -3.416017 -34.993750 
-12.111333 -1.863282 -34.993750 
-14.285162 -2.484376 -37.493750


-16.148444 -9.316410 -38.743750 
-17.083190 -7.142581 -40.000000 
-17.083190 -9.316410 -41.250000 
-16.148444 -9.316410 -38.743750


-13.664068 -11.493344 -40.000000 
-16.148444 -9.316410 -38.743750 
-17.083190 -9.316410 -41.250000 
-13.664068 -11.493344 -40.000000


3.416017 -4.037111 -33.756250 
-0.310547 -3.105470 -30.618750 
5.900393 -4.968752 -29.993750 
3.416017 -4.037111 -33.756250


1.863282 -4.347658 -29.993750 
5.900393 -4.968752 -29.993750 
-0.310547 -3.105470 -30.618750 
1.863282 -4.347658 -29.993750


23.294130 -29.501965 -35.000000 
20.496102 -28.880871 -33.743750 
22.980478 -31.054700 -34.993750 
23.294130 -29.501965 -35.000000


-0.621094 -21.427743 -31.243750 
-3.416017 -13.042974 -24.368750 
-6.210940 -13.353521 -24.368750 
-0.621094 -21.427743 -31.243750


-8.074222 -13.046079 -22.500000 
-7.453128 -13.977720 -26.875000 
-6.210940 -13.353521 -24.368750 
-8.074222 -13.046079 -22.500000


-3.726564 -24.843760 -31.868750 
-2.794923 -22.980478 -31.868750 
-6.210940 -13.353521 -24.368750 
-3.726564 -24.843760 -31.868750


-7.453128 -13.977720 -26.875000 
-3.726564 -24.843760 -31.868750 
-6.210940 -13.353521 -24.368750 
-7.453128 -13.977720 -26.875000


-7.453128 -13.353521 -19.381250 
-3.416017 -13.042974 -24.368750 
-4.965647 -12.421880 -19.375000 
-7.453128 -13.353521 -19.381250


-6.210940 -13.353521 -24.368750 
-3.416017 -13.042974 -24.368750 
-7.453128 -13.353521 -19.381250 
-6.210940 -13.353521 -24.368750


-10.872250 2.484376 -47.500000 
-9.630062 5.279299 -41.875000 
-7.763675 6.524592 -45.000000 
-10.872250 2.484376 -47.500000


-5.279299 -7.142581 -18.118750 
-4.968752 -10.558598 -18.743750 
-4.037111 -9.316410 -21.243750 
-5.279299 -7.142581 -18.118750


-10.251156 -10.248051 -23.125000 
-7.763675 -5.586741 -24.375000 
-9.940609 -7.453128 -26.875000 
-10.251156 -10.248051 -23.125000


17.080085 -19.253914 -41.243750 
14.285162 -16.148444 -40.006250 
17.080085 -18.943367 -39.381250 
17.080085 -19.253914 -41.243750


-4.965647 -12.421880 -19.375000 
-3.416017 -13.042974 -24.368750 
-0.931641 -11.800786 -24.993750 
-4.965647 -12.421880 -19.375000


-14.595709 -9.316410 -35.618750 
-9.626957 -12.735532 -33.125000 
-12.424985 -9.626957 -30.000000 
-14.595709 -9.316410 -35.618750


-6.832034 -22.048837 -36.868750 
-9.626957 -12.735532 -33.125000 
-10.248051 -12.424985 -35.625000 
-6.832034 -22.048837 -36.868750


18.632820 -28.570324 -33.743750 
17.701179 -31.986341 -34.993750 
20.496102 -28.880871 -33.743750 
18.632820 -28.570324 -33.743750


5.589846 -5.276194 -42.500000 
3.726564 -5.276194 -46.250000 
0.313652 -3.416017 -45.625000 
5.589846 -5.276194 -42.500000


-4.968752 -4.344553 -20.000000 
-4.034006 -6.521487 -21.250000 
1.863282 -4.347658 -29.993750 
-4.968752 -4.344553 -20.000000


-5.900393 -24.533213 -33.118750 
-7.453128 -13.977720 -26.875000 
-8.695316 -13.046079 -29.375000 
-5.900393 -24.533213 -33.118750


-5.900393 -23.291025 -34.368750 
-5.900393 -24.533213 -33.118750 
-8.695316 -13.046079 -29.375000 
-5.900393 -23.291025 -34.368750


-11.490239 -12.114438 -38.125000 
-10.248051 -12.424985 -35.625000 
-14.595709 -9.316410 -35.618750 
-11.490239 -12.114438 -38.125000


-14.595709 -9.316410 -35.618750 
-10.248051 -12.424985 -35.625000 
-9.626957 -12.735532 -33.125000 
-14.595709 -9.316410 -35.618750


-9.626957 -12.735532 -33.125000 
-8.695316 -13.046079 -29.375000 
-12.424985 -9.626957 -30.000000 
-9.626957 -12.735532 -33.125000


-7.763675 -5.586741 -24.375000 
-8.384769 -2.173829 -28.743750 
-8.071117 -3.726564 -27.500000 
-7.763675 -5.586741 -24.375000


-7.763675 -5.586741 -24.375000 
-5.589846 -4.344553 -21.875000 
-8.384769 -2.173829 -28.743750 
-7.763675 -5.586741 -24.375000


-5.279299 2.484376 -33.118750 
-6.521487 3.416017 -35.618750 
-8.074222 0.621094 -33.743750 
-5.279299 2.484376 -33.118750


-12.424985 -9.626957 -30.000000 
-11.800786 -6.521487 -30.618750 
-14.285162 -5.589846 -34.993750 
-12.424985 -9.626957 -30.000000


-12.424985 -9.626957 -30.000000 
-14.285162 -5.589846 -34.993750 
-14.595709 -9.316410 -35.618750 
-12.424985 -9.626957 -30.000000


-14.598814 -2.794923 -48.125000 
-15.530455 -9.316410 -49.375000 
-14.595709 -5.900393 -48.131250 
-14.598814 -2.794923 -48.125000


-13.667173 -3.105470 -53.125000 
-15.530455 -9.316410 -49.375000 
-14.598814 -2.794923 -48.125000 
-13.667173 -3.105470 -53.125000


-4.968752 0.000000 -70.631250 
-1.242188 -3.726564 -64.381250 
-4.347658 -1.552735 -67.506250 
-4.968752 0.000000 -70.631250


-5.279299 0.931641 -69.381250 
-1.242188 -3.726564 -64.381250 
-4.968752 0.000000 -70.631250 
-5.279299 0.931641 -69.381250


-14.595709 -9.316410 -35.618750 
-14.285162 -5.589846 -34.993750 
-17.083190 -7.142581 -40.000000 
-14.595709 -9.316410 -35.618750


-16.148444 -9.316410 -38.743750 
-14.595709 -9.316410 -35.618750 
-17.083190 -7.142581 -40.000000 
-16.148444 -9.316410 -38.743750


-16.151549 -5.279299 -43.750000 
-17.083190 -7.142581 -40.000000 
-16.462096 -4.347658 -40.000000 
-16.151549 -5.279299 -43.750000


9.005863 -6.521487 -34.381250 
6.521487 -4.655100 -33.750000 
9.316410 -6.832034 -32.506250 
9.005863 -6.521487 -34.381250


-8.384769 2.173829 -62.506250 
-8.695316 -1.242188 -67.506250 
-11.179692 -0.931641 -61.881250 
-8.384769 2.173829 -62.506250


-16.151549 -5.279299 -43.750000 
-16.772643 -9.937504 -43.750000 
-17.083190 -9.316410 -41.250000 
-16.151549 -5.279299 -43.750000


-17.083190 -9.316410 -41.250000 
-16.772643 -9.937504 -43.750000 
-13.664068 -11.493344 -40.000000 
-17.083190 -9.316410 -41.250000


-17.083190 -7.142581 -40.000000 
-16.151549 -5.279299 -43.750000 
-17.083190 -9.316410 -41.250000 
-17.083190 -7.142581 -40.000000


-15.530455 -9.316410 -49.375000 
-15.530455 -8.074222 -46.250000 
-14.595709 -5.900393 -48.131250 
-15.530455 -9.316410 -49.375000


-16.772643 -9.937504 -43.750000 
-16.151549 -5.279299 -43.750000 
-15.530455 -8.074222 -46.250000 
-16.772643 -9.937504 -43.750000


-3.105470 -1.242188 -30.618750 
-0.310547 -3.105470 -30.618750 
-5.279299 2.484376 -33.118750 
-3.105470 -1.242188 -30.618750


-11.800786 -6.521487 -30.618750 
-11.182797 -9.005863 -27.500000 
-9.940609 -7.453128 -26.875000 
-11.800786 -6.521487 -30.618750


-4.968752 -10.558598 -18.743750 
-5.900393 -9.005863 -16.868750 
-7.453128 -13.353521 -16.243750 
-4.968752 -10.558598 -18.743750


-4.968752 -10.558598 -18.743750 
-7.453128 -13.353521 -16.243750 
-6.210940 -12.732427 -18.118750 
-4.968752 -10.558598 -18.743750


-12.111333 1.552735 -46.256250 
-10.869145 1.552735 -50.631250 
-12.111333 -0.310547 -50.631250 
-12.111333 1.552735 -46.256250


-12.111333 1.552735 -46.256250 
-10.872250 2.484376 -47.500000 
-10.869145 1.552735 -50.631250 
-12.111333 1.552735 -46.256250


-8.074222 -10.248051 -16.868750 
-7.453128 -13.353521 -16.243750 
-5.900393 -9.005863 -16.868750 
-8.074222 -10.248051 -16.868750


-14.285162 -2.484376 -37.493750 
-14.285162 -5.589846 -34.993750 
-13.042974 -3.416017 -34.993750 
-14.285162 -2.484376 -37.493750


0.000000 -10.248051 -25.618750 
-4.034006 -6.521487 -21.250000 
-4.037111 -9.316410 -21.243750 
0.000000 -10.248051 -25.618750


-6.210940 6.524592 -40.625000 
-8.074222 6.521487 -41.868750 
-8.387874 3.416017 -37.500000 
-6.210940 6.524592 -40.625000


-9.937504 3.726564 -39.368750 
-8.387874 3.416017 -37.500000 
-8.074222 6.521487 -41.868750 
-9.937504 3.726564 -39.368750


-13.974615 -0.621094 -39.368750 
-12.421880 0.310547 -38.743750 
-12.111333 2.487481 -41.250000 
-13.974615 -0.621094 -39.368750


-4.034006 -6.521487 -21.250000 
-5.279299 -7.142581 -18.118750 
-4.037111 -9.316410 -21.243750 
-4.034006 -6.521487 -21.250000


-11.800786 -6.521487 -30.618750 
-12.424985 -9.626957 -30.000000 
-11.182797 -9.005863 -27.500000 
-11.800786 -6.521487 -30.618750


-10.251156 -10.248051 -23.125000 
-8.074222 -13.046079 -22.500000 
-7.453128 -13.353521 -19.381250 
-10.251156 -10.248051 -23.125000


-10.251156 -10.248051 -23.125000 
-8.074222 -10.248051 -16.868750 
-7.763675 -7.763675 -19.993750 
-10.251156 -10.248051 -23.125000


-5.279299 -7.142581 -18.118750 
-5.900393 -9.005863 -16.868750 
-4.968752 -10.558598 -18.743750 
-5.279299 -7.142581 -18.118750


-8.074222 -10.248051 -16.868750 
-5.279299 -7.142581 -18.118750 
-7.763675 -7.763675 -19.993750 
-8.074222 -10.248051 -16.868750


-5.900393 -9.005863 -16.868750 
-5.279299 -7.142581 -18.118750 
-8.074222 -10.248051 -16.868750 
-5.900393 -9.005863 -16.868750


-4.968752 -4.344553 -20.000000 
-5.589846 -4.344553 -21.875000 
-7.763675 -7.763675 -19.993750 
-4.968752 -4.344553 -20.000000


-5.279299 -7.142581 -18.118750 
-4.968752 -4.344553 -20.000000 
-7.763675 -7.763675 -19.993750 
-5.279299 -7.142581 -18.118750


-5.279299 -7.142581 -18.118750 
-4.034006 -6.521487 -21.250000 
-4.968752 -4.344553 -20.000000 
-5.279299 -7.142581 -18.118750


-12.424985 -9.626957 -30.000000 
-10.251156 -10.248051 -23.125000 
-11.182797 -9.005863 -27.500000 
-12.424985 -9.626957 -30.000000


-8.695316 -13.046079 -29.375000 
-10.251156 -10.248051 -23.125000 
-12.424985 -9.626957 -30.000000 
-8.695316 -13.046079 -29.375000


-8.695316 -13.046079 -29.375000 
-7.453128 -13.977720 -26.875000 
-10.251156 -10.248051 -23.125000 
-8.695316 -13.046079 -29.375000


-10.251156 -10.248051 -23.125000 
-9.940609 -7.453128 -26.875000 
-11.182797 -9.005863 -27.500000 
-10.251156 -10.248051 -23.125000


-7.763675 -7.763675 -19.993750 
-7.763675 -5.586741 -24.375000 
-10.251156 -10.248051 -23.125000 
-7.763675 -7.763675 -19.993750


-4.034006 1.552735 -43.750000 
-4.965647 4.658205 -41.875000 
-2.484376 -1.549630 -40.000000 
-4.034006 1.552735 -43.750000


-5.589846 -4.344553 -21.875000 
-7.763675 -5.586741 -24.375000 
-7.763675 -7.763675 -19.993750 
-5.589846 -4.344553 -21.875000


-16.462096 -4.347658 -40.000000 
-14.285162 -5.589846 -34.993750 
-14.285162 -2.484376 -37.493750 
-16.462096 -4.347658 -40.000000


-11.800786 -6.521487 -30.618750 
-9.940609 -7.453128 -26.875000 
-9.937504 -3.105470 -29.993750 
-11.800786 -6.521487 -30.618750


-7.763675 -5.586741 -24.375000 
-9.937504 -3.105470 -29.993750 
-9.940609 -7.453128 -26.875000 
-7.763675 -5.586741 -24.375000


-7.763675 -5.586741 -24.375000 
-8.071117 -3.726564 -27.500000 
-9.937504 -3.105470 -29.993750 
-7.763675 -5.586741 -24.375000


-9.937504 -3.105470 -29.993750 
-12.111333 -1.863282 -34.993750 
-13.042974 -3.416017 -34.993750 
-9.937504 -3.105470 -29.993750


-11.800786 -6.521487 -30.618750 
-13.042974 -3.416017 -34.993750 
-14.285162 -5.589846 -34.993750 
-11.800786 -6.521487 -30.618750


9.626957 -13.664068 -29.368750 
8.384769 -14.906256 -29.993750 
7.453128 -17.390632 -30.618750 
9.626957 -13.664068 -29.368750


12.421880 -17.390632 -31.243750 
9.626957 -13.664068 -29.368750 
7.453128 -17.390632 -30.618750 
12.421880 -17.390632 -31.243750


-3.105470 -1.242188 -30.618750 
-4.968752 -4.344553 -20.000000 
-0.310547 -3.105470 -30.618750 
-3.105470 -1.242188 -30.618750


-3.105470 -1.242188 -30.618750 
-5.589846 -4.344553 -21.875000 
-4.968752 -4.344553 -20.000000 
-3.105470 -1.242188 -30.618750


-11.800786 -6.521487 -30.618750 
-9.937504 -3.105470 -29.993750 
-13.042974 -3.416017 -34.993750 
-11.800786 -6.521487 -30.618750


9.005863 -6.521487 -34.381250 
9.316410 -6.832034 -32.506250 
10.869145 -7.760570 -31.250000 
9.005863 -6.521487 -34.381250


9.005863 -6.521487 -34.381250 
10.869145 -7.760570 -31.250000 
12.111333 -8.695316 -32.506250 
9.005863 -6.521487 -34.381250


-9.937504 0.621094 -35.618750 
-7.763675 -0.931641 -30.618750 
-8.074222 0.621094 -33.743750 
-9.937504 0.621094 -35.618750


-7.763675 -0.931641 -30.618750 
-9.937504 -3.105470 -29.993750 
-8.384769 -2.173829 -28.743750 
-7.763675 -0.931641 -30.618750


-6.521487 3.416017 -35.618750 
-5.279299 2.484376 -33.118750 
-5.279299 4.658205 -36.243750 
-6.521487 3.416017 -35.618750


6.521487 -4.655100 -33.750000 
3.416017 -4.037111 -33.756250 
5.900393 -4.968752 -29.993750 
6.521487 -4.655100 -33.750000


15.216803 -16.769538 -38.118750 
12.732427 -12.732427 -38.118750 
16.458991 -14.595709 -32.506250 
15.216803 -16.769538 -38.118750


-8.695316 -1.242188 -67.506250 
-6.521487 -0.621094 -68.756250 
-4.347658 -1.552735 -67.506250 
-8.695316 -1.242188 -67.506250


0.000000 -3.102365 -49.375000 
-4.655100 4.658205 -48.750000 
0.313652 -3.416017 -45.625000 
0.000000 -3.102365 -49.375000


0.000000 -3.102365 -49.375000 
-3.412912 0.621094 -50.625000 
-4.655100 4.658205 -48.750000 
0.000000 -3.102365 -49.375000


-8.074222 0.621094 -33.743750 
-7.763675 -0.931641 -30.618750 
-5.279299 2.484376 -33.118750 
-8.074222 0.621094 -33.743750


-2.170724 -1.242188 -55.000000 
-4.344553 2.794923 -54.375000 
-3.412912 0.621094 -50.625000 
-2.170724 -1.242188 -55.000000


-7.763675 -0.931641 -30.618750 
-3.105470 -1.242188 -30.618750 
-5.279299 2.484376 -33.118750 
-7.763675 -0.931641 -30.618750


-8.384769 -2.173829 -28.743750 
-5.589846 -4.344553 -21.875000 
-3.105470 -1.242188 -30.618750 
-8.384769 -2.173829 -28.743750


9.005863 -6.521487 -34.381250 
8.695316 -6.521487 -37.506250 
6.521487 -4.655100 -33.750000 
9.005863 -6.521487 -34.381250


-15.530455 -1.863282 -40.000000 
-12.735532 0.621094 -44.375000 
-14.285162 -1.552735 -43.131250 
-15.530455 -1.863282 -40.000000


-12.111333 2.487481 -41.250000 
-12.735532 0.621094 -44.375000 
-15.530455 -1.863282 -40.000000 
-12.111333 2.487481 -41.250000


-14.285162 -2.484376 -37.493750 
-15.530455 -1.863282 -40.000000 
-16.462096 -4.347658 -40.000000 
-14.285162 -2.484376 -37.493750


7.456233 -5.589846 -40.000000 
5.589846 -5.276194 -42.500000 
2.794923 -4.655100 -40.000000 
7.456233 -5.589846 -40.000000


-10.872250 2.484376 -47.500000 
-7.763675 6.524592 -45.000000 
-9.316410 4.040216 -48.750000 
-10.872250 2.484376 -47.500000


-7.763675 6.524592 -45.000000 
-8.074222 6.521487 -41.868750 
-6.210940 6.524592 -40.625000 
-7.763675 6.524592 -45.000000


-12.111333 -1.863282 -34.993750 
-9.937504 0.621094 -35.618750 
-12.421880 0.310547 -38.743750 
-12.111333 -1.863282 -34.993750


-6.832034 -3.419122 -63.125000 
-4.347658 -3.105470 -64.381250 
-3.726564 -5.900393 -61.881250 
-6.832034 -3.419122 -63.125000


-2.484376 -1.549630 -40.000000 
0.621094 -3.723459 -39.375000 
-4.034006 1.552735 -43.750000 
-2.484376 -1.549630 -40.000000


-1.863282 -2.170724 -43.125000 
-4.034006 1.552735 -43.750000 
0.621094 -3.723459 -39.375000 
-1.863282 -2.170724 -43.125000


0.310547 -10.248051 -58.131250 
0.931641 -9.005863 -60.006250 
2.173829 -11.800786 -56.881250 
0.310547 -10.248051 -58.131250


0.621094 -3.723459 -39.375000 
-2.484376 -1.549630 -40.000000 
-5.279299 4.658205 -36.243750 
0.621094 -3.723459 -39.375000


-9.937504 0.621094 -35.618750 
-9.937504 3.726564 -39.368750 
-12.421880 0.310547 -38.743750 
-9.937504 0.621094 -35.618750


-8.387874 3.416017 -37.500000 
-9.937504 3.726564 -39.368750 
-9.937504 0.621094 -35.618750 
-8.387874 3.416017 -37.500000


-5.279299 4.658205 -36.243750 
-6.210940 6.524592 -40.625000 
-8.387874 3.416017 -37.500000 
-5.279299 4.658205 -36.243750


-5.279299 4.658205 -36.243750 
-4.965647 4.658205 -41.875000 
-6.210940 6.524592 -40.625000 
-5.279299 4.658205 -36.243750


-2.484376 -1.549630 -40.000000 
-4.965647 4.658205 -41.875000 
-5.279299 4.658205 -36.243750 
-2.484376 -1.549630 -40.000000


-9.937504 0.621094 -35.618750 
-6.521487 3.416017 -35.618750 
-8.387874 3.416017 -37.500000 
-9.937504 0.621094 -35.618750


-12.735532 0.621094 -44.375000 
-12.111333 2.487481 -41.250000 
-12.111333 1.552735 -46.256250 
-12.735532 0.621094 -44.375000


-9.630062 5.279299 -41.875000 
-12.111333 1.552735 -46.256250 
-12.111333 2.487481 -41.250000 
-9.630062 5.279299 -41.875000


-3.102365 -0.621094 -61.250000 
-2.170724 -1.242188 -55.000000 
0.310547 -4.034006 -56.875000 
-3.102365 -0.621094 -61.250000


-9.937504 3.726564 -39.368750 
-12.111333 2.487481 -41.250000 
-12.421880 0.310547 -38.743750 
-9.937504 3.726564 -39.368750


-9.937504 3.726564 -39.368750 
-9.630062 5.279299 -41.875000 
-12.111333 2.487481 -41.250000 
-9.937504 3.726564 -39.368750


-8.074222 6.521487 -41.868750 
-7.763675 6.524592 -45.000000 
-9.630062 5.279299 -41.875000 
-8.074222 6.521487 -41.868750


-8.074222 6.521487 -41.868750 
-9.630062 5.279299 -41.875000 
-9.937504 3.726564 -39.368750 
-8.074222 6.521487 -41.868750


-12.735532 0.621094 -44.375000 
-14.285162 -1.549630 -46.250000 
-14.285162 -1.552735 -43.131250 
-12.735532 0.621094 -44.375000


-14.285162 -1.549630 -46.250000 
-16.151549 -5.279299 -43.750000 
-14.285162 -1.552735 -43.131250 
-14.285162 -1.549630 -46.250000


-16.151549 -5.279299 -43.750000 
-15.530455 -1.863282 -40.000000 
-14.285162 -1.552735 -43.131250 
-16.151549 -5.279299 -43.750000


-16.462096 -4.347658 -40.000000 
-15.530455 -1.863282 -40.000000 
-16.151549 -5.279299 -43.750000 
-16.462096 -4.347658 -40.000000


-9.630062 5.279299 -41.875000 
-10.872250 2.484376 -47.500000 
-12.111333 1.552735 -46.256250 
-9.630062 5.279299 -41.875000


-8.074222 5.282404 -56.875000 
-9.937504 2.173829 -59.381250 
-9.937504 2.798028 -55.625000 
-8.074222 5.282404 -56.875000


-15.530455 -1.863282 -40.000000 
-14.285162 -2.484376 -37.493750 
-13.974615 -0.621094 -39.368750 
-15.530455 -1.863282 -40.000000


-12.111333 2.487481 -41.250000 
-15.530455 -1.863282 -40.000000 
-13.974615 -0.621094 -39.368750 
-12.111333 2.487481 -41.250000


-4.965647 4.037111 -60.625000 
-5.900393 5.900393 -59.381250 
-4.655100 5.279299 -53.750000 
-4.965647 4.037111 -60.625000


-4.344553 1.552735 -56.875000 
-4.965647 4.037111 -60.625000 
-4.655100 5.279299 -53.750000 
-4.344553 1.552735 -56.875000


-13.974615 -0.621094 -39.368750 
-12.111333 -1.863282 -34.993750 
-12.421880 0.310547 -38.743750 
-13.974615 -0.621094 -39.368750


-13.974615 -0.621094 -39.368750 
-14.285162 -2.484376 -37.493750 
-12.111333 -1.863282 -34.993750 
-13.974615 -0.621094 -39.368750


-8.695316 -1.242188 -67.506250 
-4.968752 0.000000 -70.631250 
-6.521487 -0.621094 -68.756250 
-8.695316 -1.242188 -67.506250


-5.279299 0.931641 -69.381250 
-4.968752 0.000000 -70.631250 
-8.695316 -1.242188 -67.506250 
-5.279299 0.931641 -69.381250


-11.800786 -4.040216 -58.750000 
-3.726564 -9.937504 -58.756250 
-12.421880 -4.968752 -56.881250 
-11.800786 -4.040216 -58.750000


-10.869145 0.931641 -58.131250 
-9.937504 2.798028 -55.625000 
-9.937504 2.173829 -59.381250 
-10.869145 0.931641 -58.131250


-9.316410 3.726564 -53.131250 
-9.937504 2.798028 -55.625000 
-10.869145 1.552735 -50.631250 
-9.316410 3.726564 -53.131250


-12.111333 -0.310547 -50.631250 
-10.869145 1.552735 -50.631250 
-9.937504 2.798028 -55.625000 
-12.111333 -0.310547 -50.631250


-9.937504 2.798028 -55.625000 
-10.869145 0.931641 -58.131250 
-12.114438 -0.621094 -57.500000 
-9.937504 2.798028 -55.625000


-12.732427 -5.900393 -55.006250 
-14.288267 -9.005863 -52.500000 
-13.667173 -3.105470 -53.125000 
-12.732427 -5.900393 -55.006250


6.521487 -4.655100 -33.750000 
8.695316 -6.521487 -37.506250 
7.456233 -5.589846 -40.000000 
6.521487 -4.655100 -33.750000


-12.111333 1.552735 -46.256250 
-14.285162 -1.549630 -46.250000 
-12.735532 0.621094 -44.375000 
-12.111333 1.552735 -46.256250


-12.421880 -4.968752 -56.881250 
-3.726564 -9.937504 -58.756250 
-14.906256 -11.490239 -52.506250 
-12.421880 -4.968752 -56.881250


-4.344553 1.552735 -56.875000 
-4.655100 5.279299 -53.750000 
-4.344553 2.794923 -54.375000 
-4.344553 1.552735 -56.875000


-15.530455 -8.074222 -46.250000 
-16.151549 -5.279299 -43.750000 
-14.595709 -5.900393 -48.131250 
-15.530455 -8.074222 -46.250000


-10.558598 -1.863282 -63.131250 
-8.695316 -1.242188 -67.506250 
-6.832034 -3.419122 -63.125000 
-10.558598 -1.863282 -63.131250


-5.900393 5.900393 -59.381250 
-8.074222 5.282404 -56.875000 
-6.521487 6.524592 -56.250000 
-5.900393 5.900393 -59.381250


-11.800786 -4.040216 -58.750000 
-3.416017 -8.384769 -60.631250 
-3.726564 -9.937504 -58.756250 
-11.800786 -4.040216 -58.750000


-5.589846 4.968752 -61.256250 
-5.900393 5.900393 -59.381250 
-4.965647 4.037111 -60.625000 
-5.589846 4.968752 -61.256250


-4.968752 0.000000 -70.631250 
-4.347658 -1.552735 -67.506250 
-6.521487 -0.621094 -68.756250 
-4.968752 0.000000 -70.631250


0.310547 -4.034006 -56.875000 
1.242188 -4.968752 -61.881250 
-3.102365 -0.621094 -61.250000 
0.310547 -4.034006 -56.875000


-11.800786 -2.794923 -60.631250 
-12.421880 -4.968752 -56.881250 
-12.114438 -2.173829 -58.750000 
-11.800786 -2.794923 -60.631250


-11.800786 -2.794923 -60.631250 
-11.800786 -4.040216 -58.750000 
-12.421880 -4.968752 -56.881250 
-11.800786 -2.794923 -60.631250


-3.412912 0.621094 -50.625000 
-4.655100 5.279299 -53.750000 
-4.655100 4.658205 -48.750000 
-3.412912 0.621094 -50.625000


-4.344553 2.794923 -54.375000 
-4.655100 5.279299 -53.750000 
-3.412912 0.621094 -50.625000 
-4.344553 2.794923 -54.375000


-6.210940 6.524592 -51.875000 
-9.316410 4.040216 -48.750000 
-6.521487 6.524592 -48.125000 
-6.210940 6.524592 -51.875000


-4.655100 4.658205 -48.750000 
-6.210940 6.524592 -51.875000 
-6.521487 6.524592 -48.125000 
-4.655100 4.658205 -48.750000


6.214045 -10.869145 -55.625000 
6.835139 -13.042974 -55.625000 
5.589846 -11.800786 -57.506250 
6.214045 -10.869145 -55.625000


-9.937504 2.173829 -59.381250 
-11.179692 -0.931641 -61.881250 
-10.869145 0.931641 -58.131250 
-9.937504 2.173829 -59.381250


-10.558598 -1.863282 -63.131250 
-11.800786 -2.794923 -60.631250 
-11.179692 -0.931641 -61.881250 
-10.558598 -1.863282 -63.131250


-11.800786 -2.794923 -60.631250 
-12.114438 -2.173829 -58.750000 
-11.179692 -0.931641 -61.881250 
-11.800786 -2.794923 -60.631250


5.282404 -6.210940 -51.875000 
1.863282 -4.655100 -50.000000 
6.214045 -6.210940 -46.875000 
5.282404 -6.210940 -51.875000


-8.074222 5.282404 -56.875000 
-9.937504 2.798028 -55.625000 
-9.316410 3.726564 -53.131250 
-8.074222 5.282404 -56.875000


-5.900393 5.900393 -59.381250 
-6.521487 6.524592 -56.250000 
-4.655100 5.279299 -53.750000 
-5.900393 5.900393 -59.381250


-15.530455 -9.316410 -49.375000 
-13.667173 -3.105470 -53.125000 
-14.288267 -9.005863 -52.500000 
-15.530455 -9.316410 -49.375000


-12.111333 -0.310547 -50.631250 
-12.114438 -0.621094 -57.500000 
-13.667173 -3.105470 -53.125000 
-12.111333 -0.310547 -50.631250


-12.732427 -5.900393 -55.006250 
-13.667173 -3.105470 -53.125000 
-12.421880 -4.968752 -56.881250 
-12.732427 -5.900393 -55.006250


-12.114438 -2.173829 -58.750000 
-12.421880 -4.968752 -56.881250 
-13.667173 -3.105470 -53.125000 
-12.114438 -2.173829 -58.750000


-12.114438 -0.621094 -57.500000 
-12.114438 -2.173829 -58.750000 
-13.667173 -3.105470 -53.125000 
-12.114438 -0.621094 -57.500000


-14.598814 -2.794923 -48.125000 
-14.595709 -5.900393 -48.131250 
-16.151549 -5.279299 -43.750000 
-14.598814 -2.794923 -48.125000


-14.598814 -2.794923 -48.125000 
-16.151549 -5.279299 -43.750000 
-14.285162 -1.549630 -46.250000 
-14.598814 -2.794923 -48.125000


-14.285162 -1.549630 -46.250000 
-12.111333 -0.310547 -50.631250 
-14.598814 -2.794923 -48.125000 
-14.285162 -1.549630 -46.250000


-12.111333 1.552735 -46.256250 
-12.111333 -0.310547 -50.631250 
-14.285162 -1.549630 -46.250000 
-12.111333 1.552735 -46.256250


10.872250 -18.011726 -51.250000 
6.835139 -13.042974 -55.625000 
9.008968 -14.285162 -51.250000 
10.872250 -18.011726 -51.250000


10.872250 -18.011726 -51.250000 
8.074222 -16.769538 -53.131250 
6.835139 -13.042974 -55.625000 
10.872250 -18.011726 -51.250000


-4.344553 1.552735 -56.875000 
-3.102365 -0.621094 -61.250000 
-4.965647 4.037111 -60.625000 
-4.344553 1.552735 -56.875000


0.621094 -7.763675 -61.881250 
-3.416017 -8.384769 -60.631250 
-3.726564 -5.900393 -61.881250 
0.621094 -7.763675 -61.881250


-11.800786 -4.040216 -58.750000 
-6.832034 -3.419122 -63.125000 
-3.416017 -8.384769 -60.631250 
-11.800786 -4.040216 -58.750000


0.931641 -9.005863 -60.006250 
-3.726564 -9.937504 -58.756250 
-3.416017 -8.384769 -60.631250 
0.931641 -9.005863 -60.006250


0.931641 -9.005863 -60.006250 
0.310547 -10.248051 -58.131250 
-3.726564 -9.937504 -58.756250 
0.931641 -9.005863 -60.006250


-11.800786 -2.794923 -60.631250 
-10.558598 -1.863282 -63.131250 
-6.832034 -3.419122 -63.125000 
-11.800786 -2.794923 -60.631250


-4.347658 -3.105470 -64.381250 
-1.242188 -3.726564 -64.381250 
-3.726564 -5.900393 -61.881250 
-4.347658 -3.105470 -64.381250


-5.279299 2.794923 -66.256250 
-5.589846 4.968752 -61.256250 
-4.965647 4.037111 -60.625000 
-5.279299 2.794923 -66.256250


-4.655100 0.931641 -63.750000 
-5.279299 2.794923 -66.256250 
-4.965647 4.037111 -60.625000 
-4.655100 0.931641 -63.750000


-1.242188 -3.726564 -64.381250 
-4.347658 -3.105470 -64.381250 
-4.347658 -1.552735 -67.506250 
-1.242188 -3.726564 -64.381250


-3.416017 -8.384769 -60.631250 
0.621094 -7.763675 -61.881250 
0.931641 -9.005863 -60.006250 
-3.416017 -8.384769 -60.631250


-11.800786 -4.040216 -58.750000 
-11.800786 -2.794923 -60.631250 
-6.832034 -3.419122 -63.125000 
-11.800786 -4.040216 -58.750000


-3.416017 -8.384769 -60.631250 
-6.832034 -3.419122 -63.125000 
-3.726564 -5.900393 -61.881250 
-3.416017 -8.384769 -60.631250


12.114438 -10.558598 -35.625000 
16.458991 -13.042974 -31.256250 
12.732427 -12.732427 -38.118750 
12.114438 -10.558598 -35.625000


-9.316410 4.040216 -48.750000 
-7.763675 6.524592 -45.000000 
-6.521487 6.524592 -48.125000 
-9.316410 4.040216 -48.750000


6.214045 -10.869145 -55.625000 
4.971857 -7.453128 -58.125000 
5.282404 -7.142581 -55.625000 
6.214045 -10.869145 -55.625000


-1.242188 -3.726564 -64.381250 
-4.655100 0.931641 -63.750000 
-3.102365 -0.621094 -61.250000 
-1.242188 -3.726564 -64.381250


-4.347658 -3.105470 -64.381250 
-8.695316 -1.242188 -67.506250 
-4.347658 -1.552735 -67.506250 
-4.347658 -3.105470 -64.381250


-4.655100 0.931641 -63.750000 
-1.242188 -3.726564 -64.381250 
-5.279299 2.794923 -66.256250 
-4.655100 0.931641 -63.750000


-1.242188 -3.726564 -64.381250 
-5.279299 0.931641 -69.381250 
-5.279299 2.794923 -66.256250 
-1.242188 -3.726564 -64.381250


-5.279299 0.931641 -69.381250 
-8.695316 -1.242188 -67.506250 
-5.279299 2.794923 -66.256250 
-5.279299 0.931641 -69.381250


-8.695316 -1.242188 -67.506250 
-8.384769 2.173829 -62.506250 
-5.279299 2.794923 -66.256250 
-8.695316 -1.242188 -67.506250


1.242188 -4.968752 -61.881250 
-1.242188 -3.726564 -64.381250 
-3.102365 -0.621094 -61.250000 
1.242188 -4.968752 -61.881250


1.242188 -4.968752 -61.881250 
0.000000 -4.655100 -63.125000 
-1.242188 -3.726564 -64.381250 
1.242188 -4.968752 -61.881250


-5.279299 2.794923 -66.256250 
-8.384769 2.173829 -62.506250 
-5.589846 4.968752 -61.256250 
-5.279299 2.794923 -66.256250


22.983583 -26.396495 -41.875000 
21.741395 -24.533213 -39.375000 
23.294130 -27.017589 -40.000000 
22.983583 -26.396495 -41.875000


-6.521487 6.524592 -56.250000 
-6.210940 6.524592 -51.875000 
-4.655100 5.279299 -53.750000 
-6.521487 6.524592 -56.250000


-4.344553 1.552735 -56.875000 
-2.170724 -1.242188 -55.000000 
-3.102365 -0.621094 -61.250000 
-4.344553 1.552735 -56.875000


2.173829 -5.276194 -55.000000 
0.310547 -4.034006 -56.875000 
-2.170724 -1.242188 -55.000000 
2.173829 -5.276194 -55.000000


-3.412912 0.621094 -50.625000 
0.000000 -3.102365 -49.375000 
-2.170724 -1.242188 -55.000000 
-3.412912 0.621094 -50.625000


-4.034006 1.552735 -43.750000 
-4.655100 4.658205 -48.750000 
-4.965647 4.658205 -41.875000 
-4.034006 1.552735 -43.750000


-4.034006 1.552735 -43.750000 
0.313652 -3.416017 -45.625000 
-4.655100 4.658205 -48.750000 
-4.034006 1.552735 -43.750000


-6.210940 6.524592 -51.875000 
-4.655100 4.658205 -48.750000 
-4.655100 5.279299 -53.750000 
-6.210940 6.524592 -51.875000


-6.210940 6.524592 -51.875000 
-9.316410 3.726564 -53.131250 
-9.316410 4.040216 -48.750000 
-6.210940 6.524592 -51.875000


7.142581 -5.900393 -29.368750 
6.521487 -4.655100 -33.750000 
5.900393 -4.968752 -29.993750 
7.142581 -5.900393 -29.368750


17.393737 -14.906256 -30.625000 
16.769538 -15.837897 -31.256250 
17.080085 -18.014831 -32.500000 
17.393737 -14.906256 -30.625000


3.726564 -5.276194 -46.250000 
1.863282 -4.655100 -50.000000 
0.000000 -3.102365 -49.375000 
3.726564 -5.276194 -46.250000


3.726564 -5.276194 -46.250000 
0.000000 -3.102365 -49.375000 
0.313652 -3.416017 -45.625000 
3.726564 -5.276194 -46.250000


5.282404 -6.210940 -51.875000 
6.214045 -6.210940 -46.875000 
6.835139 -7.142581 -48.750000 
5.282404 -6.210940 -51.875000


2.173829 -5.276194 -55.000000 
-2.170724 -1.242188 -55.000000 
1.863282 -4.655100 -50.000000 
2.173829 -5.276194 -55.000000


0.000000 -3.102365 -49.375000 
1.863282 -4.655100 -50.000000 
-2.170724 -1.242188 -55.000000 
0.000000 -3.102365 -49.375000


7.456233 -9.005863 -46.875000 
6.835139 -7.142581 -48.750000 
7.763675 -9.005863 -44.381250 
7.456233 -9.005863 -46.875000


3.726564 -5.276194 -46.250000 
5.589846 -5.276194 -42.500000 
6.214045 -6.210940 -46.875000 
3.726564 -5.276194 -46.250000


6.832034 -5.900393 -43.131250 
6.214045 -6.210940 -46.875000 
5.589846 -5.276194 -42.500000 
6.832034 -5.900393 -43.131250


1.863282 -4.655100 -50.000000 
3.726564 -5.276194 -46.250000 
6.214045 -6.210940 -46.875000 
1.863282 -4.655100 -50.000000


4.968752 -6.210940 -53.743750 
5.282404 -7.142581 -55.625000 
4.971857 -7.453128 -58.125000 
4.968752 -6.210940 -53.743750


2.173829 -5.276194 -55.000000 
4.968752 -6.210940 -53.743750 
4.971857 -7.453128 -58.125000 
2.173829 -5.276194 -55.000000


0.310547 -4.034006 -56.875000 
3.726564 -6.832034 -60.006250 
1.242188 -4.968752 -61.881250 
0.310547 -4.034006 -56.875000


0.621094 -3.723459 -39.375000 
-5.279299 4.658205 -36.243750 
3.416017 -4.037111 -33.756250 
0.621094 -3.723459 -39.375000


5.282404 -7.142581 -55.625000 
6.210940 -9.316410 -51.881250 
6.214045 -10.869145 -55.625000 
5.282404 -7.142581 -55.625000


5.282404 -6.210940 -51.875000 
6.835139 -7.142581 -48.750000 
6.210940 -9.316410 -51.881250 
5.282404 -6.210940 -51.875000


4.347658 -9.316410 -59.381250 
4.971857 -7.453128 -58.125000 
5.589846 -11.800786 -57.506250 
4.347658 -9.316410 -59.381250


6.214045 -10.869145 -55.625000 
5.589846 -11.800786 -57.506250 
4.971857 -7.453128 -58.125000 
6.214045 -10.869145 -55.625000


3.726564 -6.832034 -60.006250 
4.347658 -9.316410 -59.381250 
2.794923 -8.384769 -61.256250 
3.726564 -6.832034 -60.006250


5.282404 -6.210940 -51.875000 
5.282404 -7.142581 -55.625000 
4.968752 -6.210940 -53.743750 
5.282404 -6.210940 -51.875000


5.282404 -6.210940 -51.875000 
6.210940 -9.316410 -51.881250 
5.282404 -7.142581 -55.625000 
5.282404 -6.210940 -51.875000


1.863282 -4.655100 -50.000000 
4.968752 -6.210940 -53.743750 
2.173829 -5.276194 -55.000000 
1.863282 -4.655100 -50.000000


1.863282 -4.655100 -50.000000 
5.282404 -6.210940 -51.875000 
4.968752 -6.210940 -53.743750 
1.863282 -4.655100 -50.000000


3.726564 -6.832034 -60.006250 
2.794923 -8.384769 -61.256250 
1.242188 -4.968752 -61.881250 
3.726564 -6.832034 -60.006250


12.421880 -13.974615 -29.993750 
12.421880 -17.390632 -31.243750 
14.285162 -15.527350 -30.618750 
12.421880 -13.974615 -29.993750


-3.416017 -18.943367 -50.631250 
1.552735 -18.632820 -50.631250 
0.621094 -22.048837 -48.131250 
-3.416017 -18.943367 -50.631250


-3.416017 -18.943367 -50.631250 
0.621094 -22.048837 -48.131250 
-1.863282 -21.738290 -48.131250 
-3.416017 -18.943367 -50.631250


0.931641 -9.005863 -60.006250 
0.621094 -7.763675 -61.881250 
2.794923 -8.384769 -61.256250 
0.931641 -9.005863 -60.006250


6.835139 -13.042974 -55.625000 
8.074222 -16.769538 -53.131250 
6.832034 -15.216803 -54.381250 
6.835139 -13.042974 -55.625000


0.000000 -4.655100 -63.125000 
2.794923 -8.384769 -61.256250 
0.621094 -7.763675 -61.881250 
0.000000 -4.655100 -63.125000


0.000000 -4.655100 -63.125000 
1.242188 -4.968752 -61.881250 
2.794923 -8.384769 -61.256250 
0.000000 -4.655100 -63.125000


14.285162 -16.148444 -40.006250 
15.216803 -16.769538 -38.118750 
17.080085 -18.943367 -39.381250 
14.285162 -16.148444 -40.006250


4.971857 -7.453128 -58.125000 
3.726564 -6.832034 -60.006250 
0.310547 -4.034006 -56.875000 
4.971857 -7.453128 -58.125000


4.971857 -7.453128 -58.125000 
0.310547 -4.034006 -56.875000 
2.173829 -5.276194 -55.000000 
4.971857 -7.453128 -58.125000


4.347658 -9.316410 -59.381250 
3.726564 -6.832034 -60.006250 
4.971857 -7.453128 -58.125000 
4.347658 -9.316410 -59.381250


9.005863 -18.322273 -52.506250 
8.074222 -16.769538 -53.131250 
10.872250 -18.011726 -51.250000 
9.005863 -18.322273 -52.506250


-3.416017 -18.943367 -50.631250 
-4.037111 -17.080085 -51.881250 
1.552735 -18.632820 -50.631250 
-3.416017 -18.943367 -50.631250


4.037111 -13.353521 -55.631250 
2.173829 -11.800786 -56.881250 
5.589846 -11.800786 -57.506250 
4.037111 -13.353521 -55.631250


4.037111 -13.353521 -55.631250 
5.589846 -11.800786 -57.506250 
6.832034 -15.216803 -54.381250 
4.037111 -13.353521 -55.631250


6.835139 -13.042974 -55.625000 
6.832034 -15.216803 -54.381250 
5.589846 -11.800786 -57.506250 
6.835139 -13.042974 -55.625000


2.794923 -8.384769 -61.256250 
5.589846 -11.800786 -57.506250 
2.173829 -11.800786 -56.881250 
2.794923 -8.384769 -61.256250


4.347658 -9.316410 -59.381250 
5.589846 -11.800786 -57.506250 
2.794923 -8.384769 -61.256250 
4.347658 -9.316410 -59.381250


-3.105470 -14.285162 -53.756250 
0.000000 -12.111333 -56.256250 
3.726564 -14.906256 -54.381250 
-3.105470 -14.285162 -53.756250


3.726564 -14.906256 -54.381250 
3.416017 -16.769538 -52.506250 
-4.037111 -17.080085 -51.881250 
3.726564 -14.906256 -54.381250


3.726564 -14.906256 -54.381250 
-4.037111 -17.080085 -51.881250 
-3.105470 -14.285162 -53.756250 
3.726564 -14.906256 -54.381250


7.453128 -20.185555 -50.631250 
4.968752 -20.185555 -50.006250 
4.347658 -18.011726 -51.881250 
7.453128 -20.185555 -50.631250


-4.037111 -17.080085 -51.881250 
-3.726564 -15.837897 -52.506250 
-3.105470 -14.285162 -53.756250 
-4.037111 -17.080085 -51.881250


19.253914 -22.980478 -44.381250 
21.430848 -24.222666 -42.500000 
21.120301 -25.154307 -43.750000 
19.253914 -22.980478 -44.381250


3.726564 -14.906256 -54.381250 
6.832034 -15.216803 -54.381250 
4.347658 -18.011726 -51.881250 
3.726564 -14.906256 -54.381250


3.416017 -16.769538 -52.506250 
3.726564 -14.906256 -54.381250 
4.347658 -18.011726 -51.881250 
3.416017 -16.769538 -52.506250


6.832034 -15.216803 -54.381250 
9.005863 -18.322273 -52.506250 
4.347658 -18.011726 -51.881250 
6.832034 -15.216803 -54.381250


6.832034 -15.216803 -54.381250 
8.074222 -16.769538 -53.131250 
9.005863 -18.322273 -52.506250 
6.832034 -15.216803 -54.381250


2.794923 -20.496102 -49.381250 
0.621094 -22.048837 -48.131250 
1.552735 -18.632820 -50.631250 
2.794923 -20.496102 -49.381250


2.173829 -11.800786 -56.881250 
4.037111 -13.353521 -55.631250 
3.726564 -14.906256 -54.381250 
2.173829 -11.800786 -56.881250


0.000000 -12.111333 -56.256250 
2.173829 -11.800786 -56.881250 
3.726564 -14.906256 -54.381250 
0.000000 -12.111333 -56.256250


-4.037111 -17.080085 -51.881250 
3.416017 -16.769538 -52.506250 
1.552735 -18.632820 -50.631250 
-4.037111 -17.080085 -51.881250


4.347658 -18.011726 -51.881250 
4.968752 -20.185555 -50.006250 
2.794923 -20.496102 -49.381250 
4.347658 -18.011726 -51.881250


6.832034 -5.900393 -43.131250 
7.763675 -9.005863 -44.381250 
6.835139 -7.142581 -48.750000 
6.832034 -5.900393 -43.131250


6.832034 -5.900393 -43.131250 
6.835139 -7.142581 -48.750000 
6.214045 -6.210940 -46.875000 
6.832034 -5.900393 -43.131250


4.347658 -18.011726 -51.881250 
2.794923 -20.496102 -49.381250 
1.552735 -18.632820 -50.631250 
4.347658 -18.011726 -51.881250


3.416017 -16.769538 -52.506250 
4.347658 -18.011726 -51.881250 
1.552735 -18.632820 -50.631250 
3.416017 -16.769538 -52.506250


9.005863 -18.943367 -31.868750 
7.453128 -17.390632 -30.618750 
6.210940 -19.567566 -31.250000 
9.005863 -18.943367 -31.868750


3.105470 -23.291025 -31.243750 
-0.621094 -21.427743 -31.243750 
0.621094 -26.707042 -31.243750 
3.105470 -23.291025 -31.243750


2.484376 -26.707042 -31.868750 
4.658205 -27.949230 -33.118750 
7.142581 -25.464854 -33.118750 
2.484376 -26.707042 -31.868750


4.968752 -24.843760 -32.493750 
2.484376 -26.707042 -31.868750 
7.142581 -25.464854 -33.118750 
4.968752 -24.843760 -32.493750


7.456233 -5.589846 -40.000000 
2.794923 -4.655100 -40.000000 
6.521487 -4.655100 -33.750000 
7.456233 -5.589846 -40.000000


21.741395 -24.533213 -39.375000 
22.983583 -26.396495 -41.875000 
21.430848 -24.222666 -42.500000 
21.741395 -24.533213 -39.375000


11.803891 -12.421880 -40.000000 
9.316410 -11.490239 -44.368750 
9.937504 -9.937504 -40.006250 
11.803891 -12.421880 -40.000000


10.872250 -18.011726 -51.250000 
11.182797 -17.080085 -49.375000 
12.424985 -18.011726 -48.125000 
10.872250 -18.011726 -51.250000


17.080085 -19.253914 -41.243750 
19.567566 -21.738290 -41.250000 
16.769538 -20.806649 -44.381250 
17.080085 -19.253914 -41.243750


4.347658 -18.011726 -51.881250 
9.005863 -18.322273 -52.506250 
7.453128 -20.185555 -50.631250 
4.347658 -18.011726 -51.881250


13.974615 -20.806649 -48.756250 
13.353521 -21.427743 -50.006250 
10.872250 -18.011726 -51.250000 
13.974615 -20.806649 -48.756250


13.974615 -20.806649 -48.756250 
10.872250 -18.011726 -51.250000 
12.424985 -18.011726 -48.125000 
13.974615 -20.806649 -48.756250


9.008968 -14.285162 -51.250000 
6.214045 -10.869145 -55.625000 
7.766780 -12.111333 -50.625000 
9.008968 -14.285162 -51.250000


13.974615 -18.632820 -46.256250 
12.424985 -18.011726 -48.125000 
12.424985 -15.216803 -44.375000 
13.974615 -18.632820 -46.256250


6.214045 -10.869145 -55.625000 
8.387874 -10.558598 -48.750000 
7.766780 -12.111333 -50.625000 
6.214045 -10.869145 -55.625000


6.210940 -9.316410 -51.881250 
8.387874 -10.558598 -48.750000 
6.214045 -10.869145 -55.625000 
6.210940 -9.316410 -51.881250


17.080085 -18.014831 -32.500000 
18.635925 -19.875008 -33.750000 
17.393737 -14.906256 -30.625000 
17.080085 -18.014831 -32.500000


9.940609 -8.695316 -37.500000 
10.869145 -10.558598 -38.131250 
9.937504 -9.937504 -40.006250 
9.940609 -8.695316 -37.500000


9.940609 -8.695316 -37.500000 
12.111333 -8.695316 -32.506250 
12.114438 -10.558598 -35.625000 
9.940609 -8.695316 -37.500000


9.008968 -14.285162 -51.250000 
7.766780 -12.111333 -50.625000 
8.387874 -10.558598 -48.750000 
9.008968 -14.285162 -51.250000


9.008968 -14.285162 -51.250000 
8.387874 -10.558598 -48.750000 
9.319515 -13.353521 -48.750000 
9.008968 -14.285162 -51.250000


9.005863 -18.322273 -52.506250 
9.626957 -20.496102 -50.631250 
7.453128 -20.185555 -50.631250 
9.005863 -18.322273 -52.506250


9.008968 -14.285162 -51.250000 
9.626957 -14.906256 -50.006250 
11.182797 -17.080085 -49.375000 
9.008968 -14.285162 -51.250000


9.008968 -14.285162 -51.250000 
11.182797 -17.080085 -49.375000 
10.872250 -18.011726 -51.250000 
9.008968 -14.285162 -51.250000


9.319515 -13.353521 -48.750000 
9.626957 -14.906256 -50.006250 
9.008968 -14.285162 -51.250000 
9.319515 -13.353521 -48.750000


12.424985 -18.011726 -48.125000 
11.182797 -17.080085 -49.375000 
12.424985 -15.216803 -44.375000 
12.424985 -18.011726 -48.125000


9.316410 -27.020694 -46.875000 
7.453128 -23.601572 -48.131250 
9.626957 -25.464854 -47.506250 
9.316410 -27.020694 -46.875000


9.316410 -27.020694 -46.875000 
6.210940 -25.154307 -46.881250 
7.453128 -23.601572 -48.131250 
9.316410 -27.020694 -46.875000


7.456233 -9.005863 -46.875000 
8.387874 -10.558598 -48.750000 
6.835139 -7.142581 -48.750000 
7.456233 -9.005863 -46.875000


6.835139 -7.142581 -48.750000 
8.387874 -10.558598 -48.750000 
6.210940 -9.316410 -51.881250 
6.835139 -7.142581 -48.750000


9.626957 -14.906256 -50.006250 
9.319515 -13.353521 -48.750000 
11.182797 -17.080085 -49.375000 
9.626957 -14.906256 -50.006250


9.319515 -13.353521 -48.750000 
12.424985 -15.216803 -44.375000 
11.182797 -17.080085 -49.375000 
9.319515 -13.353521 -48.750000


-5.279299 4.658205 -36.243750 
-5.279299 2.484376 -33.118750 
3.416017 -4.037111 -33.756250 
-5.279299 4.658205 -36.243750


13.042974 -9.937504 -29.368750 
15.837897 -13.664068 -29.993750 
16.458991 -13.042974 -31.256250 
13.042974 -9.937504 -29.368750


12.114438 -10.558598 -35.625000 
10.869145 -10.558598 -38.131250 
9.940609 -8.695316 -37.500000 
12.114438 -10.558598 -35.625000


7.763675 -9.005863 -44.381250 
9.316410 -11.490239 -44.368750 
7.456233 -9.005863 -46.875000 
7.763675 -9.005863 -44.381250


8.387874 -10.558598 -48.750000 
7.456233 -9.005863 -46.875000 
9.316410 -11.490239 -44.368750 
8.387874 -10.558598 -48.750000


12.424985 -15.216803 -44.375000 
8.387874 -10.558598 -48.750000 
9.316410 -11.490239 -44.368750 
12.424985 -15.216803 -44.375000


12.424985 -15.216803 -44.375000 
9.319515 -13.353521 -48.750000 
8.387874 -10.558598 -48.750000 
12.424985 -15.216803 -44.375000


7.763675 -9.005863 -44.381250 
9.937504 -9.937504 -40.006250 
9.316410 -11.490239 -44.368750 
7.763675 -9.005863 -44.381250


14.285162 -16.148444 -40.006250 
12.424985 -15.216803 -44.375000 
11.803891 -12.421880 -40.000000 
14.285162 -16.148444 -40.006250


12.424985 -15.216803 -44.375000 
9.316410 -11.490239 -44.368750 
11.803891 -12.421880 -40.000000 
12.424985 -15.216803 -44.375000


5.589846 -5.276194 -42.500000 
-1.863282 -2.170724 -43.125000 
2.794923 -4.655100 -40.000000 
5.589846 -5.276194 -42.500000


5.589846 -5.276194 -42.500000 
0.313652 -3.416017 -45.625000 
-1.863282 -2.170724 -43.125000 
5.589846 -5.276194 -42.500000


7.763675 -9.005863 -44.381250 
6.832034 -5.900393 -43.131250 
9.937504 -9.937504 -40.006250 
7.763675 -9.005863 -44.381250


9.937504 -9.937504 -40.006250 
8.695316 -6.521487 -37.506250 
9.940609 -8.695316 -37.500000 
9.937504 -9.937504 -40.006250


9.626957 -25.464854 -47.506250 
10.558598 -23.601572 -48.756250 
13.353521 -25.464854 -48.131250 
9.626957 -25.464854 -47.506250


19.567566 -21.738290 -41.250000 
21.117196 -23.291025 -38.131250 
21.430848 -24.222666 -42.500000 
19.567566 -21.738290 -41.250000


21.741395 -24.533213 -39.375000 
21.430848 -24.222666 -42.500000 
21.117196 -23.291025 -38.131250 
21.741395 -24.533213 -39.375000


10.869145 -10.558598 -38.131250 
12.732427 -12.732427 -38.118750 
11.803891 -12.421880 -40.000000 
10.869145 -10.558598 -38.131250


2.487481 -11.490239 -26.875000 
9.626957 -7.142581 -29.368750 
7.142581 -5.900393 -29.368750 
2.487481 -11.490239 -26.875000


13.974615 -18.632820 -46.256250 
16.769538 -20.806649 -44.381250 
17.080085 -23.912119 -48.756250 
13.974615 -18.632820 -46.256250


13.974615 -20.806649 -48.756250 
13.974615 -18.632820 -46.256250 
17.080085 -23.912119 -48.756250 
13.974615 -20.806649 -48.756250


9.005863 -6.521487 -34.381250 
12.111333 -8.695316 -32.506250 
8.695316 -6.521487 -37.506250 
9.005863 -6.521487 -34.381250


9.940609 -8.695316 -37.500000 
8.695316 -6.521487 -37.506250 
12.111333 -8.695316 -32.506250 
9.940609 -8.695316 -37.500000


6.832034 -5.900393 -43.131250 
5.589846 -5.276194 -42.500000 
7.456233 -5.589846 -40.000000 
6.832034 -5.900393 -43.131250


8.695316 -6.521487 -37.506250 
9.937504 -9.937504 -40.006250 
7.456233 -5.589846 -40.000000 
8.695316 -6.521487 -37.506250


9.937504 -9.937504 -40.006250 
6.832034 -5.900393 -43.131250 
7.456233 -5.589846 -40.000000 
9.937504 -9.937504 -40.006250


6.832034 -29.191418 -33.743750 
7.453128 -34.160170 -33.743750 
12.111333 -30.123059 -33.743750 
6.832034 -29.191418 -33.743750


0.621094 -3.723459 -39.375000 
2.794923 -4.655100 -40.000000 
-1.863282 -2.170724 -43.125000 
0.621094 -3.723459 -39.375000


12.732427 -19.564461 -32.493750 
15.216803 -20.185555 -33.118750 
12.421880 -17.390632 -31.243750 
12.732427 -19.564461 -32.493750


0.000000 -10.248051 -25.618750 
2.487481 -11.490239 -26.875000 
7.142581 -5.900393 -29.368750 
0.000000 -10.248051 -25.618750


12.421880 -13.974615 -29.993750 
14.285162 -15.527350 -30.618750 
15.837897 -13.664068 -29.993750 
12.421880 -13.974615 -29.993750


9.626957 -7.142581 -29.368750 
10.869145 -7.760570 -31.250000 
9.316410 -6.832034 -32.506250 
9.626957 -7.142581 -29.368750


-4.034006 -6.521487 -21.250000 
0.000000 -10.248051 -25.618750 
7.142581 -5.900393 -29.368750 
-4.034006 -6.521487 -21.250000


-0.931641 -11.800786 -24.993750 
2.487481 -11.490239 -26.875000 
0.000000 -10.248051 -25.618750 
-0.931641 -11.800786 -24.993750


-4.034006 -6.521487 -21.250000 
7.142581 -5.900393 -29.368750 
5.900393 -4.968752 -29.993750 
-4.034006 -6.521487 -21.250000


-4.034006 -6.521487 -21.250000 
5.900393 -4.968752 -29.993750 
1.863282 -4.347658 -29.993750 
-4.034006 -6.521487 -21.250000


3.416017 -4.037111 -33.756250 
2.794923 -4.655100 -40.000000 
0.621094 -3.723459 -39.375000 
3.416017 -4.037111 -33.756250


10.869145 -10.558598 -38.131250 
12.114438 -10.558598 -35.625000 
12.732427 -12.732427 -38.118750 
10.869145 -10.558598 -38.131250


17.393737 -14.906256 -30.625000 
15.837897 -13.664068 -29.993750 
14.285162 -15.527350 -30.618750 
17.393737 -14.906256 -30.625000


16.769538 -15.837897 -31.256250 
17.393737 -14.906256 -30.625000 
14.285162 -15.527350 -30.618750 
16.769538 -15.837897 -31.256250


3.105470 -23.291025 -31.243750 
6.210940 -19.567566 -31.250000 
3.416017 -19.253914 -30.618750 
3.105470 -23.291025 -31.243750


12.111333 -8.695316 -32.506250 
10.869145 -7.760570 -31.250000 
13.353521 -9.937504 -31.256250 
12.111333 -8.695316 -32.506250


10.869145 -7.760570 -31.250000 
13.042974 -9.937504 -29.368750 
13.353521 -9.937504 -31.256250 
10.869145 -7.760570 -31.250000


19.253914 -22.980478 -44.381250 
21.117196 -27.020694 -47.500000 
17.080085 -23.912119 -48.756250 
19.253914 -22.980478 -44.381250


12.114438 -10.558598 -35.625000 
12.111333 -8.695316 -32.506250 
16.458991 -13.042974 -31.256250 
12.114438 -10.558598 -35.625000


13.353521 -9.937504 -31.256250 
16.458991 -13.042974 -31.256250 
12.111333 -8.695316 -32.506250 
13.353521 -9.937504 -31.256250


17.080085 -18.014831 -32.500000 
15.216803 -20.185555 -33.118750 
18.635925 -19.875008 -33.750000 
17.080085 -18.014831 -32.500000


14.285162 -29.194523 -33.750000 
18.632820 -28.570324 -33.743750 
15.837897 -26.396495 -33.743750 
14.285162 -29.194523 -33.750000


12.732427 -12.732427 -38.118750 
16.458991 -13.042974 -31.256250 
16.458991 -14.595709 -32.506250 
12.732427 -12.732427 -38.118750


7.453128 -17.390632 -30.618750 
8.384769 -14.906256 -29.993750 
5.279299 -14.288267 -29.375000 
7.453128 -17.390632 -30.618750


12.421880 -13.974615 -29.993750 
13.042974 -9.937504 -29.368750 
9.626957 -13.664068 -29.368750 
12.421880 -13.974615 -29.993750


9.626957 -13.664068 -29.368750 
2.487481 -11.490239 -26.875000 
5.279299 -14.288267 -29.375000 
9.626957 -13.664068 -29.368750


9.626957 -13.664068 -29.368750 
9.626957 -7.142581 -29.368750 
2.487481 -11.490239 -26.875000 
9.626957 -13.664068 -29.368750


5.279299 -14.288267 -29.375000 
8.384769 -14.906256 -29.993750 
9.626957 -13.664068 -29.368750 
5.279299 -14.288267 -29.375000


13.042974 -9.937504 -29.368750 
9.626957 -7.142581 -29.368750 
9.626957 -13.664068 -29.368750 
13.042974 -9.937504 -29.368750


13.042974 -9.937504 -29.368750 
10.869145 -7.760570 -31.250000 
9.626957 -7.142581 -29.368750 
13.042974 -9.937504 -29.368750


22.983583 -27.949230 -36.250000 
24.225771 -31.675794 -40.000000 
23.294130 -27.017589 -40.000000 
22.983583 -27.949230 -36.250000


16.458991 -14.595709 -32.506250 
17.393737 -14.906256 -30.625000 
18.635925 -19.875008 -33.750000 
16.458991 -14.595709 -32.506250


9.005863 -18.943367 -31.868750 
12.421880 -17.390632 -31.243750 
7.453128 -17.390632 -30.618750 
9.005863 -18.943367 -31.868750


14.906256 -35.712905 -38.131250 
13.042974 -36.644546 -37.506250 
11.179692 -33.849623 -38.756250 
14.906256 -35.712905 -38.131250


5.279299 -14.288267 -29.375000 
2.487481 -11.490239 -26.875000 
3.416017 -19.253914 -30.618750 
5.279299 -14.288267 -29.375000


2.487481 -11.490239 -26.875000 
-0.931641 -11.800786 -24.993750 
3.416017 -19.253914 -30.618750 
2.487481 -11.490239 -26.875000


-0.931641 -11.800786 -24.993750 
-3.416017 -13.042974 -24.368750 
3.416017 -19.253914 -30.618750 
-0.931641 -11.800786 -24.993750


7.453128 -17.390632 -30.618750 
5.279299 -14.288267 -29.375000 
3.416017 -19.253914 -30.618750 
7.453128 -17.390632 -30.618750


6.210940 -19.567566 -31.250000 
7.453128 -17.390632 -30.618750 
3.416017 -19.253914 -30.618750 
6.210940 -19.567566 -31.250000


16.769538 -15.837897 -31.256250 
14.285162 -15.527350 -30.618750 
17.080085 -18.014831 -32.500000 
16.769538 -15.837897 -31.256250


16.458991 -13.042974 -31.256250 
17.393737 -14.906256 -30.625000 
16.458991 -14.595709 -32.506250 
16.458991 -13.042974 -31.256250


16.458991 -13.042974 -31.256250 
15.837897 -13.664068 -29.993750 
17.393737 -14.906256 -30.625000 
16.458991 -13.042974 -31.256250


16.458991 -14.595709 -32.506250 
17.080085 -18.943367 -39.381250 
15.216803 -16.769538 -38.118750 
16.458991 -14.595709 -32.506250


19.253914 -20.806649 -39.368750 
16.458991 -14.595709 -32.506250 
18.635925 -19.875008 -33.750000 
19.253914 -20.806649 -39.368750


1.552735 -31.054700 -31.868750 
2.484376 -26.707042 -31.868750 
0.621094 -26.707042 -31.243750 
1.552735 -31.054700 -31.868750


1.552735 -31.054700 -31.868750 
0.621094 -26.707042 -31.243750 
-0.310547 -27.949230 -31.243750 
1.552735 -31.054700 -31.868750


17.080085 -18.943367 -39.381250 
19.253914 -20.806649 -39.368750 
17.080085 -19.253914 -41.243750 
17.080085 -18.943367 -39.381250


17.080085 -19.253914 -41.243750 
19.253914 -20.806649 -39.368750 
19.567566 -21.738290 -41.250000 
17.080085 -19.253914 -41.243750


17.080085 -18.943367 -39.381250 
16.458991 -14.595709 -32.506250 
19.253914 -20.806649 -39.368750 
17.080085 -18.943367 -39.381250


9.626957 -25.464854 -47.506250 
7.453128 -23.601572 -48.131250 
10.558598 -23.601572 -48.756250 
9.626957 -25.464854 -47.506250


10.558598 -36.644546 -34.368750 
7.453128 -34.160170 -33.743750 
9.626957 -37.886734 -34.368750 
10.558598 -36.644546 -34.368750


15.216803 -24.533213 -48.756250 
13.353521 -25.464854 -48.131250 
13.353521 -21.427743 -50.006250 
15.216803 -24.533213 -48.756250


20.496102 -28.880871 -33.743750 
23.294130 -29.501965 -35.000000 
22.669931 -25.464854 -33.743750 
20.496102 -28.880871 -33.743750


22.983583 -27.949230 -36.250000 
22.669931 -25.464854 -33.743750 
23.294130 -29.501965 -35.000000 
22.983583 -27.949230 -36.250000


19.253914 -20.806649 -39.368750 
18.635925 -19.875008 -33.750000 
21.117196 -23.291025 -38.131250 
19.253914 -20.806649 -39.368750


20.496102 -28.880871 -33.743750 
22.669931 -25.464854 -33.743750 
18.632820 -28.570324 -33.743750 
20.496102 -28.880871 -33.743750


14.285162 -29.194523 -33.750000 
9.937504 -24.843760 -33.743750 
12.111333 -30.123059 -33.743750 
14.285162 -29.194523 -33.750000


22.669931 -25.464854 -33.743750 
18.635925 -19.875008 -33.750000 
15.837897 -26.396495 -33.743750 
22.669931 -25.464854 -33.743750


22.669931 -25.464854 -33.743750 
20.496102 -23.291025 -35.006250 
18.635925 -19.875008 -33.750000 
22.669931 -25.464854 -33.743750


7.142581 -25.464854 -33.118750 
4.658205 -27.949230 -33.118750 
6.832034 -29.191418 -33.743750 
7.142581 -25.464854 -33.118750


22.980478 -31.054700 -34.993750 
20.496102 -28.880871 -33.743750 
22.669931 -34.160170 -34.993750 
22.980478 -31.054700 -34.993750


18.632820 -28.570324 -33.743750 
15.216803 -30.744153 -34.368750 
17.701179 -31.986341 -34.993750 
18.632820 -28.570324 -33.743750


4.658205 -27.949230 -33.118750 
1.552735 -31.054700 -31.868750 
6.832034 -29.191418 -33.743750 
4.658205 -27.949230 -33.118750


15.216803 -30.744153 -34.368750 
18.632820 -28.570324 -33.743750 
14.285162 -29.194523 -33.750000 
15.216803 -30.744153 -34.368750


22.669931 -25.464854 -33.743750 
15.837897 -26.396495 -33.743750 
18.632820 -28.570324 -33.743750 
22.669931 -25.464854 -33.743750


9.626957 -35.712905 -36.881250 
6.210940 -37.576187 -34.381250 
6.832034 -36.023452 -35.631250 
9.626957 -35.712905 -36.881250


7.142581 -23.912119 -32.493750 
9.937504 -24.843760 -33.743750 
9.005863 -23.601572 -33.118750 
7.142581 -23.912119 -32.493750


20.496102 -28.880871 -33.743750 
17.701179 -31.986341 -34.993750 
22.669931 -34.160170 -34.993750 
20.496102 -28.880871 -33.743750


4.968752 -20.185555 -50.006250 
7.453128 -20.185555 -50.631250 
6.521487 -21.738290 -49.381250 
4.968752 -20.185555 -50.006250


3.416017 -19.253914 -30.618750 
-0.621094 -21.427743 -31.243750 
3.105470 -23.291025 -31.243750 
3.416017 -19.253914 -30.618750


0.621094 -26.707042 -31.243750 
-0.621094 -21.427743 -31.243750 
-2.173829 -25.775401 -31.868750 
0.621094 -26.707042 -31.243750


0.621094 -26.707042 -31.243750 
2.484376 -26.707042 -31.868750 
3.105470 -23.291025 -31.243750 
0.621094 -26.707042 -31.243750


15.216803 -20.185555 -33.118750 
15.837897 -26.396495 -33.743750 
18.635925 -19.875008 -33.750000 
15.216803 -20.185555 -33.118750


9.626957 -35.712905 -36.881250 
8.695316 -33.849623 -38.131250 
11.179692 -33.849623 -38.756250 
9.626957 -35.712905 -36.881250


2.484376 -26.707042 -31.868750 
1.552735 -31.054700 -31.868750 
4.658205 -27.949230 -33.118750 
2.484376 -26.707042 -31.868750


3.105470 -23.291025 -31.243750 
4.968752 -24.843760 -32.493750 
7.142581 -23.912119 -32.493750 
3.105470 -23.291025 -31.243750


6.210940 -19.567566 -31.250000 
3.105470 -23.291025 -31.243750 
7.142581 -23.912119 -32.493750 
6.210940 -19.567566 -31.250000


9.626957 -35.712905 -36.881250 
4.037111 -34.781264 -36.881250 
8.695316 -33.849623 -38.131250 
9.626957 -35.712905 -36.881250


6.832034 -33.849623 -37.506250 
8.695316 -33.849623 -38.131250 
4.037111 -34.781264 -36.881250 
6.832034 -33.849623 -37.506250


12.111333 -30.123059 -33.743750 
7.142581 -25.464854 -33.118750 
6.832034 -29.191418 -33.743750 
12.111333 -30.123059 -33.743750


12.111333 -30.123059 -33.743750 
7.142581 -23.912119 -32.493750 
7.142581 -25.464854 -33.118750 
12.111333 -30.123059 -33.743750


12.111333 -30.123059 -33.743750 
9.937504 -24.843760 -33.743750 
7.142581 -23.912119 -32.493750 
12.111333 -30.123059 -33.743750


21.117196 -27.020694 -47.500000 
21.117196 -34.160170 -39.381250 
19.878113 -27.328136 -46.875000 
21.117196 -27.020694 -47.500000


14.906256 -34.160170 -34.993750 
15.216803 -30.744153 -34.368750 
12.111333 -30.123059 -33.743750 
14.906256 -34.160170 -34.993750


15.216803 -30.744153 -34.368750 
14.285162 -29.194523 -33.750000 
12.111333 -30.123059 -33.743750 
15.216803 -30.744153 -34.368750


14.906256 -34.160170 -34.993750 
12.111333 -30.123059 -33.743750 
10.558598 -36.644546 -34.368750 
14.906256 -34.160170 -34.993750


9.937504 -24.843760 -33.743750 
15.837897 -26.396495 -33.743750 
9.005863 -23.601572 -33.118750 
9.937504 -24.843760 -33.743750


15.837897 -26.396495 -33.743750 
12.732427 -19.564461 -32.493750 
9.005863 -23.601572 -33.118750 
15.837897 -26.396495 -33.743750


12.732427 -19.564461 -32.493750 
15.837897 -26.396495 -33.743750 
15.216803 -20.185555 -33.118750 
12.732427 -19.564461 -32.493750


14.285162 -29.194523 -33.750000 
15.837897 -26.396495 -33.743750 
9.937504 -24.843760 -33.743750 
14.285162 -29.194523 -33.750000


7.142581 -23.912119 -32.493750 
9.005863 -23.601572 -33.118750 
9.937504 -20.496102 -32.493750 
7.142581 -23.912119 -32.493750


7.142581 -23.912119 -32.493750 
9.937504 -20.496102 -32.493750 
6.210940 -19.567566 -31.250000 
7.142581 -23.912119 -32.493750


22.669931 -34.160170 -34.993750 
24.225771 -31.675794 -40.000000 
22.980478 -31.054700 -34.993750 
22.669931 -34.160170 -34.993750


22.669931 -34.160170 -34.993750 
23.294130 -33.539076 -39.375000 
24.225771 -31.675794 -40.000000 
22.669931 -34.160170 -34.993750


9.626957 -37.886734 -34.368750 
7.453128 -34.160170 -33.743750 
4.968752 -36.023452 -33.743750 
9.626957 -37.886734 -34.368750


19.564461 -36.333999 -38.131250 
21.738290 -35.712905 -38.756250 
21.738290 -36.958198 -37.500000 
19.564461 -36.333999 -38.131250


21.738290 -35.712905 -38.756250 
19.564461 -36.333999 -38.131250 
18.322273 -33.849623 -39.381250 
21.738290 -35.712905 -38.756250


21.117196 -34.160170 -39.381250 
21.738290 -35.712905 -38.756250 
18.322273 -33.849623 -39.381250 
21.117196 -34.160170 -39.381250


11.800786 -38.507828 -34.993750 
9.626957 -37.886734 -34.368750 
6.210940 -37.576187 -34.381250 
11.800786 -38.507828 -34.993750


9.626957 -35.712905 -36.881250 
11.800786 -38.507828 -34.993750 
6.210940 -37.576187 -34.381250 
9.626957 -35.712905 -36.881250


24.225771 -31.675794 -40.000000 
23.294130 -33.539076 -39.375000 
23.915224 -29.501965 -41.875000 
24.225771 -31.675794 -40.000000


3.726564 -35.091811 -33.118750 
4.968752 -36.023452 -33.743750 
7.453128 -34.160170 -33.743750 
3.726564 -35.091811 -33.118750


4.968752 -36.023452 -33.743750 
3.726564 -35.091811 -33.118750 
3.105470 -37.268745 -33.125000 
4.968752 -36.023452 -33.743750


3.105470 -35.712905 -36.256250 
6.832034 -36.023452 -35.631250 
6.210940 -37.576187 -34.381250 
3.105470 -35.712905 -36.256250


3.726564 -35.091811 -33.118750 
7.453128 -34.160170 -33.743750 
2.484376 -32.917982 -32.493750 
3.726564 -35.091811 -33.118750


7.453128 -34.160170 -33.743750 
1.552735 -31.054700 -31.868750 
2.484376 -32.917982 -32.493750 
7.453128 -34.160170 -33.743750


7.453128 -34.160170 -33.743750 
6.832034 -29.191418 -33.743750 
1.552735 -31.054700 -31.868750 
7.453128 -34.160170 -33.743750


0.000000 -33.849623 -36.881250 
4.037111 -34.781264 -36.881250 
3.105470 -35.712905 -36.256250 
0.000000 -33.849623 -36.881250


6.210940 -37.576187 -34.381250 
3.105470 -37.268745 -33.125000 
3.105470 -35.712905 -36.256250 
6.210940 -37.576187 -34.381250


3.105470 -37.268745 -33.125000 
0.310547 -35.712905 -33.756250 
3.105470 -35.712905 -36.256250 
3.105470 -37.268745 -33.125000


0.310547 -35.712905 -33.756250 
0.000000 -33.849623 -36.881250 
3.105470 -35.712905 -36.256250 
0.310547 -35.712905 -33.756250


16.458991 -34.781264 -34.993750 
15.837897 -39.128922 -35.618750 
17.390632 -36.333999 -35.618750 
16.458991 -34.781264 -34.993750


13.042974 -36.644546 -37.506250 
11.800786 -38.507828 -34.993750 
11.490239 -36.333999 -36.881250 
13.042974 -36.644546 -37.506250


16.458991 -34.781264 -34.993750 
10.558598 -36.644546 -34.368750 
11.800786 -38.507828 -34.993750 
16.458991 -34.781264 -34.993750


11.800786 -38.507828 -34.993750 
10.558598 -36.644546 -34.368750 
9.626957 -37.886734 -34.368750 
11.800786 -38.507828 -34.993750


11.800786 -38.507828 -34.993750 
9.626957 -35.712905 -36.881250 
11.490239 -36.333999 -36.881250 
11.800786 -38.507828 -34.993750


13.042974 -36.644546 -37.506250 
15.837897 -39.128922 -35.618750 
11.800786 -38.507828 -34.993750 
13.042974 -36.644546 -37.506250


19.875008 -37.889839 -36.250000 
18.011726 -38.507828 -36.243750 
21.738290 -36.958198 -37.500000 
19.875008 -37.889839 -36.250000


19.564461 -36.333999 -38.131250 
21.738290 -36.958198 -37.500000 
18.011726 -38.507828 -36.243750 
19.564461 -36.333999 -38.131250


15.837897 -39.128922 -35.618750 
19.875008 -37.889839 -36.250000 
17.390632 -36.333999 -35.618750 
15.837897 -39.128922 -35.618750


15.837897 -39.128922 -35.618750 
18.011726 -38.507828 -36.243750 
19.875008 -37.889839 -36.250000 
15.837897 -39.128922 -35.618750


19.253914 -20.806649 -39.368750 
21.117196 -23.291025 -38.131250 
19.567566 -21.738290 -41.250000 
19.253914 -20.806649 -39.368750


21.738290 -36.958198 -37.500000 
22.669931 -34.160170 -34.993750 
21.427743 -36.023452 -35.618750 
21.738290 -36.958198 -37.500000


19.564461 -36.333999 -38.131250 
17.390632 -36.644546 -38.131250 
18.322273 -33.849623 -39.381250 
19.564461 -36.333999 -38.131250


17.390632 -36.333999 -35.618750 
19.875008 -37.889839 -36.250000 
21.427743 -36.023452 -35.618750 
17.390632 -36.333999 -35.618750


16.458991 -34.781264 -34.993750 
17.390632 -36.333999 -35.618750 
21.427743 -36.023452 -35.618750 
16.458991 -34.781264 -34.993750


22.669931 -34.160170 -34.993750 
16.458991 -34.781264 -34.993750 
21.427743 -36.023452 -35.618750 
22.669931 -34.160170 -34.993750


23.294130 -29.501965 -35.000000 
22.980478 -31.054700 -34.993750 
24.225771 -31.675794 -40.000000 
23.294130 -29.501965 -35.000000


22.983583 -27.949230 -36.250000 
23.294130 -29.501965 -35.000000 
24.225771 -31.675794 -40.000000 
22.983583 -27.949230 -36.250000


15.837897 -39.128922 -35.618750 
13.042974 -36.644546 -37.506250 
17.390632 -36.644546 -38.131250 
15.837897 -39.128922 -35.618750


14.906256 -35.712905 -38.131250 
17.390632 -36.644546 -38.131250 
13.042974 -36.644546 -37.506250 
14.906256 -35.712905 -38.131250


18.011726 -38.507828 -36.243750 
15.837897 -39.128922 -35.618750 
17.390632 -36.644546 -38.131250 
18.011726 -38.507828 -36.243750


19.564461 -36.333999 -38.131250 
18.011726 -38.507828 -36.243750 
17.390632 -36.644546 -38.131250 
19.564461 -36.333999 -38.131250


19.567566 -21.738290 -41.250000 
21.430848 -24.222666 -42.500000 
19.253914 -22.980478 -44.381250 
19.567566 -21.738290 -41.250000


21.738290 -36.958198 -37.500000 
21.738290 -35.712905 -38.756250 
23.294130 -33.539076 -39.375000 
21.738290 -36.958198 -37.500000


22.669931 -34.160170 -34.993750 
21.738290 -36.958198 -37.500000 
23.294130 -33.539076 -39.375000 
22.669931 -34.160170 -34.993750


21.741395 -24.533213 -39.375000 
22.669931 -25.464854 -33.743750 
23.294130 -27.017589 -40.000000 
21.741395 -24.533213 -39.375000


21.738290 -35.712905 -38.756250 
21.117196 -34.160170 -39.381250 
23.294130 -33.539076 -39.375000 
21.738290 -35.712905 -38.756250


6.521487 -21.738290 -49.381250 
7.453128 -20.185555 -50.631250 
9.626957 -20.496102 -50.631250 
6.521487 -21.738290 -49.381250


17.080085 -23.912119 -48.756250 
21.117196 -27.020694 -47.500000 
16.769538 -25.154307 -48.131250 
17.080085 -23.912119 -48.756250


23.294130 -33.539076 -39.375000 
21.117196 -27.020694 -47.500000 
23.915224 -29.501965 -41.875000 
23.294130 -33.539076 -39.375000


23.294130 -33.539076 -39.375000 
21.117196 -34.160170 -39.381250 
21.117196 -27.020694 -47.500000 
23.294130 -33.539076 -39.375000


18.322273 -33.849623 -39.381250 
18.322273 -32.917982 -40.006250 
21.117196 -34.160170 -39.381250 
18.322273 -33.849623 -39.381250


0.621094 -22.048837 -48.131250 
6.210940 -25.154307 -46.881250 
-2.794923 -23.291025 -46.868750 
0.621094 -22.048837 -48.131250


22.669931 -25.464854 -33.743750 
22.983583 -27.949230 -36.250000 
23.294130 -27.017589 -40.000000 
22.669931 -25.464854 -33.743750


22.669931 -25.464854 -33.743750 
21.741395 -24.533213 -39.375000 
21.117196 -23.291025 -38.131250 
22.669931 -25.464854 -33.743750


17.390632 -28.259777 -46.868750 
12.732427 -27.952335 -46.875000 
13.353521 -25.464854 -48.131250 
17.390632 -28.259777 -46.868750


24.225771 -31.675794 -40.000000 
23.915224 -29.501965 -41.875000 
23.294130 -27.017589 -40.000000 
24.225771 -31.675794 -40.000000


17.390632 -28.259777 -46.868750 
13.353521 -25.464854 -48.131250 
15.216803 -24.533213 -48.756250 
17.390632 -28.259777 -46.868750


17.390632 -28.259777 -46.868750 
15.216803 -24.533213 -48.756250 
16.769538 -25.154307 -48.131250 
17.390632 -28.259777 -46.868750


13.042974 -32.296888 -39.381250 
11.179692 -33.849623 -38.756250 
12.732427 -27.952335 -46.875000 
13.042974 -32.296888 -39.381250


9.316410 -27.020694 -46.875000 
12.732427 -27.952335 -46.875000 
11.179692 -33.849623 -38.756250 
9.316410 -27.020694 -46.875000


-0.310547 -27.949230 -40.631250 
3.416017 -29.501965 -40.006250 
0.310547 -31.986341 -37.506250 
-0.310547 -27.949230 -40.631250


4.037111 -34.781264 -36.881250 
3.416017 -29.501965 -40.006250 
5.279299 -32.296888 -38.131250 
4.037111 -34.781264 -36.881250


4.037111 -34.781264 -36.881250 
5.279299 -32.296888 -38.131250 
6.832034 -33.849623 -37.506250 
4.037111 -34.781264 -36.881250


14.906256 -35.712905 -38.131250 
11.179692 -33.849623 -38.756250 
13.042974 -32.296888 -39.381250 
14.906256 -35.712905 -38.131250


3.416017 -29.501965 -40.006250 
-0.310547 -27.949230 -40.631250 
6.210940 -25.154307 -46.881250 
3.416017 -29.501965 -40.006250


0.931641 -26.085948 -41.881250 
6.210940 -25.154307 -46.881250 
-0.310547 -27.949230 -40.631250 
0.931641 -26.085948 -41.881250


9.316410 -27.020694 -46.875000 
3.416017 -29.501965 -40.006250 
6.210940 -25.154307 -46.881250 
9.316410 -27.020694 -46.875000


9.937504 -20.496102 -32.493750 
9.005863 -18.943367 -31.868750 
6.210940 -19.567566 -31.250000 
9.937504 -20.496102 -32.493750


2.794923 -20.496102 -49.381250 
6.521487 -21.738290 -49.381250 
4.968752 -22.359384 -48.131250 
2.794923 -20.496102 -49.381250


4.968752 -20.185555 -50.006250 
6.521487 -21.738290 -49.381250 
2.794923 -20.496102 -49.381250 
4.968752 -20.185555 -50.006250


7.142581 -25.464854 -33.118750 
7.142581 -23.912119 -32.493750 
4.968752 -24.843760 -32.493750 
7.142581 -25.464854 -33.118750


19.253914 -22.980478 -44.381250 
21.120301 -25.154307 -43.750000 
21.117196 -27.020694 -47.500000 
19.253914 -22.980478 -44.381250


17.080085 -23.912119 -48.756250 
16.769538 -20.806649 -44.381250 
19.253914 -22.980478 -44.381250 
17.080085 -23.912119 -48.756250


21.117196 -27.020694 -47.500000 
23.291025 -26.707042 -43.131250 
23.915224 -29.501965 -41.875000 
21.117196 -27.020694 -47.500000


10.558598 -23.601572 -48.756250 
7.453128 -23.601572 -48.131250 
6.521487 -21.738290 -49.381250 
10.558598 -23.601572 -48.756250


10.558598 -23.601572 -48.756250 
6.521487 -21.738290 -49.381250 
9.626957 -20.496102 -50.631250 
10.558598 -23.601572 -48.756250


8.695316 -33.849623 -38.131250 
6.521487 -31.054700 -38.756250 
9.316410 -27.020694 -46.875000 
8.695316 -33.849623 -38.131250


5.279299 -32.296888 -38.131250 
9.316410 -27.020694 -46.875000 
6.521487 -31.054700 -38.756250 
5.279299 -32.296888 -38.131250


5.279299 -32.296888 -38.131250 
3.416017 -29.501965 -40.006250 
9.316410 -27.020694 -46.875000 
5.279299 -32.296888 -38.131250


16.769538 -25.154307 -48.131250 
21.117196 -27.020694 -47.500000 
17.390632 -28.259777 -46.868750 
16.769538 -25.154307 -48.131250


19.878113 -27.328136 -46.875000 
17.390632 -28.259777 -46.868750 
21.117196 -27.020694 -47.500000 
19.878113 -27.328136 -46.875000


10.558598 -23.601572 -48.756250 
13.353521 -21.427743 -50.006250 
13.353521 -25.464854 -48.131250 
10.558598 -23.601572 -48.756250


8.695316 -33.849623 -38.131250 
9.316410 -27.020694 -46.875000 
11.179692 -33.849623 -38.756250 
8.695316 -33.849623 -38.131250


19.567566 -21.738290 -41.250000 
19.253914 -22.980478 -44.381250 
16.769538 -20.806649 -44.381250 
19.567566 -21.738290 -41.250000


21.120301 -25.154307 -43.750000 
23.291025 -26.707042 -43.131250 
21.117196 -27.020694 -47.500000 
21.120301 -25.154307 -43.750000


17.080085 -23.912119 -48.756250 
16.769538 -25.154307 -48.131250 
15.216803 -24.533213 -48.756250 
17.080085 -23.912119 -48.756250


17.080085 -23.912119 -48.756250 
15.216803 -24.533213 -48.756250 
13.353521 -21.427743 -50.006250 
17.080085 -23.912119 -48.756250


17.080085 -23.912119 -48.756250 
13.353521 -21.427743 -50.006250 
13.974615 -20.806649 -48.756250 
17.080085 -23.912119 -48.756250


22.983583 -26.396495 -41.875000 
23.294130 -27.017589 -40.000000 
23.291025 -26.707042 -43.131250 
22.983583 -26.396495 -41.875000


23.915224 -29.501965 -41.875000 
23.291025 -26.707042 -43.131250 
23.294130 -27.017589 -40.000000 
23.915224 -29.501965 -41.875000


9.316410 -27.020694 -46.875000 
13.353521 -25.464854 -48.131250 
12.732427 -27.952335 -46.875000 
9.316410 -27.020694 -46.875000


9.316410 -27.020694 -46.875000 
9.626957 -25.464854 -47.506250 
13.353521 -25.464854 -48.131250 
9.316410 -27.020694 -46.875000


21.430848 -24.222666 -42.500000 
22.983583 -26.396495 -41.875000 
23.291025 -26.707042 -43.131250 
21.430848 -24.222666 -42.500000


21.120301 -25.154307 -43.750000 
21.430848 -24.222666 -42.500000 
23.291025 -26.707042 -43.131250 
21.120301 -25.154307 -43.750000


18.322273 -32.917982 -40.006250 
12.732427 -27.952335 -46.875000 
17.390632 -28.259777 -46.868750 
18.322273 -32.917982 -40.006250


19.878113 -27.328136 -46.875000 
21.117196 -34.160170 -39.381250 
17.390632 -28.259777 -46.868750 
19.878113 -27.328136 -46.875000


18.322273 -32.917982 -40.006250 
17.390632 -28.259777 -46.868750 
21.117196 -34.160170 -39.381250 
18.322273 -32.917982 -40.006250


