776

40.681657 -45.960956 -27.506250 
38.194176 -45.960956 -26.250000 
38.507828 -43.162928 -26.875000 
40.681657 -45.960956 -27.506250


40.681657 -43.787127 -27.506250 
40.681657 -45.960956 -27.506250 
38.507828 -43.162928 -26.875000 
40.681657 -43.787127 -27.506250


40.681657 -43.787127 -27.506250 
44.097674 -44.718768 -27.506250 
40.681657 -45.960956 -27.506250 
40.681657 -43.787127 -27.506250


40.681657 -43.787127 -27.506250 
45.342967 -41.613298 -26.875000 
44.097674 -44.718768 -27.506250 
40.681657 -43.787127 -27.506250


45.342967 -41.613298 -26.875000 
38.507828 -43.162928 -26.875000 
39.128922 -38.507828 -26.256250 
45.342967 -41.613298 -26.875000


45.342967 -41.613298 -26.875000 
40.681657 -43.787127 -27.506250 
38.507828 -43.162928 -26.875000 
45.342967 -41.613298 -26.875000


40.371110 -37.265640 -25.631250 
41.613298 -37.576187 -26.881250 
39.128922 -38.507828 -26.256250 
40.371110 -37.265640 -25.631250


41.613298 -37.576187 -26.881250 
45.342967 -41.613298 -26.875000 
39.128922 -38.507828 -26.256250 
41.613298 -37.576187 -26.881250


44.097674 -44.718768 -27.506250 
42.855486 -47.203144 -26.256250 
40.681657 -45.960956 -27.506250 
44.097674 -44.718768 -27.506250


45.653514 -39.128922 -25.625000 
45.342967 -41.613298 -26.875000 
41.613298 -37.576187 -26.881250 
45.653514 -39.128922 -25.625000


38.504723 -43.476580 -23.125000 
38.507828 -43.162928 -26.875000 
38.194176 -45.960956 -26.250000 
38.504723 -43.476580 -23.125000


40.371110 -37.265640 -25.631250 
39.128922 -38.507828 -26.256250 
38.504723 -36.023452 -25.625000 
40.371110 -37.265640 -25.631250


42.855486 -47.203144 -26.256250 
39.439469 -47.203144 -26.256250 
38.194176 -45.960956 -26.250000 
42.855486 -47.203144 -26.256250


42.855486 -47.203144 -26.256250 
38.194176 -45.960956 -26.250000 
40.681657 -45.960956 -27.506250 
42.855486 -47.203144 -26.256250


40.371110 -37.265640 -25.631250 
45.029315 -36.644546 -25.631250 
41.613298 -37.576187 -26.881250 
40.371110 -37.265640 -25.631250


45.029315 -36.644546 -25.631250 
45.653514 -39.128922 -25.625000 
41.613298 -37.576187 -26.881250 
45.029315 -36.644546 -25.631250


38.194176 -45.960956 -26.250000 
39.439469 -47.203144 -26.256250 
37.265640 -48.445332 -23.131250 
38.194176 -45.960956 -26.250000


38.504723 -43.476580 -23.125000 
38.194176 -45.960956 -26.250000 
37.883629 -46.582050 -20.000000 
38.504723 -43.476580 -23.125000


38.504723 -40.992204 -23.750000 
39.128922 -38.507828 -26.256250 
38.507828 -43.162928 -26.875000 
38.504723 -40.992204 -23.750000


40.681657 -35.402358 -25.631250 
40.371110 -37.265640 -25.631250 
38.504723 -36.023452 -25.625000 
40.681657 -35.402358 -25.631250


45.029315 -33.539076 -24.381250 
45.029315 -36.644546 -25.631250 
40.681657 -35.402358 -25.631250 
45.029315 -33.539076 -24.381250


40.681657 -35.402358 -25.631250 
45.029315 -36.644546 -25.631250 
40.371110 -37.265640 -25.631250 
40.681657 -35.402358 -25.631250


45.653514 -39.128922 -25.625000 
44.097674 -42.237497 -23.125000 
45.342967 -41.613298 -26.875000 
45.653514 -39.128922 -25.625000


38.504723 -43.476580 -23.125000 
38.504723 -40.992204 -23.750000 
38.507828 -43.162928 -26.875000 
38.504723 -43.476580 -23.125000


38.504723 -36.023452 -25.625000 
39.128922 -38.507828 -26.256250 
38.504723 -40.992204 -23.750000 
38.504723 -36.023452 -25.625000


39.128922 -33.849623 -24.381250 
40.681657 -35.402358 -25.631250 
38.504723 -36.023452 -25.625000 
39.128922 -33.849623 -24.381250


40.995309 -49.376973 -23.750000 
39.439469 -47.203144 -26.256250 
42.855486 -47.203144 -26.256250 
40.995309 -49.376973 -23.750000


45.342967 -41.613298 -26.875000 
44.097674 -42.237497 -23.125000 
44.097674 -44.718768 -27.506250 
45.342967 -41.613298 -26.875000


45.029315 -33.539076 -24.381250 
46.274608 -35.712905 -24.375000 
45.029315 -36.644546 -25.631250 
45.029315 -33.539076 -24.381250


46.274608 -35.712905 -24.375000 
44.721873 -39.439469 -22.500000 
45.029315 -36.644546 -25.631250 
46.274608 -35.712905 -24.375000


45.029315 -36.644546 -25.631250 
44.721873 -39.439469 -22.500000 
45.653514 -39.128922 -25.625000 
45.029315 -36.644546 -25.631250


39.125817 -34.781264 -23.125000 
39.128922 -33.849623 -24.381250 
38.504723 -36.023452 -25.625000 
39.125817 -34.781264 -23.125000


39.442574 -50.308614 -21.875000 
39.439469 -47.203144 -26.256250 
40.995309 -49.376973 -23.750000 
39.442574 -50.308614 -21.875000


39.128922 -33.849623 -24.381250 
45.029315 -33.539076 -24.381250 
40.681657 -35.402358 -25.631250 
39.128922 -33.849623 -24.381250


41.302751 -32.296888 -23.756250 
45.029315 -33.539076 -24.381250 
39.128922 -33.849623 -24.381250 
41.302751 -32.296888 -23.756250


43.787127 -31.675794 -23.131250 
45.029315 -33.539076 -24.381250 
41.302751 -32.296888 -23.756250 
43.787127 -31.675794 -23.131250


45.029315 -33.539076 -24.381250 
46.895702 -33.539076 -23.750000 
46.274608 -35.712905 -24.375000 
45.029315 -33.539076 -24.381250


37.883629 -46.582050 -20.000000 
38.194176 -45.960956 -26.250000 
37.265640 -48.445332 -23.131250 
37.883629 -46.582050 -20.000000


37.265640 -48.445332 -23.131250 
39.439469 -47.203144 -26.256250 
39.442574 -50.308614 -21.875000 
37.265640 -48.445332 -23.131250


39.125817 -34.781264 -23.125000 
39.125817 -30.433606 -22.500000 
39.128922 -33.849623 -24.381250 
39.125817 -34.781264 -23.125000


39.125817 -30.433606 -22.500000 
41.302751 -32.296888 -23.756250 
39.128922 -33.849623 -24.381250 
39.125817 -30.433606 -22.500000


41.613298 -47.513691 -22.493750 
40.995309 -49.376973 -23.750000 
42.855486 -47.203144 -26.256250 
41.613298 -47.513691 -22.493750


44.097674 -42.237497 -23.125000 
42.855486 -47.203144 -26.256250 
44.097674 -44.718768 -27.506250 
44.097674 -42.237497 -23.125000


44.721873 -39.439469 -22.500000 
44.097674 -42.237497 -23.125000 
45.653514 -39.128922 -25.625000 
44.721873 -39.439469 -22.500000


43.787127 -31.675794 -23.131250 
46.895702 -33.539076 -23.750000 
45.029315 -33.539076 -24.381250 
43.787127 -31.675794 -23.131250


44.718768 -30.433606 -23.756250 
46.895702 -33.539076 -23.750000 
43.787127 -31.675794 -23.131250 
44.718768 -30.433606 -23.756250


44.718768 -30.433606 -23.756250 
46.892597 -32.296888 -23.131250 
46.895702 -33.539076 -23.750000 
44.718768 -30.433606 -23.756250


38.504723 -36.023452 -25.625000 
38.504723 -40.992204 -23.750000 
39.746911 -37.886734 -20.000000 
38.504723 -36.023452 -25.625000


39.125817 -30.433606 -22.500000 
43.787127 -31.675794 -23.131250 
41.302751 -32.296888 -23.756250 
39.125817 -30.433606 -22.500000


41.923845 -45.650409 -20.618750 
41.613298 -47.513691 -22.493750 
42.855486 -47.203144 -26.256250 
41.923845 -45.650409 -20.618750


42.855486 -28.259777 -22.506250 
43.787127 -31.675794 -23.131250 
39.125817 -30.433606 -22.500000 
42.855486 -28.259777 -22.506250


44.718768 -30.433606 -23.756250 
43.787127 -31.675794 -23.131250 
42.855486 -28.259777 -22.506250 
44.718768 -30.433606 -23.756250


45.029315 -37.579292 -20.000000 
44.721873 -39.439469 -22.500000 
46.274608 -35.712905 -24.375000 
45.029315 -37.579292 -20.000000


39.436364 -40.060563 -20.000000 
38.504723 -40.992204 -23.750000 
38.504723 -43.476580 -23.125000 
39.436364 -40.060563 -20.000000


39.125817 -34.781264 -23.125000 
38.504723 -36.023452 -25.625000 
39.746911 -37.886734 -20.000000 
39.125817 -34.781264 -23.125000


42.855486 -28.259777 -22.506250 
39.125817 -30.433606 -22.500000 
39.128922 -28.570324 -21.881250 
42.855486 -28.259777 -22.506250


40.992204 -26.707042 -22.506250 
42.855486 -28.259777 -22.506250 
39.128922 -28.570324 -21.881250 
40.992204 -26.707042 -22.506250


42.855486 -47.203144 -26.256250 
42.544939 -44.097674 -19.993750 
41.923845 -45.650409 -20.618750 
42.855486 -47.203144 -26.256250


44.097674 -42.237497 -23.125000 
42.544939 -44.097674 -19.993750 
42.855486 -47.203144 -26.256250 
44.097674 -42.237497 -23.125000


44.408221 -24.843760 -21.881250 
46.582050 -28.259777 -22.506250 
42.855486 -28.259777 -22.506250 
44.408221 -24.843760 -21.881250


46.585155 -33.849623 -21.875000 
45.029315 -37.579292 -20.000000 
46.274608 -35.712905 -24.375000 
46.585155 -33.849623 -21.875000


46.895702 -33.539076 -23.750000 
46.585155 -33.849623 -21.875000 
46.274608 -35.712905 -24.375000 
46.895702 -33.539076 -23.750000


42.855486 -28.259777 -22.506250 
46.892597 -32.296888 -23.131250 
44.718768 -30.433606 -23.756250 
42.855486 -28.259777 -22.506250


46.582050 -28.259777 -22.506250 
46.892597 -32.296888 -23.131250 
42.855486 -28.259777 -22.506250 
46.582050 -28.259777 -22.506250


46.585155 -33.849623 -21.875000 
46.895702 -33.539076 -23.750000 
46.892597 -32.296888 -23.131250 
46.585155 -33.849623 -21.875000


37.576187 -51.243360 -18.750000 
37.265640 -48.445332 -23.131250 
39.442574 -50.308614 -21.875000 
37.576187 -51.243360 -18.750000


40.057458 -35.712905 -20.625000 
39.125817 -34.781264 -23.125000 
39.746911 -37.886734 -20.000000 
40.057458 -35.712905 -20.625000


38.815270 -26.085948 -21.250000 
40.992204 -26.707042 -22.506250 
39.128922 -28.570324 -21.881250 
38.815270 -26.085948 -21.250000


40.060563 -48.134785 -18.743750 
40.995309 -49.376973 -23.750000 
41.613298 -47.513691 -22.493750 
40.060563 -48.134785 -18.743750


41.302751 -24.843760 -21.256250 
44.408221 -24.843760 -21.881250 
40.992204 -26.707042 -22.506250 
41.302751 -24.843760 -21.256250


43.787127 -19.875008 -21.256250 
41.302751 -24.843760 -21.256250 
40.681657 -22.359384 -21.256250 
43.787127 -19.875008 -21.256250


44.408221 -24.843760 -21.881250 
42.855486 -28.259777 -22.506250 
40.992204 -26.707042 -22.506250 
44.408221 -24.843760 -21.881250


43.787127 -19.875008 -21.256250 
44.408221 -24.843760 -21.881250 
41.302751 -24.843760 -21.256250 
43.787127 -19.875008 -21.256250


42.855486 -6.832034 -20.631250 
43.476580 -4.037111 -21.256250 
45.029315 -8.384769 -21.881250 
42.855486 -6.832034 -20.631250


47.513691 -26.085948 -21.881250 
46.582050 -28.259777 -22.506250 
44.408221 -24.843760 -21.881250 
47.513691 -26.085948 -21.881250


47.513691 -26.085948 -21.881250 
44.408221 -24.843760 -21.881250 
47.206249 -23.291025 -21.250000 
47.513691 -26.085948 -21.881250


46.582050 -13.664068 -21.881250 
46.892597 -15.837897 -21.881250 
45.960956 -11.490239 -21.881250 
46.582050 -13.664068 -21.881250


37.262535 -46.271503 -17.500000 
37.265640 -48.445332 -23.131250 
36.023452 -50.308614 -19.381250 
37.262535 -46.271503 -17.500000


36.023452 -50.308614 -19.381250 
37.265640 -48.445332 -23.131250 
37.576187 -51.243360 -18.750000 
36.023452 -50.308614 -19.381250


41.302751 -24.843760 -21.256250 
38.815270 -26.085948 -21.250000 
37.886734 -23.912119 -20.618750 
41.302751 -24.843760 -21.256250


37.576187 -21.117196 -20.631250 
41.302751 -24.843760 -21.256250 
37.886734 -23.912119 -20.618750 
37.576187 -21.117196 -20.631250


37.576187 -21.117196 -20.631250 
39.439469 -21.117196 -20.631250 
41.302751 -24.843760 -21.256250 
37.576187 -21.117196 -20.631250


39.436364 -40.060563 -20.000000 
39.746911 -37.886734 -20.000000 
38.504723 -40.992204 -23.750000 
39.436364 -40.060563 -20.000000


39.439469 -21.117196 -20.631250 
40.681657 -22.359384 -21.256250 
41.302751 -24.843760 -21.256250 
39.439469 -21.117196 -20.631250


38.815270 -26.085948 -21.250000 
41.302751 -24.843760 -21.256250 
40.992204 -26.707042 -22.506250 
38.815270 -26.085948 -21.250000


40.992204 -16.769538 -20.631250 
42.544939 -20.185555 -20.631250 
39.750016 -16.769538 -20.631250 
40.992204 -16.769538 -20.631250


39.750016 -16.769538 -20.631250 
42.544939 -20.185555 -20.631250 
39.439469 -21.117196 -20.631250 
39.750016 -16.769538 -20.631250


44.100779 -39.750016 -18.750000 
44.097674 -42.237497 -23.125000 
44.721873 -39.439469 -22.500000 
44.100779 -39.750016 -18.750000


47.203144 -22.048837 -21.256250 
44.408221 -24.843760 -21.881250 
43.787127 -19.875008 -21.256250 
47.203144 -22.048837 -21.256250


43.476580 -10.248051 -20.631250 
45.960956 -11.490239 -21.881250 
44.097674 -11.800786 -21.256250 
43.476580 -10.248051 -20.631250


45.029315 -37.579292 -20.000000 
44.100779 -39.750016 -18.750000 
44.721873 -39.439469 -22.500000 
45.029315 -37.579292 -20.000000


44.097674 -11.800786 -21.256250 
46.892597 -15.837897 -21.881250 
43.787127 -19.875008 -21.256250 
44.097674 -11.800786 -21.256250


45.960956 -11.490239 -21.881250 
46.892597 -15.837897 -21.881250 
44.097674 -11.800786 -21.256250 
45.960956 -11.490239 -21.881250


43.476580 -10.248051 -20.631250 
45.029315 -8.384769 -21.881250 
45.960956 -11.490239 -21.881250 
43.476580 -10.248051 -20.631250


47.203144 -22.048837 -21.256250 
47.206249 -23.291025 -21.250000 
44.408221 -24.843760 -21.881250 
47.203144 -22.048837 -21.256250


43.787127 -19.875008 -21.256250 
46.892597 -15.837897 -21.881250 
47.203144 -22.048837 -21.256250 
43.787127 -19.875008 -21.256250


45.342967 -35.712905 -18.125000 
45.029315 -37.579292 -20.000000 
46.585155 -33.849623 -21.875000 
45.342967 -35.712905 -18.125000


47.513691 -26.085948 -21.881250 
46.585155 -30.123059 -18.750000 
46.582050 -28.259777 -22.506250 
47.513691 -26.085948 -21.881250


36.020347 -19.875008 -20.000000 
37.576187 -21.117196 -20.631250 
37.262535 -21.738290 -20.000000 
36.020347 -19.875008 -20.000000


35.091811 -17.390632 -19.381250 
36.955093 -16.769538 -20.631250 
37.576187 -21.117196 -20.631250 
35.091811 -17.390632 -19.381250


37.883629 -46.582050 -20.000000 
37.265640 -48.445332 -23.131250 
37.262535 -46.271503 -17.500000 
37.883629 -46.582050 -20.000000


37.262535 -21.738290 -20.000000 
37.576187 -21.117196 -20.631250 
37.886734 -23.912119 -20.618750 
37.262535 -21.738290 -20.000000


37.883629 -46.582050 -20.000000 
38.504723 -44.097674 -19.375000 
38.504723 -43.476580 -23.125000 
37.883629 -46.582050 -20.000000


38.815270 -26.396495 -20.000000 
38.815270 -26.085948 -21.250000 
39.128922 -28.570324 -21.881250 
38.815270 -26.396495 -20.000000


39.442574 -50.308614 -21.875000 
40.060563 -48.134785 -18.743750 
37.576187 -51.243360 -18.750000 
39.442574 -50.308614 -21.875000


40.057458 -32.296888 -18.125000 
39.128922 -28.570324 -21.881250 
39.125817 -30.433606 -22.500000 
40.057458 -32.296888 -18.125000


36.955093 -16.769538 -20.631250 
39.439469 -21.117196 -20.631250 
37.576187 -21.117196 -20.631250 
36.955093 -16.769538 -20.631250


39.750016 -16.769538 -20.631250 
39.439469 -21.117196 -20.631250 
36.955093 -16.769538 -20.631250 
39.750016 -16.769538 -20.631250


37.886734 -16.458991 -19.381250 
39.750016 -16.769538 -20.631250 
36.955093 -16.769538 -20.631250 
37.886734 -16.458991 -19.381250


40.057458 -32.296888 -18.125000 
39.125817 -30.433606 -22.500000 
39.125817 -34.781264 -23.125000 
40.057458 -32.296888 -18.125000


40.060563 -48.134785 -18.743750 
39.442574 -50.308614 -21.875000 
40.995309 -49.376973 -23.750000 
40.060563 -48.134785 -18.743750


42.234392 -14.285162 -20.631250 
40.992204 -16.769538 -20.631250 
39.750016 -16.769538 -20.631250 
42.234392 -14.285162 -20.631250


42.234392 -14.285162 -20.631250 
42.544939 -20.185555 -20.631250 
40.992204 -16.769538 -20.631250 
42.234392 -14.285162 -20.631250


44.097674 -11.800786 -21.256250 
42.234392 -14.285162 -20.631250 
41.613298 -10.248051 -19.381250 
44.097674 -11.800786 -21.256250


39.439469 -21.117196 -20.631250 
43.787127 -19.875008 -21.256250 
40.681657 -22.359384 -21.256250 
39.439469 -21.117196 -20.631250


42.544939 -20.185555 -20.631250 
43.787127 -19.875008 -21.256250 
39.439469 -21.117196 -20.631250 
42.544939 -20.185555 -20.631250


41.613298 -7.763675 -19.381250 
42.855486 -6.832034 -20.631250 
43.476580 -10.248051 -20.631250 
41.613298 -7.763675 -19.381250


43.166033 -2.794923 -21.256250 
43.476580 -4.037111 -21.256250 
42.855486 -6.832034 -20.631250 
43.166033 -2.794923 -21.256250


42.855486 -6.832034 -20.631250 
45.029315 -8.384769 -21.881250 
43.476580 -10.248051 -20.631250 
42.855486 -6.832034 -20.631250


43.787127 -19.875008 -21.256250 
42.544939 -20.185555 -20.631250 
42.234392 -14.285162 -20.631250 
43.787127 -19.875008 -21.256250


44.097674 -11.800786 -21.256250 
43.787127 -19.875008 -21.256250 
42.234392 -14.285162 -20.631250 
44.097674 -11.800786 -21.256250


43.476580 -4.037111 -21.256250 
45.032420 -7.453128 -17.500000 
45.029315 -8.384769 -21.881250 
43.476580 -4.037111 -21.256250


45.029315 -8.384769 -21.881250 
45.342967 -9.005863 -19.375000 
45.960956 -11.490239 -21.881250 
45.029315 -8.384769 -21.881250


46.892597 -15.837897 -21.881250 
47.206249 -20.806649 -19.375000 
47.203144 -22.048837 -21.256250 
46.892597 -15.837897 -21.881250


36.644546 -14.285162 -19.381250 
36.955093 -16.769538 -20.631250 
35.091811 -17.390632 -19.381250 
36.644546 -14.285162 -19.381250


36.020347 -19.875008 -20.000000 
35.091811 -17.390632 -19.381250 
37.576187 -21.117196 -20.631250 
36.020347 -19.875008 -20.000000


38.815270 -26.396495 -20.000000 
37.886734 -23.912119 -20.618750 
38.815270 -26.085948 -21.250000 
38.815270 -26.396495 -20.000000


38.815270 -26.396495 -20.000000 
39.128922 -28.570324 -21.881250 
40.057458 -32.296888 -18.125000 
38.815270 -26.396495 -20.000000


42.234392 -14.285162 -20.631250 
39.750016 -16.769538 -20.631250 
37.886734 -16.458991 -19.381250 
42.234392 -14.285162 -20.631250


39.128922 -13.353521 -19.381250 
42.234392 -14.285162 -20.631250 
37.886734 -16.458991 -19.381250 
39.128922 -13.353521 -19.381250


40.681657 -11.179692 -20.006250 
42.234392 -14.285162 -20.631250 
39.128922 -13.353521 -19.381250 
40.681657 -11.179692 -20.006250


41.613298 -10.248051 -19.381250 
42.234392 -14.285162 -20.631250 
40.681657 -11.179692 -20.006250 
41.613298 -10.248051 -19.381250


41.613298 -4.658205 -19.381250 
42.855486 -6.832034 -20.631250 
41.613298 -7.763675 -19.381250 
41.613298 -4.658205 -19.381250


41.613298 -4.658205 -19.381250 
43.166033 -2.794923 -21.256250 
42.855486 -6.832034 -20.631250 
41.613298 -4.658205 -19.381250


41.613298 -7.763675 -19.381250 
43.476580 -10.248051 -20.631250 
41.613298 -10.248051 -19.381250 
41.613298 -7.763675 -19.381250


42.855486 -41.923845 -17.493750 
42.544939 -44.097674 -19.993750 
44.097674 -42.237497 -23.125000 
42.855486 -41.923845 -17.493750


41.613298 -0.931641 -19.381250 
44.100779 -4.037111 -16.875000 
43.166033 -2.794923 -21.256250 
41.613298 -0.931641 -19.381250


41.613298 -10.248051 -19.381250 
43.476580 -10.248051 -20.631250 
44.097674 -11.800786 -21.256250 
41.613298 -10.248051 -19.381250


44.100779 -39.750016 -18.750000 
42.855486 -41.923845 -17.493750 
44.097674 -42.237497 -23.125000 
44.100779 -39.750016 -18.750000


45.032420 -7.453128 -17.500000 
45.342967 -9.005863 -19.375000 
45.029315 -8.384769 -21.881250 
45.032420 -7.453128 -17.500000


46.892597 -32.296888 -23.131250 
46.585155 -30.123059 -18.750000 
46.585155 -33.849623 -21.875000 
46.892597 -32.296888 -23.131250


46.892597 -15.837897 -21.881250 
46.582050 -13.664068 -21.881250 
46.585155 -17.080085 -15.625000 
46.892597 -15.837897 -21.881250


47.206249 -23.291025 -21.250000 
46.585155 -30.123059 -18.750000 
47.513691 -26.085948 -21.881250 
47.206249 -23.291025 -21.250000


47.203144 -22.048837 -21.256250 
47.206249 -20.806649 -19.375000 
47.206249 -23.291025 -21.250000 
47.203144 -22.048837 -21.256250


36.644546 -14.285162 -19.381250 
37.886734 -16.458991 -19.381250 
36.955093 -16.769538 -20.631250 
36.644546 -14.285162 -19.381250


36.644546 -14.285162 -19.381250 
39.128922 -13.353521 -19.381250 
37.886734 -16.458991 -19.381250 
36.644546 -14.285162 -19.381250


40.057458 -32.296888 -18.125000 
39.125817 -34.781264 -23.125000 
40.057458 -35.712905 -20.625000 
40.057458 -32.296888 -18.125000


40.681657 -11.179692 -20.006250 
39.128922 -13.353521 -19.381250 
38.507828 -11.490239 -18.756250 
40.681657 -11.179692 -20.006250


41.613298 -10.248051 -19.381250 
40.681657 -11.179692 -20.006250 
38.507828 -11.490239 -18.756250 
41.613298 -10.248051 -19.381250


41.923845 -45.650409 -20.618750 
40.060563 -48.134785 -18.743750 
41.613298 -47.513691 -22.493750 
41.923845 -45.650409 -20.618750


41.613298 -4.658205 -19.381250 
41.613298 -0.931641 -19.381250 
43.166033 -2.794923 -21.256250 
41.613298 -4.658205 -19.381250


43.166033 -2.794923 -21.256250 
44.100779 -4.037111 -16.875000 
43.476580 -4.037111 -21.256250 
43.166033 -2.794923 -21.256250


46.582050 -28.259777 -22.506250 
46.585155 -30.123059 -18.750000 
46.892597 -32.296888 -23.131250 
46.582050 -28.259777 -22.506250


33.846518 -15.837897 -18.125000 
36.644546 -14.285162 -19.381250 
35.091811 -17.390632 -19.381250 
33.846518 -15.837897 -18.125000


39.128922 -24.222666 -16.868750 
37.886734 -23.912119 -20.618750 
38.815270 -26.396495 -20.000000 
39.128922 -24.222666 -16.868750


39.125817 -42.234392 -16.875000 
38.504723 -43.476580 -23.125000 
38.504723 -44.097674 -19.375000 
39.125817 -42.234392 -16.875000


38.818375 -9.626957 -18.131250 
41.613298 -10.248051 -19.381250 
38.507828 -11.490239 -18.756250 
38.818375 -9.626957 -18.131250


40.368005 -28.880871 -16.875000 
38.815270 -26.396495 -20.000000 
40.057458 -32.296888 -18.125000 
40.368005 -28.880871 -16.875000


38.818375 -9.626957 -18.131250 
41.613298 -7.763675 -19.381250 
41.613298 -10.248051 -19.381250 
38.818375 -9.626957 -18.131250


39.746911 -4.037111 -17.500000 
41.613298 -4.658205 -19.381250 
40.371110 -7.142581 -18.131250 
39.746911 -4.037111 -17.500000


41.613298 -4.658205 -19.381250 
41.613298 -7.763675 -19.381250 
40.371110 -7.142581 -18.131250 
41.613298 -4.658205 -19.381250


43.476580 -4.037111 -21.256250 
44.411326 -5.900393 -14.375000 
45.032420 -7.453128 -17.500000 
43.476580 -4.037111 -21.256250


45.342967 -9.005863 -19.375000 
45.964061 -13.664068 -13.750000 
45.960956 -11.490239 -21.881250 
45.342967 -9.005863 -19.375000


47.206249 -23.291025 -21.250000 
46.895702 -26.707042 -17.500000 
46.585155 -30.123059 -18.750000 
47.206249 -23.291025 -21.250000


46.585155 -17.080085 -15.625000 
46.585155 -20.185555 -15.625000 
47.206249 -20.806649 -19.375000 
46.585155 -17.080085 -15.625000


46.892597 -15.837897 -21.881250 
46.585155 -17.080085 -15.625000 
47.206249 -20.806649 -19.375000 
46.892597 -15.837897 -21.881250


47.206249 -20.806649 -19.375000 
46.585155 -23.291025 -16.250000 
47.206249 -23.291025 -21.250000 
47.206249 -20.806649 -19.375000


33.535971 -14.595709 -17.500000 
36.644546 -14.285162 -19.381250 
33.846518 -15.837897 -18.125000 
33.535971 -14.595709 -17.500000


34.781264 -13.664068 -18.131250 
36.644546 -14.285162 -19.381250 
33.535971 -14.595709 -17.500000 
34.781264 -13.664068 -18.131250


36.333999 -18.632820 -16.868750 
35.091811 -17.390632 -19.381250 
36.020347 -19.875008 -20.000000 
36.333999 -18.632820 -16.868750


39.128922 -13.353521 -19.381250 
34.781264 -13.664068 -18.131250 
38.507828 -11.490239 -18.756250 
39.128922 -13.353521 -19.381250


34.781264 -13.664068 -18.131250 
39.128922 -13.353521 -19.381250 
36.644546 -14.285162 -19.381250 
34.781264 -13.664068 -18.131250


36.333999 -10.869145 -16.881250 
38.818375 -9.626957 -18.131250 
38.507828 -11.490239 -18.756250 
36.333999 -10.869145 -16.881250


38.504723 -44.097674 -19.375000 
37.883629 -46.582050 -20.000000 
37.262535 -46.271503 -17.500000 
38.504723 -44.097674 -19.375000


39.128922 -24.222666 -16.868750 
37.262535 -21.738290 -20.000000 
37.886734 -23.912119 -20.618750 
39.128922 -24.222666 -16.868750


39.125817 -42.234392 -16.875000 
39.436364 -40.060563 -20.000000 
38.504723 -43.476580 -23.125000 
39.125817 -42.234392 -16.875000


40.371110 -7.142581 -18.131250 
38.818375 -9.626957 -18.131250 
38.197281 -8.074222 -17.506250 
40.371110 -7.142581 -18.131250


40.368005 -35.712905 -9.375000 
40.057458 -32.296888 -18.125000 
40.057458 -35.712905 -20.625000 
40.368005 -35.712905 -9.375000


40.371110 -7.142581 -18.131250 
41.613298 -7.763675 -19.381250 
38.818375 -9.626957 -18.131250 
40.371110 -7.142581 -18.131250


39.750016 -0.931641 -18.131250 
41.613298 -4.658205 -19.381250 
39.746911 -4.037111 -17.500000 
39.750016 -0.931641 -18.131250


39.750016 -0.931641 -18.131250 
41.613298 -0.931641 -19.381250 
41.613298 -4.658205 -19.381250 
39.750016 -0.931641 -18.131250


39.750016 -0.931641 -18.131250 
42.237497 0.000000 -18.125000 
41.613298 -0.931641 -19.381250 
39.750016 -0.931641 -18.131250


41.923845 -43.790232 -16.875000 
41.923845 -45.650409 -20.618750 
42.544939 -44.097674 -19.993750 
41.923845 -43.790232 -16.875000


44.100779 -4.037111 -16.875000 
44.411326 -5.900393 -14.375000 
43.476580 -4.037111 -21.256250 
44.100779 -4.037111 -16.875000


46.585155 -30.123059 -18.750000 
45.653514 -32.607435 -16.250000 
46.585155 -33.849623 -21.875000 
46.585155 -30.123059 -18.750000


36.020347 -16.769538 -15.625000 
33.846518 -15.837897 -18.125000 
35.091811 -17.390632 -19.381250 
36.020347 -16.769538 -15.625000


36.333999 -51.240255 -16.868750 
37.262535 -46.271503 -17.500000 
36.023452 -50.308614 -19.381250 
36.333999 -51.240255 -16.868750


36.333999 -10.869145 -16.881250 
38.507828 -11.490239 -18.756250 
34.781264 -13.664068 -18.131250 
36.333999 -10.869145 -16.881250


36.333999 -51.240255 -16.868750 
36.023452 -50.308614 -19.381250 
37.576187 -51.243360 -18.750000 
36.333999 -51.240255 -16.868750


36.333999 -18.632820 -16.868750 
36.020347 -19.875008 -20.000000 
38.815270 -21.117196 -14.375000 
36.333999 -18.632820 -16.868750


38.815270 -21.117196 -14.375000 
36.020347 -19.875008 -20.000000 
37.262535 -21.738290 -20.000000 
38.815270 -21.117196 -14.375000


38.507828 -4.658205 -16.881250 
39.746911 -4.037111 -17.500000 
38.197281 -8.074222 -17.506250 
38.507828 -4.658205 -16.881250


38.507828 -0.931641 -16.881250 
39.746911 -4.037111 -17.500000 
38.507828 -4.658205 -16.881250 
38.507828 -0.931641 -16.881250


38.507828 -0.931641 -16.881250 
39.750016 -0.931641 -18.131250 
39.746911 -4.037111 -17.500000 
38.507828 -0.931641 -16.881250


38.197281 -8.074222 -17.506250 
39.746911 -4.037111 -17.500000 
40.371110 -7.142581 -18.131250 
38.197281 -8.074222 -17.506250


39.746911 -39.439469 -15.625000 
39.746911 -37.886734 -20.000000 
39.436364 -40.060563 -20.000000 
39.746911 -39.439469 -15.625000


38.818375 -46.892597 -14.368750 
40.060563 -48.134785 -18.743750 
41.923845 -45.650409 -20.618750 
38.818375 -46.892597 -14.368750


40.681657 -45.339862 -16.243750 
38.818375 -46.892597 -14.368750 
41.923845 -45.650409 -20.618750 
40.681657 -45.339862 -16.243750


41.923845 -43.790232 -16.875000 
40.681657 -45.339862 -16.243750 
41.923845 -45.650409 -20.618750 
41.923845 -43.790232 -16.875000


39.750016 -0.931641 -18.131250 
41.616403 1.242188 -16.250000 
42.237497 0.000000 -18.125000 
39.750016 -0.931641 -18.131250


42.855486 -41.923845 -17.493750 
41.923845 -43.790232 -16.875000 
42.544939 -44.097674 -19.993750 
42.855486 -41.923845 -17.493750


42.237497 0.000000 -18.125000 
44.100779 -4.037111 -16.875000 
41.613298 -0.931641 -19.381250 
42.237497 0.000000 -18.125000


45.029315 -37.579292 -20.000000 
42.858591 -39.439469 -15.000000 
44.100779 -39.750016 -18.750000 
45.029315 -37.579292 -20.000000


45.342967 -35.712905 -18.125000 
42.858591 -39.439469 -15.000000 
45.029315 -37.579292 -20.000000 
45.342967 -35.712905 -18.125000


45.653514 -32.607435 -16.250000 
44.408221 -34.781264 -14.368750 
45.342967 -35.712905 -18.125000 
45.653514 -32.607435 -16.250000


45.032420 -7.453128 -17.500000 
45.653514 -10.248051 -15.000000 
45.342967 -9.005863 -19.375000 
45.032420 -7.453128 -17.500000


46.585155 -33.849623 -21.875000 
45.653514 -32.607435 -16.250000 
45.342967 -35.712905 -18.125000 
46.585155 -33.849623 -21.875000


45.342967 -9.005863 -19.375000 
45.653514 -10.248051 -15.000000 
45.964061 -13.664068 -13.750000 
45.342967 -9.005863 -19.375000


46.585155 -30.123059 -18.750000 
45.339862 -30.433606 -14.368750 
45.653514 -32.607435 -16.250000 
46.585155 -30.123059 -18.750000


45.960956 -11.490239 -21.881250 
45.964061 -13.664068 -13.750000 
46.582050 -13.664068 -21.881250 
45.960956 -11.490239 -21.881250


46.585155 -23.291025 -16.250000 
46.895702 -26.707042 -17.500000 
47.206249 -23.291025 -21.250000 
46.585155 -23.291025 -16.250000


46.585155 -20.185555 -15.625000 
46.585155 -23.291025 -16.250000 
47.206249 -20.806649 -19.375000 
46.585155 -20.185555 -15.625000


33.849623 -11.490239 -16.256250 
33.535971 -14.595709 -17.500000 
32.293783 -13.042974 -16.875000 
33.849623 -11.490239 -16.256250


33.535971 -14.595709 -17.500000 
33.849623 -11.490239 -16.256250 
34.781264 -13.664068 -18.131250 
33.535971 -14.595709 -17.500000


33.849623 -11.490239 -16.256250 
36.333999 -10.869145 -16.881250 
34.781264 -13.664068 -18.131250 
33.849623 -11.490239 -16.256250


34.781264 -8.695316 -16.881250 
36.333999 -10.869145 -16.881250 
33.849623 -11.490239 -16.256250 
34.781264 -8.695316 -16.881250


36.955093 -48.755879 -14.993750 
37.262535 -46.271503 -17.500000 
36.333999 -51.240255 -16.868750 
36.955093 -48.755879 -14.993750


36.333999 -18.632820 -16.868750 
36.020347 -16.769538 -15.625000 
35.091811 -17.390632 -19.381250 
36.333999 -18.632820 -16.868750


34.781264 -8.695316 -16.881250 
38.197281 -8.074222 -17.506250 
36.333999 -10.869145 -16.881250 
34.781264 -8.695316 -16.881250


38.197281 -8.074222 -17.506250 
34.781264 -8.695316 -16.881250 
37.576187 -6.210940 -16.256250 
38.197281 -8.074222 -17.506250


38.197281 -45.029315 -11.868750 
38.504723 -44.097674 -19.375000 
37.262535 -46.271503 -17.500000 
38.197281 -45.029315 -11.868750


38.197281 -8.074222 -17.506250 
38.818375 -9.626957 -18.131250 
36.333999 -10.869145 -16.881250 
38.197281 -8.074222 -17.506250


37.576187 -6.210940 -16.256250 
38.507828 -4.658205 -16.881250 
38.197281 -8.074222 -17.506250 
37.576187 -6.210940 -16.256250


36.955093 -48.755879 -14.993750 
37.576187 -51.243360 -18.750000 
40.060563 -48.134785 -18.743750 
36.955093 -48.755879 -14.993750


40.057458 -35.712905 -20.625000 
39.746911 -37.886734 -20.000000 
39.746911 -39.439469 -15.625000 
40.057458 -35.712905 -20.625000


40.368005 -35.712905 -9.375000 
40.368005 -28.880871 -16.875000 
40.057458 -32.296888 -18.125000 
40.368005 -35.712905 -9.375000


42.855486 -41.923845 -17.493750 
41.302751 -42.544939 -14.368750 
41.923845 -43.790232 -16.875000 
42.855486 -41.923845 -17.493750


34.157065 -13.974615 -14.375000 
32.293783 -13.042974 -16.875000 
33.535971 -14.595709 -17.500000 
34.157065 -13.974615 -14.375000


34.157065 -13.974615 -14.375000 
33.535971 -14.595709 -17.500000 
33.846518 -15.837897 -18.125000 
34.157065 -13.974615 -14.375000


37.576187 -6.210940 -16.256250 
34.781264 -8.695316 -16.881250 
34.470717 -6.210940 -15.631250 
37.576187 -6.210940 -16.256250


35.091811 -0.928536 -15.625000 
38.507828 -0.931641 -16.881250 
36.023452 -4.347658 -15.631250 
35.091811 -0.928536 -15.625000


35.091811 -0.928536 -15.625000 
36.644546 0.313652 -15.000000 
38.507828 -0.931641 -16.881250 
35.091811 -0.928536 -15.625000


36.955093 -48.755879 -14.993750 
36.333999 -51.240255 -16.868750 
37.576187 -51.243360 -18.750000 
36.955093 -48.755879 -14.993750


38.507828 -4.658205 -16.881250 
37.576187 -6.210940 -16.256250 
36.023452 -4.347658 -15.631250 
38.507828 -4.658205 -16.881250


38.815270 -21.117196 -14.375000 
37.262535 -21.738290 -20.000000 
39.128922 -24.222666 -16.868750 
38.815270 -21.117196 -14.375000


40.368005 -28.880871 -16.875000 
39.128922 -24.222666 -16.868750 
38.815270 -26.396495 -20.000000 
40.368005 -28.880871 -16.875000


40.057458 -24.533213 -13.125000 
39.128922 -24.222666 -16.868750 
40.368005 -28.880871 -16.875000 
40.057458 -24.533213 -13.125000


38.507828 -0.931641 -16.881250 
41.616403 1.242188 -16.250000 
39.750016 -0.931641 -18.131250 
38.507828 -0.931641 -16.881250


46.895702 -26.707042 -17.500000 
45.339862 -30.433606 -14.368750 
46.585155 -30.123059 -18.750000 
46.895702 -26.707042 -17.500000


45.964061 -13.664068 -13.750000 
46.585155 -17.080085 -15.625000 
46.582050 -13.664068 -21.881250 
45.964061 -13.664068 -13.750000


35.091811 -0.928536 -15.625000 
36.023452 -4.347658 -15.631250 
33.539076 -1.863282 -15.631250 
35.091811 -0.928536 -15.625000


36.023452 -4.347658 -15.631250 
34.157065 -4.658205 -15.000000 
33.539076 -1.863282 -15.631250 
36.023452 -4.347658 -15.631250


34.157065 -13.974615 -14.375000 
33.846518 -15.837897 -18.125000 
36.020347 -16.769538 -15.625000 
34.157065 -13.974615 -14.375000


36.023452 -4.347658 -15.631250 
34.470717 -6.210940 -15.631250 
34.157065 -4.658205 -15.000000 
36.023452 -4.347658 -15.631250


36.023452 -4.347658 -15.631250 
37.576187 -6.210940 -16.256250 
34.470717 -6.210940 -15.631250 
36.023452 -4.347658 -15.631250


36.023452 -4.347658 -15.631250 
38.507828 -0.931641 -16.881250 
38.507828 -4.658205 -16.881250 
36.023452 -4.347658 -15.631250


38.818375 -46.892597 -14.368750 
36.955093 -48.755879 -14.993750 
40.060563 -48.134785 -18.743750 
38.818375 -46.892597 -14.368750


39.436364 -22.359384 -13.750000 
38.815270 -21.117196 -14.375000 
39.128922 -24.222666 -16.868750 
39.436364 -22.359384 -13.750000


39.746911 -39.439469 -15.625000 
39.436364 -40.060563 -20.000000 
39.125817 -42.234392 -16.875000 
39.746911 -39.439469 -15.625000


38.507828 1.242188 -15.006250 
41.616403 1.242188 -16.250000 
38.507828 -0.931641 -16.881250 
38.507828 1.242188 -15.006250


40.368005 -35.712905 -9.375000 
40.057458 -35.712905 -20.625000 
40.057458 -37.265640 -12.500000 
40.368005 -35.712905 -9.375000


42.858591 -39.439469 -15.000000 
41.302751 -42.544939 -14.368750 
42.855486 -41.923845 -17.493750 
42.858591 -39.439469 -15.000000


42.858591 -39.439469 -15.000000 
42.855486 -41.923845 -17.493750 
44.100779 -39.750016 -18.750000 
42.858591 -39.439469 -15.000000


46.585155 -23.291025 -16.250000 
45.032420 -25.775401 -12.500000 
46.895702 -26.707042 -17.500000 
46.585155 -23.291025 -16.250000


31.054700 -10.558598 -13.118750 
33.849623 -11.490239 -16.256250 
32.293783 -13.042974 -16.875000 
31.054700 -10.558598 -13.118750


32.296888 -9.005863 -15.006250 
34.781264 -8.695316 -16.881250 
33.849623 -11.490239 -16.256250 
32.296888 -9.005863 -15.006250


33.539076 -1.863282 -15.631250 
34.157065 -4.658205 -15.000000 
31.675794 -1.242188 -14.381250 
33.539076 -1.863282 -15.631250


34.470717 -6.210940 -15.631250 
34.781264 -8.695316 -16.881250 
32.296888 -9.005863 -15.006250 
34.470717 -6.210940 -15.631250


32.917982 -6.210940 -14.381250 
34.470717 -6.210940 -15.631250 
32.296888 -9.005863 -15.006250 
32.917982 -6.210940 -14.381250


34.157065 -4.658205 -15.000000 
34.470717 -6.210940 -15.631250 
32.917982 -6.210940 -14.381250 
34.157065 -4.658205 -15.000000


33.849623 0.000000 -13.756250 
35.091811 -0.928536 -15.625000 
33.539076 -1.863282 -15.631250 
33.849623 0.000000 -13.756250


36.955093 -48.755879 -14.993750 
37.265640 -47.203144 -13.743750 
37.262535 -46.271503 -17.500000 
36.955093 -48.755879 -14.993750


37.265640 -47.203144 -13.743750 
38.197281 -45.029315 -11.868750 
37.262535 -46.271503 -17.500000 
37.265640 -47.203144 -13.743750


39.125817 -42.234392 -16.875000 
38.504723 -44.097674 -19.375000 
38.197281 -45.029315 -11.868750 
39.125817 -42.234392 -16.875000


38.507828 1.242188 -15.006250 
38.507828 -0.931641 -16.881250 
36.644546 0.313652 -15.000000 
38.507828 1.242188 -15.006250


39.436364 -22.359384 -13.750000 
39.128922 -24.222666 -16.868750 
40.057458 -24.533213 -13.125000 
39.436364 -22.359384 -13.750000


41.616403 1.242188 -16.250000 
42.237497 -0.310547 -11.875000 
42.237497 0.000000 -18.125000 
41.616403 1.242188 -16.250000


46.585155 -20.185555 -15.625000 
45.032420 -23.291025 -11.250000 
46.585155 -23.291025 -16.250000 
46.585155 -20.185555 -15.625000


30.433606 -2.484376 -14.381250 
32.917982 -6.210940 -14.381250 
30.433606 -5.589846 -13.756250 
30.433606 -2.484376 -14.381250


32.917982 -6.210940 -14.381250 
32.296888 -9.005863 -15.006250 
31.054700 -7.142581 -13.756250 
32.917982 -6.210940 -14.381250


31.675794 -1.242188 -14.381250 
32.917982 -6.210940 -14.381250 
30.433606 -2.484376 -14.381250 
31.675794 -1.242188 -14.381250


34.157065 -4.658205 -15.000000 
32.917982 -6.210940 -14.381250 
31.675794 -1.242188 -14.381250 
34.157065 -4.658205 -15.000000


34.157065 -13.974615 -14.375000 
36.020347 -16.769538 -15.625000 
36.333999 -17.390632 -11.881250 
34.157065 -13.974615 -14.375000


36.644546 0.313652 -15.000000 
35.091811 -0.928536 -15.625000 
33.849623 0.000000 -13.756250 
36.644546 0.313652 -15.000000


40.057458 -37.265640 -12.500000 
40.057458 -35.712905 -20.625000 
39.746911 -39.439469 -15.625000 
40.057458 -37.265640 -12.500000


38.507828 1.242188 -15.006250 
41.302751 2.173829 -15.006250 
41.616403 1.242188 -16.250000 
38.507828 1.242188 -15.006250


42.544939 -36.958198 -12.500000 
42.858591 -39.439469 -15.000000 
45.342967 -35.712905 -18.125000 
42.544939 -36.958198 -12.500000


42.237497 0.000000 -18.125000 
43.169138 -3.726564 -12.500000 
44.100779 -4.037111 -16.875000 
42.237497 0.000000 -18.125000


44.408221 -34.781264 -14.368750 
42.544939 -36.958198 -12.500000 
45.342967 -35.712905 -18.125000 
44.408221 -34.781264 -14.368750


44.097674 -31.678899 -12.500000 
44.408221 -34.781264 -14.368750 
45.653514 -32.607435 -16.250000 
44.097674 -31.678899 -12.500000


44.100779 -8.384769 -11.250000 
45.653514 -10.248051 -15.000000 
45.032420 -7.453128 -17.500000 
44.100779 -8.384769 -11.250000


44.411326 -5.900393 -14.375000 
44.100779 -8.384769 -11.250000 
45.032420 -7.453128 -17.500000 
44.411326 -5.900393 -14.375000


45.339862 -30.433606 -14.368750 
44.097674 -31.678899 -12.500000 
45.653514 -32.607435 -16.250000 
45.339862 -30.433606 -14.368750


45.964061 -13.664068 -13.750000 
46.585155 -20.185555 -15.625000 
46.585155 -17.080085 -15.625000 
45.964061 -13.664068 -13.750000


31.054700 -10.558598 -13.118750 
31.054700 -7.142581 -13.756250 
32.296888 -9.005863 -15.006250 
31.054700 -10.558598 -13.118750


32.917982 -6.210940 -14.381250 
31.054700 -7.142581 -13.756250 
30.433606 -5.589846 -13.756250 
32.917982 -6.210940 -14.381250


31.054700 -10.558598 -13.118750 
32.293783 -13.042974 -16.875000 
32.607435 -12.421880 -13.118750 
31.054700 -10.558598 -13.118750


31.054700 -10.558598 -13.118750 
32.296888 -9.005863 -15.006250 
33.849623 -11.490239 -16.256250 
31.054700 -10.558598 -13.118750


33.849623 0.000000 -13.756250 
33.539076 -1.863282 -15.631250 
31.675794 -1.242188 -14.381250 
33.849623 0.000000 -13.756250


32.607435 -12.421880 -13.118750 
32.293783 -13.042974 -16.875000 
34.157065 -13.974615 -14.375000 
32.607435 -12.421880 -13.118750


37.576187 -20.185555 -11.256250 
36.020347 -16.769538 -15.625000 
36.333999 -18.632820 -16.868750 
37.576187 -20.185555 -11.256250


37.576187 2.484376 -12.506250 
38.507828 1.242188 -15.006250 
36.644546 0.313652 -15.000000 
37.576187 2.484376 -12.506250


38.818375 -46.892597 -14.368750 
37.265640 -47.203144 -13.743750 
36.955093 -48.755879 -14.993750 
38.818375 -46.892597 -14.368750


37.576187 -20.185555 -11.256250 
36.333999 -18.632820 -16.868750 
38.815270 -21.117196 -14.375000 
37.576187 -20.185555 -11.256250


38.504723 -44.097674 -11.875000 
39.746911 -39.439469 -15.625000 
39.125817 -42.234392 -16.875000 
38.504723 -44.097674 -11.875000


41.302751 2.173829 -15.006250 
38.507828 1.242188 -15.006250 
37.576187 2.484376 -12.506250 
41.302751 2.173829 -15.006250


41.616403 -38.818375 -11.875000 
41.302751 -42.544939 -14.368750 
42.858591 -39.439469 -15.000000 
41.616403 -38.818375 -11.875000


42.544939 -36.958198 -12.500000 
41.616403 -38.818375 -11.875000 
42.858591 -39.439469 -15.000000 
42.544939 -36.958198 -12.500000


42.237497 -0.310547 -11.875000 
42.237497 -3.105470 -10.000000 
42.237497 0.000000 -18.125000 
42.237497 -0.310547 -11.875000


44.411326 -5.900393 -14.375000 
44.100779 -4.037111 -16.875000 
43.169138 -3.726564 -12.500000 
44.411326 -5.900393 -14.375000


45.032420 -25.775401 -12.500000 
45.339862 -30.433606 -14.368750 
46.895702 -26.707042 -17.500000 
45.032420 -25.775401 -12.500000


31.054700 -7.142581 -13.756250 
31.054700 -10.558598 -13.118750 
28.567219 -8.384769 -12.500000 
31.054700 -7.142581 -13.756250


28.259777 -3.105470 -12.506250 
30.433606 -2.484376 -14.381250 
30.433606 -5.589846 -13.756250 
28.259777 -3.105470 -12.506250


30.433606 -5.589846 -13.756250 
31.054700 -7.142581 -13.756250 
29.191418 -5.900393 -11.881250 
30.433606 -5.589846 -13.756250


33.228529 -11.800786 -10.618750 
31.054700 -10.558598 -13.118750 
32.607435 -12.421880 -13.118750 
33.228529 -11.800786 -10.618750


33.849623 0.000000 -13.756250 
35.402358 1.863282 -12.506250 
36.644546 0.313652 -15.000000 
33.849623 0.000000 -13.756250


37.576187 2.484376 -12.506250 
36.644546 0.313652 -15.000000 
35.402358 1.863282 -12.506250 
37.576187 2.484376 -12.506250


36.333999 -17.390632 -11.881250 
36.020347 -16.769538 -15.625000 
37.576187 -20.185555 -11.256250 
36.333999 -17.390632 -11.881250


38.818375 -46.892597 -14.368750 
38.197281 -45.029315 -11.868750 
37.265640 -47.203144 -13.743750 
38.818375 -46.892597 -14.368750


37.576187 -20.185555 -11.256250 
38.815270 -21.117196 -14.375000 
39.436364 -22.359384 -13.750000 
37.576187 -20.185555 -11.256250


37.576187 2.484376 -12.506250 
39.750016 4.040216 -11.250000 
41.302751 2.173829 -15.006250 
37.576187 2.484376 -12.506250


40.057458 -24.533213 -13.125000 
40.368005 -28.880871 -16.875000 
39.750016 -25.775401 -11.256250 
40.057458 -24.533213 -13.125000


41.302751 2.173829 -15.006250 
42.237497 -0.310547 -11.875000 
41.616403 1.242188 -16.250000 
41.302751 2.173829 -15.006250


42.237497 -3.105470 -10.000000 
43.169138 -3.726564 -12.500000 
42.237497 0.000000 -18.125000 
42.237497 -3.105470 -10.000000


45.032420 -23.291025 -11.250000 
45.032420 -25.775401 -12.500000 
46.585155 -23.291025 -16.250000 
45.032420 -23.291025 -11.250000


45.032420 -16.148444 -10.625000 
46.585155 -20.185555 -15.625000 
45.964061 -13.664068 -13.750000 
45.032420 -16.148444 -10.625000


27.014484 -2.794923 -10.625000 
30.433606 -2.484376 -14.381250 
28.259777 -3.105470 -12.506250 
27.014484 -2.794923 -10.625000


30.744153 -9.316410 -10.618750 
28.567219 -8.384769 -12.500000 
31.054700 -10.558598 -13.118750 
30.744153 -9.316410 -10.618750


28.567219 -8.384769 -12.500000 
29.191418 -5.900393 -11.881250 
31.054700 -7.142581 -13.756250 
28.567219 -8.384769 -12.500000


29.812512 -0.621094 -11.881250 
31.675794 -1.242188 -14.381250 
30.433606 -2.484376 -14.381250 
29.812512 -0.621094 -11.881250


35.402358 1.863282 -12.506250 
33.849623 0.000000 -13.756250 
31.675794 -1.242188 -14.381250 
35.402358 1.863282 -12.506250


35.399253 -16.458991 -8.750000 
34.157065 -13.974615 -14.375000 
36.333999 -17.390632 -11.881250 
35.399253 -16.458991 -8.750000


39.439469 -42.234392 -10.618750 
39.746911 -39.439469 -15.625000 
38.504723 -44.097674 -11.875000 
39.439469 -42.234392 -10.618750


40.681657 -45.339862 -16.243750 
38.197281 -45.029315 -11.868750 
38.818375 -46.892597 -14.368750 
40.681657 -45.339862 -16.243750


41.923845 -43.790232 -16.875000 
38.197281 -45.029315 -11.868750 
40.681657 -45.339862 -16.243750 
41.923845 -43.790232 -16.875000


38.504723 -44.097674 -11.875000 
41.923845 -43.790232 -16.875000 
41.302751 -42.544939 -14.368750 
38.504723 -44.097674 -11.875000


40.368005 -32.296888 -11.250000 
40.368005 -28.880871 -16.875000 
40.368005 -35.712905 -9.375000 
40.368005 -32.296888 -11.250000


39.750016 4.040216 -11.250000 
40.684762 0.621094 -8.750000 
41.302751 2.173829 -15.006250 
39.750016 4.040216 -11.250000


42.858591 -35.091811 -11.875000 
42.544939 -36.958198 -12.500000 
44.408221 -34.781264 -14.368750 
42.858591 -35.091811 -11.875000


44.097674 -31.678899 -12.500000 
42.858591 -35.091811 -11.875000 
44.408221 -34.781264 -14.368750 
44.097674 -31.678899 -12.500000


45.032420 -16.148444 -10.625000 
45.032420 -23.291025 -11.250000 
46.585155 -20.185555 -15.625000 
45.032420 -16.148444 -10.625000


45.653514 -10.248051 -15.000000 
45.032420 -16.148444 -10.625000 
45.964061 -13.664068 -13.750000 
45.653514 -10.248051 -15.000000


29.191418 -5.900393 -11.881250 
28.259777 -3.105470 -12.506250 
30.433606 -5.589846 -13.756250 
29.191418 -5.900393 -11.881250


28.880871 -3.726564 -9.381250 
28.259777 -3.105470 -12.506250 
29.191418 -5.900393 -11.881250 
28.880871 -3.726564 -9.381250


29.812512 -0.621094 -11.881250 
30.433606 -2.484376 -14.381250 
27.014484 -2.794923 -10.625000 
29.812512 -0.621094 -11.881250


35.402358 1.863282 -12.506250 
31.675794 -1.242188 -14.381250 
29.812512 -0.621094 -11.881250 
35.402358 1.863282 -12.506250


37.265640 3.726564 -11.256250 
37.576187 2.484376 -12.506250 
35.402358 1.863282 -12.506250 
37.265640 3.726564 -11.256250


36.333999 -17.390632 -11.881250 
37.576187 -20.185555 -11.256250 
36.955093 -20.806649 -11.881250 
36.333999 -17.390632 -11.881250


37.576187 -20.185555 -11.256250 
37.573082 -22.980478 -11.250000 
36.955093 -20.806649 -11.881250 
37.576187 -20.185555 -11.256250


38.504723 -44.097674 -11.875000 
39.125817 -42.234392 -16.875000 
38.197281 -45.029315 -11.868750 
38.504723 -44.097674 -11.875000


39.750016 -25.775401 -11.256250 
38.818375 -26.085948 -11.881250 
37.573082 -22.980478 -11.250000 
39.750016 -25.775401 -11.256250


38.504723 -44.097674 -11.875000 
38.197281 -45.029315 -11.868750 
41.923845 -43.790232 -16.875000 
38.504723 -44.097674 -11.875000


39.750016 -28.570324 -11.256250 
39.750016 -25.775401 -11.256250 
40.368005 -28.880871 -16.875000 
39.750016 -28.570324 -11.256250


44.411326 -12.421880 -10.000000 
45.653514 -10.248051 -15.000000 
44.100779 -8.384769 -11.250000 
44.411326 -12.421880 -10.000000


45.653514 -10.248051 -15.000000 
44.411326 -12.421880 -10.000000 
45.032420 -16.148444 -10.625000 
45.653514 -10.248051 -15.000000


28.256672 -7.142581 -10.625000 
29.191418 -5.900393 -11.881250 
28.567219 -8.384769 -12.500000 
28.256672 -7.142581 -10.625000


35.088706 -14.285162 -10.000000 
32.607435 -12.421880 -13.118750 
34.157065 -13.974615 -14.375000 
35.088706 -14.285162 -10.000000


34.160170 3.108575 -9.375000 
37.265640 3.726564 -11.256250 
35.402358 1.863282 -12.506250 
34.160170 3.108575 -9.375000


37.576187 -20.185555 -11.256250 
39.750016 -25.775401 -11.256250 
37.573082 -22.980478 -11.250000 
37.576187 -20.185555 -11.256250


40.371110 -39.128922 -8.118750 
39.746911 -39.439469 -15.625000 
39.439469 -42.234392 -10.618750 
40.371110 -39.128922 -8.118750


38.818375 -26.085948 -11.881250 
39.750016 -25.775401 -11.256250 
39.750016 -28.570324 -11.256250 
38.818375 -26.085948 -11.881250


37.576187 -20.185555 -11.256250 
39.436364 -22.359384 -13.750000 
39.750016 -25.775401 -11.256250 
37.576187 -20.185555 -11.256250


37.265640 3.726564 -11.256250 
39.750016 4.040216 -11.250000 
37.576187 2.484376 -12.506250 
37.265640 3.726564 -11.256250


40.371110 -39.128922 -8.118750 
40.057458 -37.265640 -12.500000 
39.746911 -39.439469 -15.625000 
40.371110 -39.128922 -8.118750


39.750016 -25.775401 -11.256250 
39.436364 -22.359384 -13.750000 
40.057458 -24.533213 -13.125000 
39.750016 -25.775401 -11.256250


40.060563 -42.544939 -9.993750 
38.504723 -44.097674 -11.875000 
41.302751 -42.544939 -14.368750 
40.060563 -42.544939 -9.993750


39.750016 -28.570324 -11.256250 
40.368005 -28.880871 -16.875000 
40.368005 -32.296888 -11.250000 
39.750016 -28.570324 -11.256250


41.616403 -38.818375 -11.875000 
40.060563 -42.544939 -9.993750 
41.302751 -42.544939 -14.368750 
41.616403 -38.818375 -11.875000


40.684762 0.621094 -8.750000 
42.237497 -0.310547 -11.875000 
41.302751 2.173829 -15.006250 
40.684762 0.621094 -8.750000


44.100779 -31.675794 -10.625000 
42.858591 -35.091811 -11.875000 
44.097674 -31.678899 -12.500000 
44.100779 -31.675794 -10.625000


45.032420 -25.775401 -12.500000 
44.718768 -27.331241 -9.375000 
45.339862 -30.433606 -14.368750 
45.032420 -25.775401 -12.500000


45.032420 -23.291025 -11.250000 
45.032420 -25.464854 -10.000000 
45.032420 -25.775401 -12.500000 
45.032420 -23.291025 -11.250000


45.032420 -17.390632 -6.875000 
45.032420 -23.291025 -11.250000 
45.032420 -16.148444 -10.625000 
45.032420 -17.390632 -6.875000


27.638683 -5.279299 -9.381250 
29.191418 -5.900393 -11.881250 
28.256672 -7.142581 -10.625000 
27.638683 -5.279299 -9.381250


27.014484 -2.794923 -10.625000 
31.365247 1.866387 -9.375000 
29.812512 -0.621094 -11.881250 
27.014484 -2.794923 -10.625000


27.014484 -2.794923 -10.625000 
28.259777 -3.105470 -12.506250 
28.880871 -3.726564 -9.381250 
27.014484 -2.794923 -10.625000


30.744153 -9.316410 -10.618750 
31.054700 -10.558598 -13.118750 
33.228529 -11.800786 -10.618750 
30.744153 -9.316410 -10.618750


35.088706 -14.285162 -10.000000 
34.157065 -13.974615 -14.375000 
35.399253 -16.458991 -8.750000 
35.088706 -14.285162 -10.000000


37.883629 -26.085948 -8.125000 
37.573082 -22.980478 -11.250000 
38.818375 -26.085948 -11.881250 
37.883629 -26.085948 -8.125000


38.197281 5.592951 -8.125000 
39.750016 4.040216 -11.250000 
37.265640 3.726564 -11.256250 
38.197281 5.592951 -8.125000


42.858591 -35.091811 -11.875000 
41.613298 -37.268745 -8.125000 
42.544939 -36.958198 -12.500000 
42.858591 -35.091811 -11.875000


43.169138 -34.160170 -9.375000 
41.613298 -37.268745 -8.125000 
42.858591 -35.091811 -11.875000 
43.169138 -34.160170 -9.375000


44.100779 -31.675794 -10.625000 
43.169138 -34.160170 -9.375000 
42.858591 -35.091811 -11.875000 
44.100779 -31.675794 -10.625000


44.100779 -31.675794 -10.625000 
44.097674 -31.678899 -12.500000 
45.339862 -30.433606 -14.368750 
44.100779 -31.675794 -10.625000


44.718768 -27.331241 -9.375000 
44.100779 -31.675794 -10.625000 
45.339862 -30.433606 -14.368750 
44.718768 -27.331241 -9.375000


45.032420 -25.464854 -10.000000 
44.718768 -27.331241 -9.375000 
45.032420 -25.775401 -12.500000 
45.032420 -25.464854 -10.000000


28.880871 -3.726564 -9.381250 
27.017589 -3.723459 -8.750000 
27.014484 -2.794923 -10.625000 
28.880871 -3.726564 -9.381250


28.256672 -7.142581 -10.625000 
28.567219 -8.384769 -12.500000 
30.744153 -9.316410 -10.618750 
28.256672 -7.142581 -10.625000


33.228529 -11.800786 -10.618750 
30.433606 -7.766780 -7.500000 
30.744153 -9.316410 -10.618750 
33.228529 -11.800786 -10.618750


31.365247 1.866387 -9.375000 
35.402358 1.863282 -12.506250 
29.812512 -0.621094 -11.881250 
31.365247 1.866387 -9.375000


34.160170 3.108575 -9.375000 
35.402358 1.863282 -12.506250 
31.365247 1.866387 -9.375000 
34.160170 3.108575 -9.375000


35.088706 -14.285162 -10.000000 
33.228529 -11.800786 -10.618750 
32.607435 -12.421880 -13.118750 
35.088706 -14.285162 -10.000000


36.333999 -18.011726 -8.118750 
36.333999 -17.390632 -11.881250 
36.955093 -20.806649 -11.881250 
36.333999 -18.011726 -8.118750


38.197281 5.592951 -8.125000 
37.265640 3.726564 -11.256250 
36.023452 4.350763 -8.750000 
38.197281 5.592951 -8.125000


37.265640 -21.738290 -8.118750 
36.955093 -20.806649 -11.881250 
37.573082 -22.980478 -11.250000 
37.265640 -21.738290 -8.118750


39.439469 -42.234392 -10.618750 
38.504723 -44.097674 -11.875000 
40.060563 -42.544939 -9.993750 
39.439469 -42.234392 -10.618750


40.368005 -35.712905 -9.375000 
40.057458 -37.265640 -12.500000 
40.371110 -39.128922 -8.118750 
40.368005 -35.712905 -9.375000


41.926950 -2.173829 -6.250000 
42.237497 -3.105470 -10.000000 
42.237497 -0.310547 -11.875000 
41.926950 -2.173829 -6.250000


43.169138 -3.726564 -12.500000 
43.479685 -6.210940 -8.750000 
44.411326 -5.900393 -14.375000 
43.169138 -3.726564 -12.500000


43.479685 -6.210940 -8.750000 
44.100779 -8.384769 -11.250000 
44.411326 -5.900393 -14.375000 
43.479685 -6.210940 -8.750000


44.411326 -12.421880 -10.000000 
44.721873 -14.906256 -6.875000 
45.032420 -16.148444 -10.625000 
44.411326 -12.421880 -10.000000


44.411326 -13.042974 -6.250000 
44.721873 -14.906256 -6.875000 
44.411326 -12.421880 -10.000000 
44.411326 -13.042974 -6.250000


28.880871 -3.726564 -9.381250 
27.638683 -5.279299 -9.381250 
27.017589 -3.723459 -8.750000 
28.880871 -3.726564 -9.381250


27.638683 -5.279299 -9.381250 
28.880871 -3.726564 -9.381250 
29.191418 -5.900393 -11.881250 
27.638683 -5.279299 -9.381250


36.023452 4.350763 -8.750000 
37.265640 3.726564 -11.256250 
34.160170 3.108575 -9.375000 
36.023452 4.350763 -8.750000


39.439469 -31.054700 -8.118750 
38.818375 -26.085948 -11.881250 
39.750016 -28.570324 -11.256250 
39.439469 -31.054700 -8.118750


39.750016 -28.570324 -11.256250 
40.368005 -32.296888 -11.250000 
39.439469 -31.054700 -8.118750 
39.750016 -28.570324 -11.256250


40.681657 -34.160170 -6.868750 
40.368005 -32.296888 -11.250000 
40.368005 -35.712905 -9.375000 
40.681657 -34.160170 -6.868750


38.197281 5.592951 -8.125000 
40.684762 0.621094 -8.750000 
39.750016 4.040216 -11.250000 
38.197281 5.592951 -8.125000


40.371110 -39.128922 -8.118750 
40.060563 -42.544939 -9.993750 
41.616403 -38.818375 -11.875000 
40.371110 -39.128922 -8.118750


41.613298 -37.268745 -8.125000 
41.616403 -38.818375 -11.875000 
42.544939 -36.958198 -12.500000 
41.613298 -37.268745 -8.125000


44.100779 -25.775401 -5.625000 
44.718768 -27.331241 -9.375000 
45.032420 -25.464854 -10.000000 
44.100779 -25.775401 -5.625000


30.433606 -7.766780 -7.500000 
28.256672 -7.142581 -10.625000 
30.744153 -9.316410 -10.618750 
30.433606 -7.766780 -7.500000


31.983236 -10.248051 -4.375000 
30.433606 -7.766780 -7.500000 
33.228529 -11.800786 -10.618750 
31.983236 -10.248051 -4.375000


31.983236 -10.248051 -4.375000 
33.228529 -11.800786 -10.618750 
33.539076 -12.424985 -4.375000 
31.983236 -10.248051 -4.375000


36.333999 -18.011726 -8.118750 
35.399253 -16.458991 -8.750000 
36.333999 -17.390632 -11.881250 
36.333999 -18.011726 -8.118750


37.265640 -21.738290 -8.118750 
36.333999 -18.011726 -8.118750 
36.955093 -20.806649 -11.881250 
37.265640 -21.738290 -8.118750


37.883629 -26.085948 -8.125000 
38.818375 -26.085948 -11.881250 
39.439469 -31.054700 -8.118750 
37.883629 -26.085948 -8.125000


40.060563 -42.544939 -9.993750 
40.371110 -39.128922 -8.118750 
39.439469 -42.234392 -10.618750 
40.060563 -42.544939 -9.993750


39.439469 -31.054700 -8.118750 
40.368005 -32.296888 -11.250000 
40.681657 -34.160170 -6.868750 
39.439469 -31.054700 -8.118750


41.613298 -37.268745 -8.125000 
40.371110 -39.128922 -8.118750 
41.616403 -38.818375 -11.875000 
41.613298 -37.268745 -8.125000


40.684762 0.621094 -8.750000 
41.616403 -0.931641 -5.625000 
42.237497 -0.310547 -11.875000 
40.684762 0.621094 -8.750000


42.237497 -3.105470 -10.000000 
43.479685 -6.210940 -8.750000 
43.169138 -3.726564 -12.500000 
42.237497 -3.105470 -10.000000


44.100779 -31.675794 -10.625000 
42.858591 -31.675794 -5.625000 
43.169138 -34.160170 -9.375000 
44.100779 -31.675794 -10.625000


45.032420 -16.148444 -10.625000 
44.721873 -14.906256 -6.875000 
45.032420 -17.390632 -6.875000 
45.032420 -16.148444 -10.625000


30.433606 -7.766780 -7.500000 
27.638683 -5.279299 -9.381250 
28.256672 -7.142581 -10.625000 
30.433606 -7.766780 -7.500000


29.501965 -1.552735 -6.243750 
31.365247 1.866387 -9.375000 
27.014484 -2.794923 -10.625000 
29.501965 -1.552735 -6.243750


35.402358 -14.595709 -4.993750 
35.088706 -14.285162 -10.000000 
35.399253 -16.458991 -8.750000 
35.402358 -14.595709 -4.993750


37.265640 -17.390632 -8.118750 
35.399253 -16.458991 -8.750000 
36.333999 -18.011726 -8.118750 
37.265640 -17.390632 -8.118750


37.265640 -21.738290 -8.118750 
37.573082 -22.980478 -11.250000 
37.883629 -26.085948 -8.125000 
37.265640 -21.738290 -8.118750


38.821480 4.658205 -6.250000 
40.684762 0.621094 -8.750000 
38.197281 5.592951 -8.125000 
38.821480 4.658205 -6.250000


40.681657 -34.160170 -6.868750 
40.368005 -35.712905 -9.375000 
40.992204 -35.712905 -6.243750 
40.681657 -34.160170 -6.868750


42.858591 -31.675794 -5.625000 
41.923845 -33.542181 -5.000000 
43.169138 -34.160170 -9.375000 
42.858591 -31.675794 -5.625000


44.718768 -27.331241 -9.375000 
42.858591 -31.675794 -5.625000 
44.100779 -31.675794 -10.625000 
44.718768 -27.331241 -9.375000


44.100779 -8.074222 -7.500000 
44.411326 -12.421880 -10.000000 
44.100779 -8.384769 -11.250000 
44.100779 -8.074222 -7.500000


45.032420 -23.291025 -11.250000 
44.411326 -22.980478 -5.000000 
45.032420 -25.464854 -10.000000 
45.032420 -23.291025 -11.250000


27.017589 -4.968752 -6.243750 
27.017589 -3.723459 -8.750000 
27.638683 -5.279299 -9.381250 
27.017589 -4.968752 -6.243750


27.017589 -4.968752 -6.243750 
27.638683 -5.279299 -9.381250 
30.433606 -7.766780 -7.500000 
27.017589 -4.968752 -6.243750


29.501965 -1.552735 -6.243750 
27.014484 -2.794923 -10.625000 
27.017589 -3.723459 -8.750000 
29.501965 -1.552735 -6.243750


33.539076 -12.424985 -4.375000 
33.228529 -11.800786 -10.618750 
35.088706 -14.285162 -10.000000 
33.539076 -12.424985 -4.375000


33.849623 1.863282 -6.868750 
35.402358 1.552735 -4.368750 
34.160170 3.108575 -9.375000 
33.849623 1.863282 -6.868750


35.402358 1.552735 -4.368750 
36.023452 4.350763 -8.750000 
34.160170 3.108575 -9.375000 
35.402358 1.552735 -4.368750


37.265640 -21.738290 -8.118750 
37.265640 -17.390632 -8.118750 
36.333999 -18.011726 -8.118750 
37.265640 -21.738290 -8.118750


39.125817 -21.117196 -7.500000 
37.265640 -17.390632 -8.118750 
37.265640 -21.738290 -8.118750 
39.125817 -21.117196 -7.500000


37.886734 -19.253914 -4.993750 
37.265640 -17.390632 -8.118750 
39.125817 -21.117196 -7.500000 
37.886734 -19.253914 -4.993750


39.125817 -21.117196 -7.500000 
37.265640 -21.738290 -8.118750 
39.750016 -24.222666 -8.118750 
39.125817 -21.117196 -7.500000


39.750016 -24.222666 -8.118750 
37.265640 -21.738290 -8.118750 
37.883629 -26.085948 -8.125000 
39.750016 -24.222666 -8.118750


39.750016 -24.222666 -8.118750 
37.883629 -26.085948 -8.125000 
39.439469 -31.054700 -8.118750 
39.750016 -24.222666 -8.118750


40.992204 -35.712905 -6.243750 
40.368005 -35.712905 -9.375000 
40.371110 -39.128922 -8.118750 
40.992204 -35.712905 -6.243750


40.989099 -30.433606 -5.625000 
39.750016 -24.222666 -8.118750 
39.439469 -31.054700 -8.118750 
40.989099 -30.433606 -5.625000


40.992204 -35.712905 -6.243750 
41.613298 -37.268745 -8.125000 
43.169138 -34.160170 -9.375000 
40.992204 -35.712905 -6.243750


42.237497 -3.105470 -10.000000 
42.858591 -5.589846 -3.750000 
43.479685 -6.210940 -8.750000 
42.237497 -3.105470 -10.000000


43.479685 -6.210940 -8.750000 
43.166033 -8.695316 -1.868750 
44.100779 -8.384769 -11.250000 
43.479685 -6.210940 -8.750000


44.100779 -25.775401 -5.625000 
43.476580 -27.641788 -5.000000 
44.718768 -27.331241 -9.375000 
44.100779 -25.775401 -5.625000


44.411326 -22.980478 -5.000000 
44.100779 -25.775401 -5.625000 
45.032420 -25.464854 -10.000000 
44.411326 -22.980478 -5.000000


33.539076 -12.424985 -4.375000 
35.088706 -14.285162 -10.000000 
35.402358 -14.595709 -4.993750 
33.539076 -12.424985 -4.375000


37.265640 -17.390632 -8.118750 
35.402358 -14.595709 -4.993750 
35.399253 -16.458991 -8.750000 
37.265640 -17.390632 -8.118750


40.060563 -28.259777 -5.631250 
39.750016 -24.222666 -8.118750 
40.989099 -30.433606 -5.625000 
40.060563 -28.259777 -5.631250


40.992204 -35.712905 -6.243750 
40.371110 -39.128922 -8.118750 
41.613298 -37.268745 -8.125000 
40.992204 -35.712905 -6.243750


41.923845 -33.542181 -5.000000 
40.992204 -35.712905 -6.243750 
43.169138 -34.160170 -9.375000 
41.923845 -33.542181 -5.000000


41.616403 -0.931641 -5.625000 
41.926950 -2.173829 -6.250000 
42.237497 -0.310547 -11.875000 
41.616403 -0.931641 -5.625000


43.476580 -9.937504 -2.493750 
44.100779 -8.074222 -7.500000 
44.100779 -8.384769 -11.250000 
43.476580 -9.937504 -2.493750


44.100779 -8.074222 -7.500000 
44.411326 -13.042974 -6.250000 
44.411326 -12.421880 -10.000000 
44.100779 -8.074222 -7.500000


45.032420 -23.291025 -11.250000 
44.097674 -18.943367 -3.118750 
44.411326 -22.980478 -5.000000 
45.032420 -23.291025 -11.250000


45.032420 -17.390632 -6.875000 
44.097674 -18.943367 -3.118750 
45.032420 -23.291025 -11.250000 
45.032420 -17.390632 -6.875000


29.501965 -1.552735 -6.243750 
27.017589 -3.723459 -8.750000 
29.812512 -2.794923 -4.993750 
29.501965 -1.552735 -6.243750


31.365247 1.866387 -9.375000 
33.849623 1.863282 -6.868750 
34.160170 3.108575 -9.375000 
31.365247 1.866387 -9.375000


33.539076 -0.310547 -3.118750 
33.849623 1.863282 -6.868750 
31.365247 1.866387 -9.375000 
33.539076 -0.310547 -3.118750


36.641441 -17.080085 -5.000000 
35.402358 -14.595709 -4.993750 
37.265640 -17.390632 -8.118750 
36.641441 -17.080085 -5.000000


36.023452 4.350763 -8.750000 
38.821480 4.658205 -6.250000 
38.197281 5.592951 -8.125000 
36.023452 4.350763 -8.750000


36.641441 -17.080085 -5.000000 
37.265640 -17.390632 -8.118750 
37.886734 -19.253914 -4.993750 
36.641441 -17.080085 -5.000000


40.989099 -30.433606 -5.625000 
39.439469 -31.054700 -8.118750 
40.681657 -34.160170 -6.868750 
40.989099 -30.433606 -5.625000


41.926950 -2.173829 -6.250000 
42.858591 -5.589846 -3.750000 
42.237497 -3.105470 -10.000000 
41.926950 -2.173829 -6.250000


27.017589 -4.968752 -6.243750 
29.812512 -2.794923 -4.993750 
27.017589 -3.723459 -8.750000 
27.017589 -4.968752 -6.243750


33.539076 -0.310547 -3.118750 
31.365247 1.866387 -9.375000 
29.501965 -1.552735 -6.243750 
33.539076 -0.310547 -3.118750


40.060563 -28.259777 -5.631250 
39.125817 -24.843760 -4.375000 
39.750016 -24.222666 -8.118750 
40.060563 -28.259777 -5.631250


38.821480 4.658205 -6.250000 
39.750016 2.484376 -3.118750 
40.684762 0.621094 -8.750000 
38.821480 4.658205 -6.250000


41.923845 -33.542181 -5.000000 
40.681657 -34.160170 -6.868750 
40.992204 -35.712905 -6.243750 
41.923845 -33.542181 -5.000000


44.721873 -14.906256 -6.875000 
44.097674 -18.943367 -3.118750 
45.032420 -17.390632 -6.875000 
44.721873 -14.906256 -6.875000


27.949230 -6.214045 -4.375000 
27.017589 -4.968752 -6.243750 
30.433606 -7.766780 -7.500000 
27.949230 -6.214045 -4.375000


31.365247 -2.173829 -3.118750 
29.501965 -1.552735 -6.243750 
29.812512 -2.794923 -4.993750 
31.365247 -2.173829 -3.118750


33.539076 -0.310547 -3.118750 
29.501965 -1.552735 -6.243750 
31.365247 -2.173829 -3.118750 
33.539076 -0.310547 -3.118750


37.886734 -19.253914 -4.993750 
39.125817 -21.117196 -7.500000 
38.197281 -21.117196 -4.368750 
37.886734 -19.253914 -4.993750


39.125817 -24.843760 -4.375000 
39.125817 -21.117196 -7.500000 
39.750016 -24.222666 -8.118750 
39.125817 -24.843760 -4.375000


39.750016 2.484376 -3.118750 
41.616403 -0.931641 -5.625000 
40.684762 0.621094 -8.750000 
39.750016 2.484376 -3.118750


41.302751 -32.917982 -3.118750 
40.681657 -34.160170 -6.868750 
41.923845 -33.542181 -5.000000 
41.302751 -32.917982 -3.118750


40.989099 -30.433606 -5.625000 
40.681657 -34.160170 -6.868750 
41.302751 -32.917982 -3.118750 
40.989099 -30.433606 -5.625000


43.476580 -27.641788 -5.000000 
42.858591 -31.675794 -5.625000 
44.718768 -27.331241 -9.375000 
43.476580 -27.641788 -5.000000


42.858591 -5.589846 -3.750000 
43.166033 -8.695316 -1.868750 
43.479685 -6.210940 -8.750000 
42.858591 -5.589846 -3.750000


44.100779 -25.775401 -5.625000 
42.855486 -26.396495 -2.493750 
43.476580 -27.641788 -5.000000 
44.100779 -25.775401 -5.625000


29.812512 -2.794923 -4.993750 
27.017589 -4.968752 -6.243750 
27.949230 -6.214045 -4.375000 
29.812512 -2.794923 -4.993750


30.433606 -7.763675 -3.118750 
30.433606 -7.766780 -7.500000 
31.983236 -10.248051 -4.375000 
30.433606 -7.763675 -3.118750


34.781264 -10.558598 -4.368750 
33.539076 -12.424985 -4.375000 
35.402358 -14.595709 -4.993750 
34.781264 -10.558598 -4.368750


34.781264 -10.558598 -4.368750 
35.402358 -14.595709 -4.993750 
37.576187 -15.527350 -4.368750 
34.781264 -10.558598 -4.368750


37.576187 -15.527350 -4.368750 
35.402358 -14.595709 -4.993750 
36.641441 -17.080085 -5.000000 
37.576187 -15.527350 -4.368750


38.821480 4.658205 -6.250000 
35.402358 1.552735 -4.368750 
36.333999 1.242188 -3.743750 
38.821480 4.658205 -6.250000


38.821480 4.658205 -6.250000 
36.023452 4.350763 -8.750000 
35.402358 1.552735 -4.368750 
38.821480 4.658205 -6.250000


39.125817 -24.843760 -4.375000 
38.197281 -21.117196 -4.368750 
39.125817 -21.117196 -7.500000 
39.125817 -24.843760 -4.375000


39.439469 -19.253914 -4.368750 
36.641441 -17.080085 -5.000000 
37.886734 -19.253914 -4.993750 
39.439469 -19.253914 -4.368750


38.197281 -21.117196 -4.368750 
39.439469 -19.253914 -4.368750 
37.886734 -19.253914 -4.993750 
38.197281 -21.117196 -4.368750


39.750016 -31.365247 -3.743750 
40.060563 -28.259777 -5.631250 
40.989099 -30.433606 -5.625000 
39.750016 -31.365247 -3.743750


42.234392 -28.570324 -1.868750 
41.923845 -31.678899 -2.500000 
42.858591 -31.675794 -5.625000 
42.234392 -28.570324 -1.868750


43.476580 -27.641788 -5.000000 
42.234392 -28.570324 -1.868750 
42.858591 -31.675794 -5.625000 
43.476580 -27.641788 -5.000000


44.100779 -8.384769 -11.250000 
43.166033 -8.695316 -1.868750 
43.476580 -9.937504 -2.493750 
44.100779 -8.384769 -11.250000


44.100779 -8.074222 -7.500000 
43.787127 -12.732427 -3.118750 
44.411326 -13.042974 -6.250000 
44.100779 -8.074222 -7.500000


43.476580 -9.937504 -2.493750 
43.787127 -12.732427 -3.118750 
44.100779 -8.074222 -7.500000 
43.476580 -9.937504 -2.493750


44.097674 -18.943367 -3.118750 
43.476580 -22.669931 -2.493750 
44.411326 -22.980478 -5.000000 
44.097674 -18.943367 -3.118750


44.411326 -13.042974 -6.250000 
44.097674 -18.943367 -3.118750 
44.721873 -14.906256 -6.875000 
44.411326 -13.042974 -6.250000


27.949230 -6.214045 -4.375000 
30.433606 -7.766780 -7.500000 
30.433606 -7.763675 -3.118750 
27.949230 -6.214045 -4.375000


30.123059 -5.589846 -2.493750 
29.812512 -2.794923 -4.993750 
27.949230 -6.214045 -4.375000 
30.123059 -5.589846 -2.493750


34.781264 -10.558598 -4.368750 
31.983236 -10.248051 -4.375000 
33.539076 -12.424985 -4.375000 
34.781264 -10.558598 -4.368750


33.539076 -0.310547 -3.118750 
35.402358 1.552735 -4.368750 
33.849623 1.863282 -6.868750 
33.539076 -0.310547 -3.118750


38.818375 -12.421880 -4.368750 
36.955093 -9.316410 -4.368750 
34.781264 -10.558598 -4.368750 
38.818375 -12.421880 -4.368750


39.128922 -17.701179 -4.368750 
37.576187 -15.527350 -4.368750 
36.641441 -17.080085 -5.000000 
39.128922 -17.701179 -4.368750


39.128922 -17.701179 -4.368750 
36.641441 -17.080085 -5.000000 
39.439469 -19.253914 -4.368750 
39.128922 -17.701179 -4.368750


38.818375 -12.421880 -4.368750 
34.781264 -10.558598 -4.368750 
37.576187 -15.527350 -4.368750 
38.818375 -12.421880 -4.368750


40.060563 -22.048837 -3.743750 
38.197281 -21.117196 -4.368750 
39.125817 -24.843760 -4.375000 
40.060563 -22.048837 -3.743750


38.818375 -12.421880 -4.368750 
37.576187 -15.527350 -4.368750 
39.128922 -17.701179 -4.368750 
38.818375 -12.421880 -4.368750


39.125817 -24.843760 -4.375000 
40.060563 -28.259777 -5.631250 
39.750016 -31.365247 -3.743750 
39.125817 -24.843760 -4.375000


39.439469 -19.253914 -4.368750 
38.197281 -21.117196 -4.368750 
40.060563 -22.048837 -3.743750 
39.439469 -19.253914 -4.368750


40.060563 -22.048837 -3.743750 
39.125817 -24.843760 -4.375000 
41.923845 -24.843760 -3.743750 
40.060563 -22.048837 -3.743750


39.750016 -31.365247 -3.743750 
41.302751 -32.917982 -3.118750 
39.746911 -32.607435 -4.375000 
39.750016 -31.365247 -3.743750


39.750016 -31.365247 -3.743750 
40.989099 -30.433606 -5.625000 
41.302751 -32.917982 -3.118750 
39.750016 -31.365247 -3.743750


42.858591 -31.675794 -5.625000 
41.302751 -32.917982 -3.118750 
41.923845 -33.542181 -5.000000 
42.858591 -31.675794 -5.625000


43.476580 -22.669931 -2.493750 
40.060563 -22.048837 -3.743750 
41.923845 -24.843760 -3.743750 
43.476580 -22.669931 -2.493750


41.616403 -0.931641 -5.625000 
41.616403 -1.863282 -1.875000 
41.926950 -2.173829 -6.250000 
41.616403 -0.931641 -5.625000


42.858591 -5.589846 -3.750000 
42.544939 -6.521487 -1.243750 
43.166033 -8.695316 -1.868750 
42.858591 -5.589846 -3.750000


32.607435 -9.005863 -3.743750 
30.433606 -7.763675 -3.118750 
31.983236 -10.248051 -4.375000 
32.607435 -9.005863 -3.743750


32.607435 -9.005863 -3.743750 
34.470717 -7.763675 -3.118750 
30.433606 -7.763675 -3.118750 
32.607435 -9.005863 -3.743750


32.607435 -9.005863 -3.743750 
31.983236 -10.248051 -4.375000 
34.781264 -10.558598 -4.368750 
32.607435 -9.005863 -3.743750


34.470717 -7.763675 -3.118750 
32.607435 -9.005863 -3.743750 
36.955093 -9.316410 -4.368750 
34.470717 -7.763675 -3.118750


33.539076 -0.310547 -3.118750 
36.333999 1.242188 -3.743750 
35.402358 1.552735 -4.368750 
33.539076 -0.310547 -3.118750


36.955093 -9.316410 -4.368750 
32.607435 -9.005863 -3.743750 
34.781264 -10.558598 -4.368750 
36.955093 -9.316410 -4.368750


36.333999 0.000000 -1.868750 
39.750016 2.484376 -3.118750 
36.333999 1.242188 -3.743750 
36.333999 0.000000 -1.868750


38.818375 -9.626957 -3.743750 
36.955093 -9.316410 -4.368750 
38.818375 -12.421880 -4.368750 
38.818375 -9.626957 -3.743750


36.333999 1.242188 -3.743750 
39.750016 2.484376 -3.118750 
38.821480 4.658205 -6.250000 
36.333999 1.242188 -3.743750


40.060563 -28.259777 -3.118750 
39.125817 -24.843760 -4.375000 
39.750016 -31.365247 -3.743750 
40.060563 -28.259777 -3.118750


39.128922 -17.701179 -4.368750 
39.750016 -10.869145 -2.493750 
38.818375 -12.421880 -4.368750 
39.128922 -17.701179 -4.368750


43.166033 -18.943367 -3.743750 
39.128922 -17.701179 -4.368750 
39.439469 -19.253914 -4.368750 
43.166033 -18.943367 -3.743750


43.166033 -18.943367 -3.743750 
39.750016 -10.869145 -2.493750 
39.128922 -17.701179 -4.368750 
43.166033 -18.943367 -3.743750


41.302751 -32.917982 -3.118750 
40.371110 -35.402358 -3.118750 
39.746911 -32.607435 -4.375000 
41.302751 -32.917982 -3.118750


41.302751 -32.917982 -3.118750 
39.750016 -31.365247 -3.743750 
39.746911 -32.607435 -4.375000 
41.302751 -32.917982 -3.118750


40.060563 -22.048837 -3.743750 
43.166033 -18.943367 -3.743750 
39.439469 -19.253914 -4.368750 
40.060563 -22.048837 -3.743750


41.923845 -24.843760 -3.743750 
39.125817 -24.843760 -4.375000 
40.060563 -28.259777 -3.118750 
41.923845 -24.843760 -3.743750


41.923845 -31.678899 -2.500000 
41.302751 -32.917982 -3.118750 
42.858591 -31.675794 -5.625000 
41.923845 -31.678899 -2.500000


43.166033 -18.943367 -3.743750 
40.060563 -22.048837 -3.743750 
43.476580 -22.669931 -2.493750 
43.166033 -18.943367 -3.743750


43.787127 -12.732427 -3.118750 
39.750016 -10.869145 -2.493750 
43.166033 -18.943367 -3.743750 
43.787127 -12.732427 -3.118750


43.476580 -9.937504 -2.493750 
39.750016 -10.869145 -2.493750 
43.787127 -12.732427 -3.118750 
43.476580 -9.937504 -2.493750


44.411326 -22.980478 -5.000000 
42.855486 -26.396495 -2.493750 
44.100779 -25.775401 -5.625000 
44.411326 -22.980478 -5.000000


43.787127 -12.732427 -3.118750 
44.097674 -18.943367 -3.118750 
44.411326 -13.042974 -6.250000 
43.787127 -12.732427 -3.118750


30.123059 -5.589846 -2.493750 
27.949230 -6.214045 -4.375000 
30.433606 -7.763675 -3.118750 
30.123059 -5.589846 -2.493750


31.365247 -2.173829 -3.118750 
29.812512 -2.794923 -4.993750 
30.123059 -5.589846 -2.493750 
31.365247 -2.173829 -3.118750


31.675794 -3.726564 -1.868750 
31.365247 -2.173829 -3.118750 
30.123059 -5.589846 -2.493750 
31.675794 -3.726564 -1.868750


34.470717 -7.763675 -3.118750 
30.123059 -5.589846 -2.493750 
30.433606 -7.763675 -3.118750 
34.470717 -7.763675 -3.118750


36.333999 0.000000 -1.868750 
36.333999 1.242188 -3.743750 
33.539076 -0.310547 -3.118750 
36.333999 0.000000 -1.868750


34.470717 -6.521487 -2.493750 
34.470717 -7.763675 -3.118750 
36.955093 -9.316410 -4.368750 
34.470717 -6.521487 -2.493750


38.818375 -9.626957 -3.743750 
34.470717 -6.521487 -2.493750 
36.955093 -9.316410 -4.368750 
38.818375 -9.626957 -3.743750


38.818375 -9.626957 -3.743750 
37.265640 -7.453128 -1.868750 
34.470717 -6.521487 -2.493750 
38.818375 -9.626957 -3.743750


39.750016 -10.869145 -2.493750 
38.818375 -9.626957 -3.743750 
38.818375 -12.421880 -4.368750 
39.750016 -10.869145 -2.493750


41.302751 -32.917982 -3.118750 
40.060563 -28.259777 -3.118750 
39.750016 -31.365247 -3.743750 
41.302751 -32.917982 -3.118750


40.060563 0.931641 -0.618750 
41.616403 -0.931641 -5.625000 
39.750016 2.484376 -3.118750 
40.060563 0.931641 -0.618750


41.302751 -32.917982 -3.118750 
39.746911 -32.607435 -4.375000 
40.371110 -35.402358 -3.118750 
41.302751 -32.917982 -3.118750


42.855486 -26.396495 -2.493750 
41.923845 -24.843760 -3.743750 
40.060563 -28.259777 -3.118750 
42.855486 -26.396495 -2.493750


41.616403 -1.863282 -1.875000 
41.302751 -3.726564 0.006250 
41.926950 -2.173829 -6.250000 
41.616403 -1.863282 -1.875000


42.855486 -26.396495 -2.493750 
43.476580 -22.669931 -2.493750 
41.923845 -24.843760 -3.743750 
42.855486 -26.396495 -2.493750


42.855486 -26.396495 -2.493750 
42.234392 -28.570324 -1.868750 
43.476580 -27.641788 -5.000000 
42.855486 -26.396495 -2.493750


43.476580 -22.669931 -2.493750 
42.855486 -26.396495 -2.493750 
44.411326 -22.980478 -5.000000 
43.476580 -22.669931 -2.493750


44.097674 -18.943367 -3.118750 
43.787127 -12.732427 -3.118750 
43.166033 -18.943367 -3.743750 
44.097674 -18.943367 -3.118750


34.470717 -6.521487 -2.493750 
30.123059 -5.589846 -2.493750 
34.470717 -7.763675 -3.118750 
34.470717 -6.521487 -2.493750


34.470717 -5.900393 -2.493750 
30.123059 -5.589846 -2.493750 
34.470717 -6.521487 -2.493750 
34.470717 -5.900393 -2.493750


36.333999 0.000000 -1.868750 
31.365247 -2.173829 -3.118750 
31.675794 -3.726564 -1.868750 
36.333999 0.000000 -1.868750


36.333999 0.000000 -1.868750 
33.539076 -0.310547 -3.118750 
31.365247 -2.173829 -3.118750 
36.333999 0.000000 -1.868750


34.470717 -2.173829 -2.493750 
36.333999 0.000000 -1.868750 
31.675794 -3.726564 -1.868750 
34.470717 -2.173829 -2.493750


39.128922 -6.521487 -2.493750 
34.470717 -5.900393 -2.493750 
34.470717 -6.521487 -2.493750 
39.128922 -6.521487 -2.493750


40.060563 0.931641 -0.618750 
39.750016 2.484376 -3.118750 
36.333999 0.000000 -1.868750 
40.060563 0.931641 -0.618750


39.128922 -6.521487 -2.493750 
34.470717 -6.521487 -2.493750 
37.265640 -7.453128 -1.868750 
39.128922 -6.521487 -2.493750


39.128922 -6.521487 -2.493750 
37.265640 -7.453128 -1.868750 
38.818375 -9.626957 -3.743750 
39.128922 -6.521487 -2.493750


39.750016 -10.869145 -2.493750 
39.128922 -6.521487 -2.493750 
38.818375 -9.626957 -3.743750 
39.750016 -10.869145 -2.493750


39.128922 -6.521487 -2.493750 
39.750016 -10.869145 -2.493750 
43.476580 -9.937504 -2.493750 
39.128922 -6.521487 -2.493750


40.060563 -28.259777 -3.118750 
41.302751 -32.917982 -3.118750 
41.923845 -31.678899 -2.500000 
40.060563 -28.259777 -3.118750


40.060563 0.931641 -0.618750 
41.616403 -1.863282 -1.875000 
41.616403 -0.931641 -5.625000 
40.060563 0.931641 -0.618750


43.166033 -8.695316 -1.868750 
41.302751 -5.900393 -1.243750 
39.128922 -6.521487 -2.493750 
43.166033 -8.695316 -1.868750


41.923845 -31.678899 -2.500000 
42.855486 -26.396495 -2.493750 
40.060563 -28.259777 -3.118750 
41.923845 -31.678899 -2.500000


41.926950 -2.173829 -6.250000 
41.302751 -3.726564 0.006250 
42.858591 -5.589846 -3.750000 
41.926950 -2.173829 -6.250000


43.476580 -9.937504 -2.493750 
43.166033 -8.695316 -1.868750 
39.128922 -6.521487 -2.493750 
43.476580 -9.937504 -2.493750


43.476580 -22.669931 -2.493750 
44.097674 -18.943367 -3.118750 
43.166033 -18.943367 -3.743750 
43.476580 -22.669931 -2.493750


34.470717 -5.900393 -2.493750 
31.675794 -3.726564 -1.868750 
30.123059 -5.589846 -2.493750 
34.470717 -5.900393 -2.493750


34.781264 -3.726564 -0.618750 
34.470717 -5.900393 -2.493750 
39.128922 -6.521487 -2.493750 
34.781264 -3.726564 -0.618750


36.955093 -0.931641 -1.243750 
36.333999 0.000000 -1.868750 
34.470717 -2.173829 -2.493750 
36.955093 -0.931641 -1.243750


40.060563 0.931641 -0.618750 
36.333999 0.000000 -1.868750 
36.955093 -0.931641 -1.243750 
40.060563 0.931641 -0.618750


41.923845 -31.678899 -2.500000 
42.234392 -28.570324 -1.868750 
42.855486 -26.396495 -2.493750 
41.923845 -31.678899 -2.500000


42.544939 -6.521487 -1.243750 
41.302751 -5.900393 -1.243750 
43.166033 -8.695316 -1.868750 
42.544939 -6.521487 -1.243750


31.675794 -3.726564 -1.868750 
34.781264 -3.726564 -0.618750 
34.470717 -2.173829 -2.493750 
31.675794 -3.726564 -1.868750


34.781264 -3.726564 -0.618750 
31.675794 -3.726564 -1.868750 
34.470717 -5.900393 -2.493750 
34.781264 -3.726564 -0.618750


34.781264 -3.726564 -0.618750 
36.955093 -0.931641 -1.243750 
34.470717 -2.173829 -2.493750 
34.781264 -3.726564 -0.618750


34.781264 -3.726564 -0.618750 
39.128922 -6.521487 -2.493750 
38.507828 -4.347658 -1.243750 
34.781264 -3.726564 -0.618750


41.302751 -5.900393 -1.243750 
38.507828 -4.347658 -1.243750 
39.128922 -6.521487 -2.493750 
41.302751 -5.900393 -1.243750


41.302751 -3.726564 0.006250 
42.544939 -6.521487 -1.243750 
42.858591 -5.589846 -3.750000 
41.302751 -3.726564 0.006250


38.197281 -2.484376 0.631250 
36.955093 -0.931641 -1.243750 
34.781264 -3.726564 -0.618750 
38.197281 -2.484376 0.631250


38.507828 -4.347658 -1.243750 
38.197281 -2.484376 0.631250 
34.781264 -3.726564 -0.618750 
38.507828 -4.347658 -1.243750


40.060563 0.931641 -0.618750 
36.955093 -0.931641 -1.243750 
39.750016 -0.931641 0.631250 
40.060563 0.931641 -0.618750


40.060563 0.931641 -0.618750 
39.750016 -0.931641 0.631250 
41.616403 -1.863282 -1.875000 
40.060563 0.931641 -0.618750


41.302751 -3.726564 0.006250 
38.507828 -4.347658 -1.243750 
41.302751 -5.900393 -1.243750 
41.302751 -3.726564 0.006250


41.302751 -3.726564 0.006250 
41.302751 -5.900393 -1.243750 
42.544939 -6.521487 -1.243750 
41.302751 -3.726564 0.006250


39.750016 -0.931641 0.631250 
36.955093 -0.931641 -1.243750 
38.197281 -2.484376 0.631250 
39.750016 -0.931641 0.631250


41.302751 -3.726564 0.006250 
38.197281 -2.484376 0.631250 
38.507828 -4.347658 -1.243750 
41.302751 -3.726564 0.006250


39.750016 -0.931641 0.631250 
41.302751 -3.726564 0.006250 
41.616403 -1.863282 -1.875000 
39.750016 -0.931641 0.631250


41.302751 -3.726564 0.006250 
39.750016 -0.931641 0.631250 
38.197281 -2.484376 0.631250 
41.302751 -3.726564 0.006250


