1006

9.005863 -7.453128 -60.631250 
6.521487 -5.279299 -61.881250 
9.937504 -6.210940 -61.881250 
9.005863 -7.453128 -60.631250


7.142581 -6.832034 -61.256250 
6.521487 -5.279299 -61.881250 
9.005863 -7.453128 -60.631250 
7.142581 -6.832034 -61.256250


9.937504 -6.210940 -61.881250 
12.421880 -6.521487 -61.256250 
9.005863 -7.453128 -60.631250 
9.937504 -6.210940 -61.881250


25.775401 -7.142581 -61.256250 
21.117196 -8.384769 -60.631250 
18.322273 -7.142581 -60.631250 
25.775401 -7.142581 -61.256250


25.775401 -7.142581 -61.256250 
22.669931 -9.316410 -60.631250 
21.117196 -8.384769 -60.631250 
25.775401 -7.142581 -61.256250


25.775401 -7.142581 -61.256250 
25.464854 -10.248051 -60.631250 
22.669931 -9.316410 -60.631250 
25.775401 -7.142581 -61.256250


8.695316 -10.558598 -58.756250 
7.453128 -8.384769 -60.631250 
11.490239 -10.869145 -60.006250 
8.695316 -10.558598 -58.756250


12.421880 -6.521487 -61.256250 
7.453128 -8.384769 -60.631250 
9.005863 -7.453128 -60.631250 
12.421880 -6.521487 -61.256250


7.453128 -8.384769 -60.631250 
12.421880 -6.521487 -61.256250 
11.490239 -10.869145 -60.006250 
7.453128 -8.384769 -60.631250


12.421880 -6.521487 -61.256250 
16.458991 -10.248051 -60.631250 
11.490239 -10.869145 -60.006250 
12.421880 -6.521487 -61.256250


16.148444 -7.139476 -60.625000 
16.458991 -10.248051 -60.631250 
12.421880 -6.521487 -61.256250 
16.148444 -7.139476 -60.625000


21.117196 -8.384769 -60.631250 
16.148444 -7.139476 -60.625000 
18.322273 -7.142581 -60.631250 
21.117196 -8.384769 -60.631250


21.117196 -8.384769 -60.631250 
22.669931 -9.316410 -60.631250 
19.875008 -11.800786 -60.006250 
21.117196 -8.384769 -60.631250


22.669931 -9.316410 -60.631250 
21.738290 -12.111333 -60.006250 
19.875008 -11.800786 -60.006250 
22.669931 -9.316410 -60.631250


25.464854 -10.248051 -60.631250 
24.843760 -13.974615 -59.381250 
22.669931 -9.316410 -60.631250 
25.464854 -10.248051 -60.631250


25.464854 -10.248051 -60.631250 
25.775401 -7.142581 -61.256250 
27.328136 -7.763675 -61.256250 
25.464854 -10.248051 -60.631250


25.464854 -10.248051 -60.631250 
27.328136 -7.763675 -61.256250 
27.949230 -9.005863 -60.631250 
25.464854 -10.248051 -60.631250


27.949230 -9.005863 -60.631250 
27.638683 -13.974615 -60.006250 
25.464854 -10.248051 -60.631250 
27.949230 -9.005863 -60.631250


7.142581 -6.832034 -61.256250 
9.005863 -7.453128 -60.631250 
7.453128 -8.384769 -60.631250 
7.142581 -6.832034 -61.256250


7.763675 -4.034006 -58.125000 
9.937504 -6.210940 -61.881250 
6.521487 -5.279299 -61.881250 
7.763675 -4.034006 -58.125000


12.421880 -6.521487 -61.256250 
9.937504 -6.210940 -61.881250 
11.800786 -4.968752 -56.881250 
12.421880 -6.521487 -61.256250


16.458991 -10.248051 -60.631250 
14.285162 -11.490239 -59.381250 
11.490239 -10.869145 -60.006250 
16.458991 -10.248051 -60.631250


14.285162 -5.900393 -57.506250 
16.148444 -7.139476 -60.625000 
12.421880 -6.521487 -61.256250 
14.285162 -5.900393 -57.506250


19.875008 -11.800786 -60.006250 
14.285162 -11.490239 -59.381250 
16.458991 -10.248051 -60.631250 
19.875008 -11.800786 -60.006250


16.148444 -7.139476 -60.625000 
19.875008 -11.800786 -60.006250 
16.458991 -10.248051 -60.631250 
16.148444 -7.139476 -60.625000


21.117196 -8.384769 -60.631250 
19.875008 -11.800786 -60.006250 
16.148444 -7.139476 -60.625000 
21.117196 -8.384769 -60.631250


18.322273 -7.142581 -60.631250 
22.980478 -6.207835 -58.125000 
25.775401 -7.142581 -61.256250 
18.322273 -7.142581 -60.631250


22.669931 -9.316410 -60.631250 
24.843760 -13.974615 -59.381250 
21.738290 -12.111333 -60.006250 
22.669931 -9.316410 -60.631250


24.843760 -13.974615 -59.381250 
25.464854 -10.248051 -60.631250 
27.638683 -13.974615 -60.006250 
24.843760 -13.974615 -59.381250


25.775401 -7.142581 -61.256250 
26.396495 -6.207835 -56.250000 
27.328136 -7.763675 -61.256250 
25.775401 -7.142581 -61.256250


27.949230 -9.005863 -60.631250 
29.812512 -12.111333 -60.006250 
27.638683 -13.974615 -60.006250 
27.949230 -9.005863 -60.631250


29.812512 -12.111333 -60.006250 
29.501965 -13.974615 -60.006250 
27.638683 -13.974615 -60.006250 
29.812512 -12.111333 -60.006250


29.501965 -13.974615 -60.006250 
27.949230 -15.527350 -59.381250 
27.638683 -13.974615 -60.006250 
29.501965 -13.974615 -60.006250


8.695316 -10.558598 -58.756250 
7.139476 -10.248051 -57.500000 
7.453128 -8.384769 -60.631250 
8.695316 -10.558598 -58.756250


11.800786 -4.968752 -56.881250 
9.937504 -6.210940 -61.881250 
7.763675 -4.034006 -58.125000 
11.800786 -4.968752 -56.881250


14.285162 -11.490239 -59.381250 
12.111333 -12.111333 -58.131250 
11.490239 -10.869145 -60.006250 
14.285162 -11.490239 -59.381250


14.285162 -11.490239 -59.381250 
19.875008 -11.800786 -60.006250 
19.253914 -13.353521 -58.756250 
14.285162 -11.490239 -59.381250


24.843760 -13.974615 -59.381250 
19.253914 -13.353521 -58.756250 
21.738290 -12.111333 -60.006250 
24.843760 -13.974615 -59.381250


24.843760 -13.974615 -59.381250 
27.638683 -13.974615 -60.006250 
27.949230 -15.527350 -59.381250 
24.843760 -13.974615 -59.381250


27.641788 -7.763675 -58.125000 
28.262882 -9.005863 -56.250000 
27.949230 -9.005863 -60.631250 
27.641788 -7.763675 -58.125000


31.054700 -16.458991 -59.381250 
27.949230 -15.527350 -59.381250 
29.501965 -13.974615 -60.006250 
31.054700 -16.458991 -59.381250


6.521487 -5.279299 -61.881250 
7.142581 -6.832034 -61.256250 
6.828929 -5.900393 -55.625000 
6.521487 -5.279299 -61.881250


7.139476 -10.248051 -57.500000 
7.142581 -6.832034 -61.256250 
7.453128 -8.384769 -60.631250 
7.139476 -10.248051 -57.500000


12.111333 -12.111333 -58.131250 
8.695316 -10.558598 -58.756250 
11.490239 -10.869145 -60.006250 
12.111333 -12.111333 -58.131250


14.285162 -11.490239 -59.381250 
13.664068 -13.664068 -56.881250 
12.111333 -12.111333 -58.131250 
14.285162 -11.490239 -59.381250


14.285162 -11.490239 -59.381250 
19.253914 -13.353521 -58.756250 
15.837897 -13.353521 -58.131250 
14.285162 -11.490239 -59.381250


14.285162 -5.900393 -57.506250 
22.980478 -6.207835 -58.125000 
16.148444 -7.139476 -60.625000 
14.285162 -5.900393 -57.506250


16.148444 -7.139476 -60.625000 
22.980478 -6.207835 -58.125000 
18.322273 -7.142581 -60.631250 
16.148444 -7.139476 -60.625000


19.253914 -13.353521 -58.756250 
19.875008 -11.800786 -60.006250 
21.738290 -12.111333 -60.006250 
19.253914 -13.353521 -58.756250


24.843760 -13.974615 -59.381250 
21.738290 -15.837897 -57.506250 
19.253914 -13.353521 -58.756250 
24.843760 -13.974615 -59.381250


27.328136 -7.763675 -61.256250 
27.641788 -7.763675 -58.125000 
27.949230 -9.005863 -60.631250 
27.328136 -7.763675 -61.256250


28.883976 -11.800786 -56.250000 
29.812512 -12.111333 -60.006250 
27.949230 -9.005863 -60.631250 
28.883976 -11.800786 -56.250000


29.501965 -13.974615 -60.006250 
30.433606 -13.664068 -57.493750 
31.054700 -16.458991 -59.381250 
29.501965 -13.974615 -60.006250


6.518382 -4.347658 -56.250000 
7.763675 -4.034006 -58.125000 
6.521487 -5.279299 -61.881250 
6.518382 -4.347658 -56.250000


13.664068 -13.664068 -56.881250 
14.285162 -11.490239 -59.381250 
15.837897 -13.353521 -58.131250 
13.664068 -13.664068 -56.881250


15.837897 -13.353521 -58.131250 
17.701179 -15.837897 -56.881250 
13.664068 -13.664068 -56.881250 
15.837897 -13.353521 -58.131250


21.738290 -15.837897 -57.506250 
15.837897 -13.353521 -58.131250 
19.253914 -13.353521 -58.756250 
21.738290 -15.837897 -57.506250


21.738290 -15.837897 -57.506250 
17.701179 -15.837897 -56.881250 
15.837897 -13.353521 -58.131250 
21.738290 -15.837897 -57.506250


24.843760 -16.458991 -57.506250 
21.738290 -15.837897 -57.506250 
24.843760 -13.974615 -59.381250 
24.843760 -16.458991 -57.506250


24.843760 -16.458991 -57.506250 
24.843760 -13.974615 -59.381250 
27.949230 -15.527350 -59.381250 
24.843760 -16.458991 -57.506250


27.328136 -7.763675 -61.256250 
26.396495 -6.207835 -56.250000 
27.641788 -7.763675 -58.125000 
27.328136 -7.763675 -61.256250


27.949230 -15.527350 -59.381250 
31.054700 -16.458991 -59.381250 
31.368352 -17.701179 -58.125000 
27.949230 -15.527350 -59.381250


31.986341 -18.943367 -57.506250 
30.744153 -19.564461 -56.881250 
31.368352 -17.701179 -58.125000 
31.986341 -18.943367 -57.506250


6.828929 -5.900393 -55.625000 
6.518382 -4.347658 -56.250000 
6.521487 -5.279299 -61.881250 
6.828929 -5.900393 -55.625000


6.828929 -5.900393 -55.625000 
7.142581 -6.832034 -61.256250 
7.139476 -10.248051 -57.500000 
6.828929 -5.900393 -55.625000


7.139476 -10.248051 -57.500000 
8.695316 -10.558598 -58.756250 
8.692211 -12.732427 -55.625000 
7.139476 -10.248051 -57.500000


11.800786 -4.968752 -56.881250 
14.285162 -5.900393 -57.506250 
12.421880 -6.521487 -61.256250 
11.800786 -4.968752 -56.881250


14.285162 -5.900393 -57.506250 
21.117196 -5.586741 -56.250000 
22.980478 -6.207835 -58.125000 
14.285162 -5.900393 -57.506250


24.843760 -16.458991 -57.506250 
24.533213 -18.632820 -56.256250 
21.738290 -15.837897 -57.506250 
24.843760 -16.458991 -57.506250


23.912119 -5.586741 -55.625000 
25.775401 -7.142581 -61.256250 
22.980478 -6.207835 -58.125000 
23.912119 -5.586741 -55.625000


24.843760 -16.458991 -57.506250 
27.949230 -15.527350 -59.381250 
27.949230 -18.322273 -57.506250 
24.843760 -16.458991 -57.506250


27.949230 -18.322273 -57.506250 
27.949230 -15.527350 -59.381250 
31.368352 -17.701179 -58.125000 
27.949230 -18.322273 -57.506250


27.949230 -9.005863 -60.631250 
28.262882 -9.005863 -56.250000 
28.883976 -11.800786 -56.250000 
27.949230 -9.005863 -60.631250


28.883976 -11.800786 -56.250000 
30.433606 -13.664068 -57.493750 
29.501965 -13.974615 -60.006250 
28.883976 -11.800786 -56.250000


29.812512 -12.111333 -60.006250 
28.883976 -11.800786 -56.250000 
29.501965 -13.974615 -60.006250 
29.812512 -12.111333 -60.006250


27.949230 -18.322273 -57.506250 
31.368352 -17.701179 -58.125000 
30.744153 -19.564461 -56.881250 
27.949230 -18.322273 -57.506250


30.433606 -13.664068 -57.493750 
31.368352 -17.701179 -58.125000 
31.054700 -16.458991 -59.381250 
30.433606 -13.664068 -57.493750


31.986341 -18.943367 -57.506250 
33.849623 -21.427743 -57.506250 
30.744153 -19.564461 -56.881250 
31.986341 -18.943367 -57.506250


33.228529 -19.875008 -56.243750 
33.849623 -21.427743 -57.506250 
31.986341 -18.943367 -57.506250 
33.228529 -19.875008 -56.243750


7.760570 -9.316410 -55.625000 
6.828929 -5.900393 -55.625000 
7.139476 -10.248051 -57.500000 
7.760570 -9.316410 -55.625000


8.692211 -12.732427 -55.625000 
8.695316 -10.558598 -58.756250 
12.111333 -12.111333 -58.131250 
8.692211 -12.732427 -55.625000


10.869145 -13.353521 -56.256250 
12.111333 -12.111333 -58.131250 
13.664068 -13.664068 -56.881250 
10.869145 -13.353521 -56.256250


14.285162 -5.279299 -56.256250 
21.117196 -5.586741 -56.250000 
14.285162 -5.900393 -57.506250 
14.285162 -5.279299 -56.256250


21.738290 -15.837897 -57.506250 
21.117196 -17.701179 -56.881250 
17.701179 -15.837897 -56.881250 
21.738290 -15.837897 -57.506250


21.738290 -15.837897 -57.506250 
24.533213 -18.632820 -56.256250 
21.117196 -17.701179 -56.881250 
21.738290 -15.837897 -57.506250


24.533213 -18.632820 -56.256250 
24.843760 -16.458991 -57.506250 
27.949230 -18.322273 -57.506250 
24.533213 -18.632820 -56.256250


26.396495 -6.207835 -56.250000 
28.262882 -9.005863 -56.250000 
27.641788 -7.763675 -58.125000 
26.396495 -6.207835 -56.250000


30.744153 -19.564461 -56.881250 
28.570324 -20.185555 -56.256250 
27.949230 -18.322273 -57.506250 
30.744153 -19.564461 -56.881250


30.433606 -13.664068 -57.493750 
30.747258 -16.769538 -55.000000 
31.368352 -17.701179 -58.125000 
30.433606 -13.664068 -57.493750


33.849623 -21.427743 -57.506250 
31.675794 -22.048837 -56.256250 
30.744153 -19.564461 -56.881250 
33.849623 -21.427743 -57.506250


7.760570 -9.316410 -55.625000 
7.139476 -10.248051 -57.500000 
8.692211 -12.732427 -55.625000 
7.760570 -9.316410 -55.625000


12.111333 -12.111333 -58.131250 
10.869145 -13.353521 -56.256250 
8.692211 -12.732427 -55.625000 
12.111333 -12.111333 -58.131250


11.800786 -4.968752 -56.881250 
14.285162 -5.279299 -56.256250 
14.285162 -5.900393 -57.506250 
11.800786 -4.968752 -56.881250


13.664068 -13.664068 -56.881250 
17.701179 -15.837897 -56.881250 
17.080085 -17.080085 -55.631250 
13.664068 -13.664068 -56.881250


17.701179 -15.837897 -56.881250 
20.496102 -18.632820 -56.256250 
17.080085 -17.080085 -55.631250 
17.701179 -15.837897 -56.881250


20.496102 -18.632820 -56.256250 
17.701179 -15.837897 -56.881250 
21.117196 -17.701179 -56.881250 
20.496102 -18.632820 -56.256250


21.117196 -17.701179 -56.881250 
24.533213 -18.632820 -56.256250 
20.496102 -18.632820 -56.256250 
21.117196 -17.701179 -56.881250


21.117196 -5.586741 -56.250000 
23.912119 -5.586741 -55.625000 
22.980478 -6.207835 -58.125000 
21.117196 -5.586741 -56.250000


24.533213 -18.632820 -56.256250 
24.533213 -21.117196 -55.631250 
20.496102 -18.632820 -56.256250 
24.533213 -18.632820 -56.256250


24.533213 -18.632820 -56.256250 
27.949230 -18.322273 -57.506250 
27.328136 -20.496102 -55.631250 
24.533213 -18.632820 -56.256250


27.328136 -20.496102 -55.631250 
27.949230 -18.322273 -57.506250 
28.570324 -20.185555 -56.256250 
27.328136 -20.496102 -55.631250


27.331241 -7.763675 -54.375000 
28.262882 -9.005863 -56.250000 
26.396495 -6.207835 -56.250000 
27.331241 -7.763675 -54.375000


28.573429 -12.732427 -54.375000 
30.747258 -16.769538 -55.000000 
30.433606 -13.664068 -57.493750 
28.573429 -12.732427 -54.375000


28.883976 -11.800786 -56.250000 
28.573429 -12.732427 -54.375000 
30.433606 -13.664068 -57.493750 
28.883976 -11.800786 -56.250000


28.570324 -20.185555 -56.256250 
30.744153 -19.564461 -56.881250 
31.675794 -22.048837 -56.256250 
28.570324 -20.185555 -56.256250


31.675794 -22.048837 -56.256250 
33.849623 -21.427743 -57.506250 
34.781264 -24.533213 -56.256250 
31.675794 -22.048837 -56.256250


34.781264 -24.533213 -56.256250 
35.712905 -26.396495 -56.256250 
31.675794 -22.048837 -56.256250 
34.781264 -24.533213 -56.256250


6.518382 -4.347658 -56.250000 
7.763675 -2.791818 -53.750000 
7.763675 -4.034006 -58.125000 
6.518382 -4.347658 -56.250000


7.763675 -4.034006 -58.125000 
11.490239 -4.347658 -55.006250 
11.800786 -4.968752 -56.881250 
7.763675 -4.034006 -58.125000


11.490239 -4.347658 -55.006250 
14.285162 -5.279299 -56.256250 
11.800786 -4.968752 -56.881250 
11.490239 -4.347658 -55.006250


10.869145 -13.353521 -56.256250 
13.664068 -13.664068 -56.881250 
12.421880 -15.216803 -55.631250 
10.869145 -13.353521 -56.256250


13.664068 -13.664068 -56.881250 
16.148444 -18.322273 -54.381250 
12.421880 -15.216803 -55.631250 
13.664068 -13.664068 -56.881250


17.080085 -17.080085 -55.631250 
16.148444 -18.322273 -54.381250 
13.664068 -13.664068 -56.881250 
17.080085 -17.080085 -55.631250


18.011726 -18.322273 -55.006250 
17.080085 -17.080085 -55.631250 
20.496102 -18.632820 -56.256250 
18.011726 -18.322273 -55.006250


14.285162 -5.279299 -56.256250 
18.322273 -4.965647 -55.000000 
21.117196 -5.586741 -56.250000 
14.285162 -5.279299 -56.256250


18.322273 -4.965647 -55.000000 
22.048837 -4.344553 -50.625000 
21.117196 -5.586741 -56.250000 
18.322273 -4.965647 -55.000000


21.738290 -20.496102 -55.006250 
20.496102 -18.632820 -56.256250 
24.533213 -21.117196 -55.631250 
21.738290 -20.496102 -55.006250


27.328136 -20.496102 -55.631250 
24.533213 -21.117196 -55.631250 
24.533213 -18.632820 -56.256250 
27.328136 -20.496102 -55.631250


23.912119 -5.586741 -55.625000 
26.396495 -6.207835 -56.250000 
25.775401 -7.142581 -61.256250 
23.912119 -5.586741 -55.625000


27.328136 -20.496102 -55.631250 
26.085948 -22.980478 -54.381250 
24.533213 -21.117196 -55.631250 
27.328136 -20.496102 -55.631250


28.570324 -20.185555 -56.256250 
27.638683 -22.669931 -55.631250 
27.328136 -20.496102 -55.631250 
28.570324 -20.185555 -56.256250


28.262882 -9.005863 -56.250000 
28.573429 -12.732427 -54.375000 
28.883976 -11.800786 -56.250000 
28.262882 -9.005863 -56.250000


28.570324 -20.185555 -56.256250 
31.054700 -24.533213 -55.631250 
27.638683 -22.669931 -55.631250 
28.570324 -20.185555 -56.256250


28.570324 -20.185555 -56.256250 
31.675794 -22.048837 -56.256250 
31.054700 -24.533213 -55.631250 
28.570324 -20.185555 -56.256250


31.675794 -22.048837 -56.256250 
34.470717 -27.331241 -55.625000 
31.054700 -24.533213 -55.631250 
31.675794 -22.048837 -56.256250


34.470717 -27.331241 -55.625000 
31.675794 -22.048837 -56.256250 
35.712905 -26.396495 -56.256250 
34.470717 -27.331241 -55.625000


33.228529 -19.875008 -56.243750 
33.539076 -21.424638 -54.375000 
33.849623 -21.427743 -57.506250 
33.228529 -19.875008 -56.243750


33.849623 -21.427743 -57.506250 
35.402358 -23.601572 -53.756250 
34.781264 -24.533213 -56.256250 
33.849623 -21.427743 -57.506250


8.381664 -13.664068 -54.375000 
7.760570 -9.316410 -55.625000 
8.692211 -12.732427 -55.625000 
8.381664 -13.664068 -54.375000


8.692211 -12.732427 -55.625000 
10.869145 -13.353521 -56.256250 
12.421880 -15.216803 -55.631250 
8.692211 -12.732427 -55.625000


16.148444 -18.322273 -54.381250 
11.179692 -16.458991 -53.756250 
12.421880 -15.216803 -55.631250 
16.148444 -18.322273 -54.381250


15.527350 -4.655100 -54.375000 
18.322273 -4.965647 -55.000000 
14.285162 -5.279299 -56.256250 
15.527350 -4.655100 -54.375000


18.011726 -18.322273 -55.006250 
20.496102 -18.632820 -56.256250 
21.738290 -20.496102 -55.006250 
18.011726 -18.322273 -55.006250


22.048837 -4.344553 -50.625000 
23.912119 -5.586741 -55.625000 
21.117196 -5.586741 -56.250000 
22.048837 -4.344553 -50.625000


24.533213 -21.117196 -55.631250 
23.291025 -22.359384 -54.381250 
21.738290 -20.496102 -55.006250 
24.533213 -21.117196 -55.631250


27.328136 -20.496102 -55.631250 
27.638683 -22.669931 -55.631250 
26.085948 -22.980478 -54.381250 
27.328136 -20.496102 -55.631250


27.638683 -22.669931 -55.631250 
31.054700 -24.533213 -55.631250 
26.085948 -22.980478 -54.381250 
27.638683 -22.669931 -55.631250


30.747258 -16.769538 -55.000000 
31.986341 -18.943367 -57.506250 
31.368352 -17.701179 -58.125000 
30.747258 -16.769538 -55.000000


31.986341 -18.943367 -57.506250 
30.747258 -18.632820 -51.875000 
33.228529 -19.875008 -56.243750 
31.986341 -18.943367 -57.506250


30.744153 -26.396495 -53.756250 
31.054700 -24.533213 -55.631250 
31.986341 -28.259777 -54.381250 
30.744153 -26.396495 -53.756250


30.747258 -18.632820 -51.875000 
33.539076 -21.424638 -54.375000 
33.228529 -19.875008 -56.243750 
30.747258 -18.632820 -51.875000


31.054700 -24.533213 -55.631250 
34.470717 -27.331241 -55.625000 
31.986341 -28.259777 -54.381250 
31.054700 -24.533213 -55.631250


33.539076 -21.424638 -54.375000 
35.402358 -23.601572 -53.756250 
33.849623 -21.427743 -57.506250 
33.539076 -21.424638 -54.375000


34.781264 -24.533213 -56.256250 
36.337104 -25.154307 -52.500000 
35.712905 -26.396495 -56.256250 
34.781264 -24.533213 -56.256250


7.450023 -4.658205 -50.625000 
6.518382 -4.347658 -56.250000 
6.828929 -5.900393 -55.625000 
7.450023 -4.658205 -50.625000


8.381664 -13.664068 -54.375000 
8.692211 -12.732427 -55.625000 
9.937504 -16.769538 -53.131250 
8.381664 -13.664068 -54.375000


7.763675 -2.791818 -53.750000 
9.937504 -3.105470 -53.756250 
7.763675 -4.034006 -58.125000 
7.763675 -2.791818 -53.750000


7.763675 -4.034006 -58.125000 
9.937504 -3.105470 -53.756250 
11.490239 -4.347658 -55.006250 
7.763675 -4.034006 -58.125000


9.937504 -16.769538 -53.131250 
8.692211 -12.732427 -55.625000 
12.421880 -15.216803 -55.631250 
9.937504 -16.769538 -53.131250


11.179692 -16.458991 -53.756250 
9.937504 -16.769538 -53.131250 
12.421880 -15.216803 -55.631250 
11.179692 -16.458991 -53.756250


15.527350 -4.655100 -54.375000 
14.285162 -5.279299 -56.256250 
11.490239 -4.347658 -55.006250 
15.527350 -4.655100 -54.375000


14.906256 -18.632820 -53.131250 
11.179692 -16.458991 -53.756250 
16.148444 -18.322273 -54.381250 
14.906256 -18.632820 -53.131250


16.148444 -18.322273 -54.381250 
17.080085 -17.080085 -55.631250 
18.011726 -18.322273 -55.006250 
16.148444 -18.322273 -54.381250


21.738290 -20.496102 -55.006250 
18.322273 -20.496102 -53.131250 
18.011726 -18.322273 -55.006250 
21.738290 -20.496102 -55.006250


26.085948 -22.980478 -54.381250 
23.291025 -22.359384 -54.381250 
24.533213 -21.117196 -55.631250 
26.085948 -22.980478 -54.381250


26.399600 -6.521487 -53.750000 
27.331241 -7.763675 -54.375000 
26.396495 -6.207835 -56.250000 
26.399600 -6.521487 -53.750000


26.085948 -22.980478 -54.381250 
31.054700 -24.533213 -55.631250 
27.638683 -25.154307 -53.756250 
26.085948 -22.980478 -54.381250


31.054700 -24.533213 -55.631250 
30.744153 -26.396495 -53.756250 
27.638683 -25.154307 -53.756250 
31.054700 -24.533213 -55.631250


29.194523 -16.458991 -51.875000 
30.747258 -16.769538 -55.000000 
28.573429 -12.732427 -54.375000 
29.194523 -16.458991 -51.875000


8.384769 -10.869145 -52.493750 
7.760570 -9.316410 -55.625000 
8.381664 -13.664068 -54.375000 
8.384769 -10.869145 -52.493750


8.384769 -10.869145 -52.493750 
8.381664 -13.664068 -54.375000 
9.626957 -13.664068 -51.868750 
8.384769 -10.869145 -52.493750


16.148444 -18.322273 -54.381250 
18.011726 -18.322273 -55.006250 
18.322273 -20.496102 -53.131250 
16.148444 -18.322273 -54.381250


20.806649 -21.738290 -53.131250 
21.738290 -20.496102 -55.006250 
23.291025 -22.359384 -54.381250 
20.806649 -21.738290 -53.131250


30.747258 -16.769538 -55.000000 
30.747258 -18.632820 -51.875000 
31.986341 -18.943367 -57.506250 
30.747258 -16.769538 -55.000000


29.809407 -28.570324 -51.875000 
30.744153 -26.396495 -53.756250 
31.986341 -28.259777 -54.381250 
29.809407 -28.570324 -51.875000


33.539076 -26.710147 -51.250000 
31.986341 -28.259777 -54.381250 
34.470717 -27.331241 -55.625000 
33.539076 -26.710147 -51.250000


33.539076 -26.710147 -51.250000 
34.470717 -27.331241 -55.625000 
35.712905 -26.396495 -56.256250 
33.539076 -26.710147 -51.250000


35.402358 -23.601572 -53.756250 
36.337104 -25.154307 -52.500000 
34.781264 -24.533213 -56.256250 
35.402358 -23.601572 -53.756250


7.450023 -4.658205 -50.625000 
6.828929 -5.900393 -55.625000 
6.518382 -6.521487 -53.125000 
7.450023 -4.658205 -50.625000


6.518382 -6.521487 -53.125000 
7.760570 -9.316410 -55.625000 
8.384769 -10.869145 -52.493750 
6.518382 -6.521487 -53.125000


6.518382 -6.521487 -53.125000 
6.828929 -5.900393 -55.625000 
7.760570 -9.316410 -55.625000 
6.518382 -6.521487 -53.125000


7.763675 -2.791818 -53.750000 
6.518382 -4.347658 -56.250000 
7.450023 -4.658205 -50.625000 
7.763675 -2.791818 -53.750000


14.906256 -18.632820 -53.131250 
12.732427 -18.943367 -51.868750 
11.179692 -16.458991 -53.756250 
14.906256 -18.632820 -53.131250


20.806649 -21.738290 -53.131250 
18.632820 -22.359384 -50.631250 
18.322273 -20.496102 -53.131250 
20.806649 -21.738290 -53.131250


18.322273 -20.496102 -53.131250 
21.738290 -20.496102 -55.006250 
20.806649 -21.738290 -53.131250 
18.322273 -20.496102 -53.131250


23.291025 -22.359384 -54.381250 
21.738290 -24.222666 -50.631250 
20.806649 -21.738290 -53.131250 
23.291025 -22.359384 -54.381250


23.291025 -22.359384 -54.381250 
26.085948 -22.980478 -54.381250 
25.775401 -25.154307 -52.506250 
23.291025 -22.359384 -54.381250


26.399600 -6.521487 -53.750000 
26.396495 -6.207835 -56.250000 
23.912119 -5.586741 -55.625000 
26.399600 -6.521487 -53.750000


25.775401 -25.154307 -52.506250 
26.085948 -22.980478 -54.381250 
27.638683 -25.154307 -53.756250 
25.775401 -25.154307 -52.506250


27.331241 -7.763675 -54.375000 
27.952335 -8.074222 -50.000000 
28.262882 -9.005863 -56.250000 
27.331241 -7.763675 -54.375000


27.638683 -25.154307 -53.756250 
30.744153 -26.396495 -53.756250 
29.809407 -28.570324 -51.875000 
27.638683 -25.154307 -53.756250


30.747258 -18.632820 -51.875000 
30.747258 -16.769538 -55.000000 
29.194523 -16.458991 -51.875000 
30.747258 -18.632820 -51.875000


31.365247 -28.262882 -51.250000 
29.809407 -28.570324 -51.875000 
31.986341 -28.259777 -54.381250 
31.365247 -28.262882 -51.250000


30.747258 -18.632820 -51.875000 
34.473822 -22.048837 -50.625000 
33.539076 -21.424638 -54.375000 
30.747258 -18.632820 -51.875000


31.365247 -28.262882 -51.250000 
31.986341 -28.259777 -54.381250 
33.539076 -26.710147 -51.250000 
31.365247 -28.262882 -51.250000


36.337104 -25.154307 -52.500000 
33.539076 -26.710147 -51.250000 
35.712905 -26.396495 -56.256250 
36.337104 -25.154307 -52.500000


9.626957 -13.664068 -51.868750 
8.381664 -13.664068 -54.375000 
9.937504 -16.769538 -53.131250 
9.626957 -13.664068 -51.868750


12.732427 -18.943367 -51.868750 
9.937504 -16.769538 -53.131250 
11.179692 -16.458991 -53.756250 
12.732427 -18.943367 -51.868750


17.080085 -21.117196 -51.256250 
14.906256 -18.632820 -53.131250 
16.148444 -18.322273 -54.381250 
17.080085 -21.117196 -51.256250


17.080085 -21.117196 -51.256250 
16.148444 -18.322273 -54.381250 
18.322273 -20.496102 -53.131250 
17.080085 -21.117196 -51.256250


15.527350 -4.655100 -54.375000 
19.564461 -3.726564 -48.131250 
18.322273 -4.965647 -55.000000 
15.527350 -4.655100 -54.375000


23.912119 -24.533213 -51.881250 
21.738290 -24.222666 -50.631250 
23.291025 -22.359384 -54.381250 
23.912119 -24.533213 -51.881250


23.912119 -24.533213 -51.881250 
23.291025 -22.359384 -54.381250 
25.775401 -25.154307 -52.506250 
23.912119 -24.533213 -51.881250


28.262882 -9.005863 -56.250000 
28.262882 -10.558598 -48.125000 
28.573429 -12.732427 -54.375000 
28.262882 -9.005863 -56.250000


34.473822 -22.048837 -50.625000 
36.337104 -25.154307 -52.500000 
35.402358 -23.601572 -53.756250 
34.473822 -22.048837 -50.625000


7.142581 -7.142581 -50.618750 
7.450023 -4.658205 -50.625000 
6.518382 -6.521487 -53.125000 
7.142581 -7.142581 -50.618750


8.381664 -9.316410 -50.625000 
6.518382 -6.521487 -53.125000 
8.384769 -10.869145 -52.493750 
8.381664 -9.316410 -50.625000


9.937504 -3.105470 -53.756250 
10.869145 -2.170724 -50.625000 
11.490239 -4.347658 -55.006250 
9.937504 -3.105470 -53.756250


10.869145 -2.170724 -50.625000 
13.664068 -3.726564 -50.631250 
11.490239 -4.347658 -55.006250 
10.869145 -2.170724 -50.625000


13.974615 -20.185555 -50.618750 
12.732427 -18.943367 -51.868750 
14.906256 -18.632820 -53.131250 
13.974615 -20.185555 -50.618750


11.490239 -4.347658 -55.006250 
13.664068 -3.726564 -50.631250 
15.527350 -4.655100 -54.375000 
11.490239 -4.347658 -55.006250


17.080085 -21.117196 -51.256250 
13.974615 -20.185555 -50.618750 
14.906256 -18.632820 -53.131250 
17.080085 -21.117196 -51.256250


17.080085 -21.117196 -51.256250 
18.322273 -20.496102 -53.131250 
18.632820 -22.359384 -50.631250 
17.080085 -21.117196 -51.256250


18.632820 -22.359384 -50.631250 
20.806649 -21.738290 -53.131250 
21.738290 -24.222666 -50.631250 
18.632820 -22.359384 -50.631250


26.399600 -6.521487 -53.750000 
23.912119 -5.586741 -55.625000 
22.048837 -4.344553 -50.625000 
26.399600 -6.521487 -53.750000


27.952335 -8.074222 -50.000000 
27.331241 -7.763675 -54.375000 
26.399600 -6.521487 -53.750000 
27.952335 -8.074222 -50.000000


33.539076 -21.424638 -54.375000 
34.473822 -22.048837 -50.625000 
35.402358 -23.601572 -53.756250 
33.539076 -21.424638 -54.375000


7.142581 -7.142581 -50.618750 
6.518382 -6.521487 -53.125000 
8.381664 -9.316410 -50.625000 
7.142581 -7.142581 -50.618750


9.623852 -11.800786 -50.625000 
8.381664 -9.316410 -50.625000 
8.384769 -10.869145 -52.493750 
9.623852 -11.800786 -50.625000


8.384769 -1.239083 -49.375000 
9.937504 -3.105470 -53.756250 
7.763675 -2.791818 -53.750000 
8.384769 -1.239083 -49.375000


9.623852 -11.800786 -50.625000 
8.384769 -10.869145 -52.493750 
9.626957 -13.664068 -51.868750 
9.623852 -11.800786 -50.625000


9.626957 -13.664068 -51.868750 
9.937504 -16.769538 -53.131250 
12.732427 -18.943367 -51.868750 
9.626957 -13.664068 -51.868750


11.490239 -15.527350 -50.618750 
9.626957 -13.664068 -51.868750 
12.732427 -18.943367 -51.868750 
11.490239 -15.527350 -50.618750


12.732427 -17.701179 -50.618750 
11.490239 -15.527350 -50.618750 
12.732427 -18.943367 -51.868750 
12.732427 -17.701179 -50.618750


12.732427 -17.701179 -50.618750 
12.732427 -18.943367 -51.868750 
13.974615 -20.185555 -50.618750 
12.732427 -17.701179 -50.618750


13.664068 -3.726564 -50.631250 
14.595709 -3.723459 -49.375000 
15.527350 -4.655100 -54.375000 
13.664068 -3.726564 -50.631250


15.834792 -22.359384 -50.000000 
13.974615 -20.185555 -50.618750 
17.080085 -21.117196 -51.256250 
15.834792 -22.359384 -50.000000


21.738290 -24.222666 -50.631250 
20.806649 -25.157412 -48.750000 
18.632820 -22.359384 -50.631250 
21.738290 -24.222666 -50.631250


19.564461 -3.726564 -48.131250 
22.048837 -4.344553 -50.625000 
18.322273 -4.965647 -55.000000 
19.564461 -3.726564 -48.131250


22.359384 -25.778506 -48.750000 
21.738290 -24.222666 -50.631250 
23.912119 -24.533213 -51.881250 
22.359384 -25.778506 -48.750000


25.775401 -25.154307 -52.506250 
27.638683 -25.154307 -53.756250 
25.775401 -27.328136 -49.381250 
25.775401 -25.154307 -52.506250


25.775401 -27.328136 -49.381250 
27.638683 -25.154307 -53.756250 
29.809407 -28.570324 -51.875000 
25.775401 -27.328136 -49.381250


28.262882 -10.558598 -48.125000 
28.262882 -9.005863 -56.250000 
27.952335 -8.074222 -50.000000 
28.262882 -10.558598 -48.125000


28.262882 -10.558598 -48.125000 
29.194523 -16.458991 -51.875000 
28.573429 -12.732427 -54.375000 
28.262882 -10.558598 -48.125000


30.747258 -18.632820 -51.875000 
32.607435 -20.492997 -49.375000 
34.473822 -22.048837 -50.625000 
30.747258 -18.632820 -51.875000


35.402358 -25.154307 -51.243750 
33.539076 -26.710147 -51.250000 
36.337104 -25.154307 -52.500000 
35.402358 -25.154307 -51.243750


34.473822 -22.048837 -50.625000 
35.405463 -22.980478 -50.000000 
36.337104 -25.154307 -52.500000 
34.473822 -22.048837 -50.625000


9.623852 -11.800786 -50.625000 
9.626957 -13.664068 -51.868750 
11.490239 -15.527350 -50.618750 
9.623852 -11.800786 -50.625000


14.595709 -3.723459 -49.375000 
19.564461 -3.726564 -48.131250 
15.527350 -4.655100 -54.375000 
14.595709 -3.723459 -49.375000


18.322273 -23.601572 -49.368750 
17.080085 -21.117196 -51.256250 
18.632820 -22.359384 -50.631250 
18.322273 -23.601572 -49.368750


22.048837 -4.344553 -50.625000 
24.222666 -3.412912 -48.750000 
26.399600 -6.521487 -53.750000 
22.048837 -4.344553 -50.625000


30.433606 -27.949230 -49.993750 
29.809407 -28.570324 -51.875000 
31.365247 -28.262882 -51.250000 
30.433606 -27.949230 -49.993750


33.539076 -26.710147 -51.250000 
30.433606 -27.949230 -49.993750 
31.365247 -28.262882 -51.250000 
33.539076 -26.710147 -51.250000


32.296888 -19.561356 -47.500000 
32.607435 -20.492997 -49.375000 
30.747258 -18.632820 -51.875000 
32.296888 -19.561356 -47.500000


35.402358 -25.154307 -51.243750 
35.405463 -22.980478 -50.000000 
33.539076 -26.710147 -51.250000 
35.402358 -25.154307 -51.243750


35.405463 -22.980478 -50.000000 
35.402358 -25.154307 -51.243750 
36.337104 -25.154307 -52.500000 
35.405463 -22.980478 -50.000000


7.450023 -4.658205 -46.875000 
7.763675 -2.791818 -53.750000 
7.450023 -4.658205 -50.625000 
7.450023 -4.658205 -46.875000


9.313305 -9.626957 -48.750000 
7.142581 -7.142581 -50.618750 
8.381664 -9.316410 -50.625000 
9.313305 -9.626957 -48.750000


7.450023 -4.658205 -46.875000 
8.384769 -1.239083 -49.375000 
7.763675 -2.791818 -53.750000 
7.450023 -4.658205 -46.875000


9.937504 -0.928536 -47.500000 
10.869145 -2.170724 -50.625000 
9.937504 -3.105470 -53.756250 
9.937504 -0.928536 -47.500000


10.869145 -2.170724 -50.625000 
12.421880 -1.860177 -48.750000 
13.664068 -3.726564 -50.631250 
10.869145 -2.170724 -50.625000


12.108228 -15.837897 -48.750000 
11.490239 -15.527350 -50.618750 
12.732427 -17.701179 -50.618750 
12.108228 -15.837897 -48.750000


15.834792 -22.359384 -50.000000 
17.080085 -21.117196 -51.256250 
18.322273 -23.601572 -49.368750 
15.834792 -22.359384 -50.000000


23.912119 -24.533213 -51.881250 
25.775401 -25.154307 -52.506250 
25.775401 -27.328136 -49.381250 
23.912119 -24.533213 -51.881250


24.222666 -3.412912 -48.750000 
25.778506 -6.521487 -47.500000 
26.399600 -6.521487 -53.750000 
24.222666 -3.412912 -48.750000


26.399600 -6.521487 -53.750000 
25.778506 -6.521487 -47.500000 
27.952335 -8.074222 -50.000000 
26.399600 -6.521487 -53.750000


35.405463 -22.980478 -50.000000 
30.433606 -27.949230 -49.993750 
33.539076 -26.710147 -51.250000 
35.405463 -22.980478 -50.000000


9.313305 -9.626957 -48.750000 
8.381664 -9.316410 -50.625000 
9.623852 -11.800786 -50.625000 
9.313305 -9.626957 -48.750000


9.937504 -0.928536 -47.500000 
9.937504 -3.105470 -53.756250 
8.384769 -1.239083 -49.375000 
9.937504 -0.928536 -47.500000


12.108228 -15.837897 -48.750000 
9.623852 -11.800786 -50.625000 
11.490239 -15.527350 -50.618750 
12.108228 -15.837897 -48.750000


14.285162 -18.943367 -48.743750 
12.108228 -15.837897 -48.750000 
12.732427 -17.701179 -50.618750 
14.285162 -18.943367 -48.743750


12.421880 -1.860177 -48.750000 
14.595709 -3.723459 -49.375000 
13.664068 -3.726564 -50.631250 
12.421880 -1.860177 -48.750000


14.285162 -18.943367 -48.743750 
12.732427 -17.701179 -50.618750 
13.974615 -20.185555 -50.618750 
14.285162 -18.943367 -48.743750


29.191418 -26.396495 -48.743750 
29.809407 -28.570324 -51.875000 
30.433606 -27.949230 -49.993750 
29.191418 -26.396495 -48.743750


33.539076 -23.294130 -48.750000 
29.191418 -26.396495 -48.743750 
30.433606 -27.949230 -49.993750 
33.539076 -23.294130 -48.750000


35.405463 -22.980478 -50.000000 
33.539076 -23.294130 -48.750000 
30.433606 -27.949230 -49.993750 
35.405463 -22.980478 -50.000000


8.071117 -7.763675 -47.500000 
7.142581 -7.142581 -50.618750 
9.313305 -9.626957 -48.750000 
8.071117 -7.763675 -47.500000


9.623852 -11.800786 -50.625000 
12.108228 -15.837897 -48.750000 
9.934399 -13.042974 -48.125000 
9.623852 -11.800786 -50.625000


9.937504 -0.928536 -47.500000 
12.421880 -1.860177 -48.750000 
10.869145 -2.170724 -50.625000 
9.937504 -0.928536 -47.500000


13.664068 -2.484376 -48.131250 
14.595709 -3.723459 -49.375000 
12.421880 -1.860177 -48.750000 
13.664068 -2.484376 -48.131250


14.285162 -18.943367 -48.743750 
15.834792 -22.359384 -50.000000 
18.322273 -23.601572 -49.368750 
14.285162 -18.943367 -48.743750


18.322273 -23.601572 -49.368750 
18.632820 -22.359384 -50.631250 
20.806649 -25.157412 -48.750000 
18.322273 -23.601572 -49.368750


22.359384 -25.778506 -48.750000 
20.806649 -25.157412 -48.750000 
21.738290 -24.222666 -50.631250 
22.359384 -25.778506 -48.750000


19.564461 -3.726564 -48.131250 
23.601572 -2.481271 -46.250000 
22.048837 -4.344553 -50.625000 
19.564461 -3.726564 -48.131250


22.359384 -25.778506 -48.750000 
23.912119 -24.533213 -51.881250 
25.775401 -27.328136 -49.381250 
22.359384 -25.778506 -48.750000


25.778506 -6.521487 -47.500000 
27.020694 -8.695316 -48.125000 
27.952335 -8.074222 -50.000000 
25.778506 -6.521487 -47.500000


29.191418 -26.396495 -48.743750 
27.638683 -27.328136 -46.868750 
25.775401 -27.328136 -49.381250 
29.191418 -26.396495 -48.743750


27.020694 -8.695316 -48.125000 
28.262882 -10.558598 -48.125000 
27.952335 -8.074222 -50.000000 
27.020694 -8.695316 -48.125000


25.775401 -27.328136 -49.381250 
29.809407 -28.570324 -51.875000 
29.191418 -26.396495 -48.743750 
25.775401 -27.328136 -49.381250


29.194523 -12.421880 -44.375000 
29.194523 -16.458991 -51.875000 
28.262882 -10.558598 -48.125000 
29.194523 -12.421880 -44.375000


29.194523 -16.458991 -51.875000 
30.433606 -16.148444 -45.006250 
30.747258 -18.632820 -51.875000 
29.194523 -16.458991 -51.875000


32.607435 -20.492997 -49.375000 
33.852728 -19.875008 -47.500000 
34.473822 -22.048837 -50.625000 
32.607435 -20.492997 -49.375000


7.450023 -4.658205 -46.875000 
7.450023 -4.658205 -50.625000 
7.142581 -7.142581 -50.618750 
7.450023 -4.658205 -46.875000


7.450023 -4.658205 -46.875000 
7.142581 -7.142581 -50.618750 
8.071117 -7.763675 -47.500000 
7.450023 -4.658205 -46.875000


9.313305 -9.626957 -48.750000 
9.623852 -11.800786 -50.625000 
9.934399 -13.042974 -48.125000 
9.313305 -9.626957 -48.750000


14.285162 -18.943367 -48.743750 
13.974615 -20.185555 -50.618750 
15.834792 -22.359384 -50.000000 
14.285162 -18.943367 -48.743750


13.664068 -2.484376 -48.131250 
18.011726 -2.481271 -46.875000 
14.595709 -3.723459 -49.375000 
13.664068 -2.484376 -48.131250


17.701179 -22.359384 -47.506250 
14.285162 -18.943367 -48.743750 
18.322273 -23.601572 -49.368750 
17.701179 -22.359384 -47.506250


15.216803 -20.806649 -47.493750 
14.285162 -18.943367 -48.743750 
17.701179 -22.359384 -47.506250 
15.216803 -20.806649 -47.493750


18.011726 -2.481271 -46.875000 
19.564461 -3.726564 -48.131250 
14.595709 -3.723459 -49.375000 
18.011726 -2.481271 -46.875000


20.496102 -23.601572 -46.868750 
17.701179 -22.359384 -47.506250 
18.322273 -23.601572 -49.368750 
20.496102 -23.601572 -46.868750


20.496102 -23.601572 -46.868750 
18.322273 -23.601572 -49.368750 
20.806649 -25.157412 -48.750000 
20.496102 -23.601572 -46.868750


20.496102 -23.601572 -46.868750 
20.806649 -25.157412 -48.750000 
22.359384 -25.778506 -48.750000 
20.496102 -23.601572 -46.868750


22.359384 -25.778506 -48.750000 
25.775401 -27.328136 -49.381250 
24.222666 -25.775401 -47.493750 
22.359384 -25.778506 -48.750000


28.259777 -25.464854 -47.493750 
27.638683 -27.328136 -46.868750 
29.191418 -26.396495 -48.743750 
28.259777 -25.464854 -47.493750


31.365247 -22.051942 -46.875000 
28.259777 -25.464854 -47.493750 
29.191418 -26.396495 -48.743750 
31.365247 -22.051942 -46.875000


30.123059 -15.527350 -43.756250 
30.433606 -16.148444 -45.006250 
29.194523 -16.458991 -51.875000 
30.123059 -15.527350 -43.756250


33.539076 -23.294130 -48.750000 
31.365247 -22.051942 -46.875000 
29.191418 -26.396495 -48.743750 
33.539076 -23.294130 -48.750000


32.917982 -21.430848 -46.250000 
31.365247 -22.051942 -46.875000 
33.539076 -23.294130 -48.750000 
32.917982 -21.430848 -46.250000


34.470717 -21.738290 -46.243750 
32.917982 -21.430848 -46.250000 
33.539076 -23.294130 -48.750000 
34.470717 -21.738290 -46.243750


35.405463 -22.980478 -50.000000 
34.470717 -21.738290 -46.243750 
33.539076 -23.294130 -48.750000 
35.405463 -22.980478 -50.000000


33.852728 -19.875008 -47.500000 
34.470717 -21.738290 -46.243750 
34.473822 -22.048837 -50.625000 
33.852728 -19.875008 -47.500000


34.470717 -21.738290 -46.243750 
35.405463 -22.980478 -50.000000 
34.473822 -22.048837 -50.625000 
34.470717 -21.738290 -46.243750


10.244946 -12.421880 -46.250000 
9.313305 -9.626957 -48.750000 
9.934399 -13.042974 -48.125000 
10.244946 -12.421880 -46.250000


9.934399 -13.042974 -48.125000 
12.108228 -15.837897 -48.750000 
14.285162 -18.322273 -46.868750 
9.934399 -13.042974 -48.125000


14.285162 -18.322273 -46.868750 
12.108228 -15.837897 -48.750000 
14.285162 -18.943367 -48.743750 
14.285162 -18.322273 -46.868750


14.285162 -18.322273 -46.868750 
14.285162 -18.943367 -48.743750 
15.216803 -20.806649 -47.493750 
14.285162 -18.322273 -46.868750


13.664068 -2.484376 -48.131250 
15.216803 -1.552735 -46.881250 
18.011726 -2.481271 -46.875000 
13.664068 -2.484376 -48.131250


23.601572 -2.481271 -46.250000 
24.222666 -3.412912 -48.750000 
22.048837 -4.344553 -50.625000 
23.601572 -2.481271 -46.250000


24.222666 -3.412912 -48.750000 
25.464854 -5.276194 -47.500000 
25.778506 -6.521487 -47.500000 
24.222666 -3.412912 -48.750000


24.222666 -25.775401 -47.493750 
25.775401 -27.328136 -49.381250 
27.638683 -27.328136 -46.868750 
24.222666 -25.775401 -47.493750


32.296888 -19.561356 -47.500000 
33.852728 -19.875008 -47.500000 
32.607435 -20.492997 -49.375000 
32.296888 -19.561356 -47.500000


7.760570 -4.658205 -44.375000 
8.384769 -1.239083 -49.375000 
7.450023 -4.658205 -46.875000 
7.760570 -4.658205 -44.375000


8.384769 -9.005863 -44.993750 
9.313305 -9.626957 -48.750000 
10.244946 -12.421880 -46.250000 
8.384769 -9.005863 -44.993750


8.071117 -7.763675 -47.500000 
9.313305 -9.626957 -48.750000 
8.384769 -9.005863 -44.993750 
8.071117 -7.763675 -47.500000


9.937504 -0.928536 -47.500000 
13.353521 -1.242188 -45.631250 
12.421880 -1.860177 -48.750000 
9.937504 -0.928536 -47.500000


12.732427 -15.837897 -46.243750 
9.934399 -13.042974 -48.125000 
14.285162 -18.322273 -46.868750 
12.732427 -15.837897 -46.243750


12.421880 -1.860177 -48.750000 
13.353521 -1.242188 -45.631250 
13.664068 -2.484376 -48.131250 
12.421880 -1.860177 -48.750000


15.216803 -1.552735 -46.881250 
13.664068 -2.484376 -48.131250 
13.353521 -1.242188 -45.631250 
15.216803 -1.552735 -46.881250


18.011726 -2.481271 -46.875000 
20.806649 -2.794923 -46.881250 
19.564461 -3.726564 -48.131250 
18.011726 -2.481271 -46.875000


20.496102 -23.601572 -46.868750 
22.359384 -25.778506 -48.750000 
24.222666 -25.775401 -47.493750 
20.496102 -23.601572 -46.868750


27.017589 -26.396495 -44.993750 
24.222666 -25.775401 -47.493750 
27.638683 -27.328136 -46.868750 
27.017589 -26.396495 -44.993750


30.433606 -16.148444 -45.006250 
32.296888 -19.561356 -47.500000 
30.747258 -18.632820 -51.875000 
30.433606 -16.148444 -45.006250


32.296888 -20.806649 -44.993750 
31.365247 -22.051942 -46.875000 
32.917982 -21.430848 -46.250000 
32.296888 -20.806649 -44.993750


8.074222 -6.210940 -43.743750 
7.450023 -4.658205 -46.875000 
8.071117 -7.763675 -47.500000 
8.074222 -6.210940 -43.743750


10.244946 -12.421880 -46.250000 
9.934399 -13.042974 -48.125000 
12.732427 -15.837897 -46.243750 
10.244946 -12.421880 -46.250000


13.974615 -17.701179 -44.993750 
12.732427 -15.837897 -46.243750 
14.285162 -18.322273 -46.868750 
13.974615 -17.701179 -44.993750


17.701179 -22.359384 -47.506250 
14.285162 -18.322273 -46.868750 
15.216803 -20.806649 -47.493750 
17.701179 -22.359384 -47.506250


13.974615 -17.701179 -44.993750 
14.285162 -18.322273 -46.868750 
17.701179 -22.359384 -47.506250 
13.974615 -17.701179 -44.993750


20.806649 -2.794923 -46.881250 
23.601572 -2.481271 -46.250000 
19.564461 -3.726564 -48.131250 
20.806649 -2.794923 -46.881250


22.048837 -24.533213 -44.993750 
20.496102 -23.601572 -46.868750 
24.222666 -25.775401 -47.493750 
22.048837 -24.533213 -44.993750


23.601572 -2.481271 -46.250000 
25.464854 -5.276194 -47.500000 
24.222666 -3.412912 -48.750000 
23.601572 -2.481271 -46.250000


27.020694 -7.142581 -41.875000 
27.020694 -8.695316 -48.125000 
25.778506 -6.521487 -47.500000 
27.020694 -7.142581 -41.875000


33.852728 -19.875008 -47.500000 
32.917982 -21.430848 -46.250000 
34.470717 -21.738290 -46.243750 
33.852728 -19.875008 -47.500000


8.074222 -6.210940 -43.743750 
8.071117 -7.763675 -47.500000 
8.384769 -9.005863 -44.993750 
8.074222 -6.210940 -43.743750


9.002758 0.000000 -44.375000 
8.384769 -1.239083 -49.375000 
7.760570 -4.658205 -44.375000 
9.002758 0.000000 -44.375000


10.558598 -12.732427 -44.993750 
10.244946 -12.421880 -46.250000 
12.732427 -15.837897 -46.243750 
10.558598 -12.732427 -44.993750


13.353521 -15.216803 -44.993750 
10.558598 -12.732427 -44.993750 
12.732427 -15.837897 -46.243750 
13.353521 -15.216803 -44.993750


16.769538 -19.253914 -44.993750 
17.701179 -22.359384 -47.506250 
18.632820 -22.362489 -45.000000 
16.769538 -19.253914 -44.993750


16.769538 -19.253914 -44.993750 
13.974615 -17.701179 -44.993750 
17.701179 -22.359384 -47.506250 
16.769538 -19.253914 -44.993750


18.632820 -22.362489 -45.000000 
17.701179 -22.359384 -47.506250 
20.496102 -23.601572 -46.868750 
18.632820 -22.362489 -45.000000


18.632820 -22.362489 -45.000000 
20.496102 -23.601572 -46.868750 
22.048837 -24.533213 -44.993750 
18.632820 -22.362489 -45.000000


20.806649 -2.794923 -46.881250 
21.738290 -2.481271 -43.750000 
23.601572 -2.481271 -46.250000 
20.806649 -2.794923 -46.881250


23.909014 -26.085948 -43.750000 
22.048837 -24.533213 -44.993750 
24.222666 -25.775401 -47.493750 
23.909014 -26.085948 -43.750000


25.464854 -5.276194 -47.500000 
27.020694 -7.142581 -41.875000 
25.778506 -6.521487 -47.500000 
25.464854 -5.276194 -47.500000


28.259777 -25.464854 -47.493750 
27.017589 -26.396495 -44.993750 
27.638683 -27.328136 -46.868750 
28.259777 -25.464854 -47.493750


28.573429 -9.937504 -42.500000 
29.194523 -12.421880 -44.375000 
28.262882 -10.558598 -48.125000 
28.573429 -9.937504 -42.500000


31.365247 -22.051942 -46.875000 
26.396495 -26.085948 -42.493750 
28.259777 -25.464854 -47.493750 
31.365247 -22.051942 -46.875000


32.296888 -19.561356 -47.500000 
31.675794 -19.564461 -43.743750 
33.852728 -19.875008 -47.500000 
32.296888 -19.561356 -47.500000


7.760570 -4.658205 -44.375000 
7.450023 -4.658205 -46.875000 
8.074222 -6.210940 -43.743750 
7.760570 -4.658205 -44.375000


10.558598 -12.732427 -44.993750 
8.384769 -9.005863 -44.993750 
10.244946 -12.421880 -46.250000 
10.558598 -12.732427 -44.993750


11.800786 0.003105 -43.125000 
13.353521 -1.242188 -45.631250 
9.937504 -0.928536 -47.500000 
11.800786 0.003105 -43.125000


13.353521 -15.216803 -44.993750 
12.732427 -15.837897 -46.243750 
13.974615 -17.701179 -44.993750 
13.353521 -15.216803 -44.993750


15.216803 -1.552735 -46.881250 
18.322273 -1.549630 -41.875000 
18.011726 -2.481271 -46.875000 
15.216803 -1.552735 -46.881250


18.322273 -1.549630 -41.875000 
20.806649 -2.794923 -46.881250 
18.011726 -2.481271 -46.875000 
18.322273 -1.549630 -41.875000


22.048837 -1.549630 -41.875000 
21.738290 -2.481271 -43.750000 
20.806649 -2.794923 -46.881250 
22.048837 -1.549630 -41.875000


23.909014 -26.085948 -43.750000 
24.222666 -25.775401 -47.493750 
27.017589 -26.396495 -44.993750 
23.909014 -26.085948 -43.750000


23.601572 -2.481271 -46.250000 
25.154307 -4.037111 -43.756250 
25.464854 -5.276194 -47.500000 
23.601572 -2.481271 -46.250000


28.259777 -25.464854 -47.493750 
26.396495 -26.085948 -42.493750 
27.017589 -26.396495 -44.993750 
28.259777 -25.464854 -47.493750


29.194523 -12.421880 -44.375000 
30.123059 -15.527350 -43.756250 
29.194523 -16.458991 -51.875000 
29.194523 -12.421880 -44.375000


30.433606 -16.148444 -45.006250 
32.299993 -17.390632 -43.750000 
32.296888 -19.561356 -47.500000 
30.433606 -16.148444 -45.006250


33.852728 -19.875008 -47.500000 
31.675794 -19.564461 -43.743750 
32.917982 -21.430848 -46.250000 
33.852728 -19.875008 -47.500000


8.692211 -8.384769 -43.750000 
8.074222 -6.210940 -43.743750 
8.384769 -9.005863 -44.993750 
8.692211 -8.384769 -43.750000


9.002758 0.000000 -44.375000 
9.937504 -0.928536 -47.500000 
8.384769 -1.239083 -49.375000 
9.002758 0.000000 -44.375000


8.692211 -8.384769 -43.750000 
8.384769 -9.005863 -44.993750 
10.558598 -12.732427 -44.993750 
8.692211 -8.384769 -43.750000


13.353521 -15.216803 -44.993750 
10.869145 -12.111333 -43.743750 
10.558598 -12.732427 -44.993750 
13.353521 -15.216803 -44.993750


13.353521 -15.216803 -44.993750 
13.974615 -17.701179 -44.993750 
16.769538 -19.253914 -44.993750 
13.353521 -15.216803 -44.993750


14.595709 -17.701179 -43.756250 
13.353521 -15.216803 -44.993750 
16.769538 -19.253914 -44.993750 
14.595709 -17.701179 -43.756250


22.048837 -24.533213 -44.993750 
16.769538 -19.253914 -44.993750 
18.632820 -22.362489 -45.000000 
22.048837 -24.533213 -44.993750


18.632820 -21.427743 -43.131250 
16.769538 -19.253914 -44.993750 
22.048837 -24.533213 -44.993750 
18.632820 -21.427743 -43.131250


20.806649 -2.794923 -46.881250 
18.322273 -1.549630 -41.875000 
22.048837 -1.549630 -41.875000 
20.806649 -2.794923 -46.881250


32.296888 -20.806649 -44.993750 
30.747258 -22.359384 -42.500000 
31.365247 -22.051942 -46.875000 
32.296888 -20.806649 -44.993750


32.296888 -19.561356 -47.500000 
32.299993 -17.390632 -43.750000 
31.675794 -19.564461 -43.743750 
32.296888 -19.561356 -47.500000


32.917982 -21.430848 -46.250000 
31.675794 -19.564461 -43.743750 
32.296888 -20.806649 -44.993750 
32.917982 -21.430848 -46.250000


8.692211 -8.384769 -43.750000 
10.558598 -12.732427 -44.993750 
10.869145 -12.111333 -43.743750 
8.692211 -8.384769 -43.750000


9.002758 0.000000 -44.375000 
11.800786 0.003105 -43.125000 
9.937504 -0.928536 -47.500000 
9.002758 0.000000 -44.375000


14.595709 -17.701179 -43.756250 
10.869145 -12.111333 -43.743750 
13.353521 -15.216803 -44.993750 
14.595709 -17.701179 -43.756250


12.732427 -14.906256 -43.743750 
10.869145 -12.111333 -43.743750 
14.595709 -17.701179 -43.756250 
12.732427 -14.906256 -43.743750


13.353521 -1.242188 -45.631250 
15.837897 -0.931641 -42.493750 
15.216803 -1.552735 -46.881250 
13.353521 -1.242188 -45.631250


15.216803 -1.552735 -46.881250 
15.837897 -0.931641 -42.493750 
18.322273 -1.549630 -41.875000 
15.216803 -1.552735 -46.881250


14.595709 -17.701179 -43.756250 
16.769538 -19.253914 -44.993750 
15.527350 -18.011726 -43.118750 
14.595709 -17.701179 -43.756250


15.527350 -18.011726 -43.118750 
16.769538 -19.253914 -44.993750 
18.632820 -21.427743 -43.131250 
15.527350 -18.011726 -43.118750


23.909014 -26.085948 -43.750000 
20.496102 -22.980478 -43.118750 
22.048837 -24.533213 -44.993750 
23.909014 -26.085948 -43.750000


21.738290 -2.481271 -43.750000 
24.843760 -2.170724 -41.875000 
23.601572 -2.481271 -46.250000 
21.738290 -2.481271 -43.750000


27.020694 -8.695316 -48.125000 
28.573429 -9.937504 -42.500000 
28.262882 -10.558598 -48.125000 
27.020694 -8.695316 -48.125000


29.194523 -12.421880 -44.375000 
29.505070 -13.042974 -41.250000 
30.123059 -15.527350 -43.756250 
29.194523 -12.421880 -44.375000


31.057805 -16.148444 -41.250000 
32.299993 -17.390632 -43.750000 
30.433606 -16.148444 -45.006250 
31.057805 -16.148444 -41.250000


8.074222 -6.210940 -43.743750 
8.695316 -6.521487 -40.618750 
7.760570 -4.658205 -44.375000 
8.074222 -6.210940 -43.743750


9.934399 -9.316410 -41.250000 
8.074222 -6.210940 -43.743750 
8.692211 -8.384769 -43.750000 
9.934399 -9.316410 -41.250000


11.800786 0.003105 -43.125000 
9.002758 0.000000 -44.375000 
9.005863 0.313652 -41.875000 
11.800786 0.003105 -43.125000


9.934399 -9.316410 -41.250000 
8.692211 -8.384769 -43.750000 
10.869145 -12.111333 -43.743750 
9.934399 -9.316410 -41.250000


12.418775 -13.664068 -42.500000 
10.869145 -12.111333 -43.743750 
12.732427 -14.906256 -43.743750 
12.418775 -13.664068 -42.500000


15.527350 -18.011726 -43.118750 
12.732427 -14.906256 -43.743750 
14.595709 -17.701179 -43.756250 
15.527350 -18.011726 -43.118750


20.496102 -22.980478 -43.118750 
18.632820 -21.427743 -43.131250 
22.048837 -24.533213 -44.993750 
20.496102 -22.980478 -43.118750


24.843760 -2.170724 -41.875000 
25.154307 -4.037111 -43.756250 
23.601572 -2.481271 -46.250000 
24.843760 -2.170724 -41.875000


26.396495 -26.085948 -42.493750 
23.909014 -26.085948 -43.750000 
27.017589 -26.396495 -44.993750 
26.396495 -26.085948 -42.493750


28.573429 -9.937504 -42.500000 
29.505070 -13.042974 -41.250000 
29.194523 -12.421880 -44.375000 
28.573429 -9.937504 -42.500000


30.123059 -15.527350 -43.756250 
31.057805 -16.148444 -41.250000 
30.433606 -16.148444 -45.006250 
30.123059 -15.527350 -43.756250


31.675794 -19.564461 -43.743750 
30.747258 -22.359384 -42.500000 
32.296888 -20.806649 -44.993750 
31.675794 -19.564461 -43.743750


8.381664 -4.658205 -38.750000 
7.760570 -4.658205 -44.375000 
8.695316 -6.521487 -40.618750 
8.381664 -4.658205 -38.750000


8.692211 -3.416017 -37.500000 
9.002758 0.000000 -44.375000 
7.760570 -4.658205 -44.375000 
8.692211 -3.416017 -37.500000


8.695316 -6.521487 -40.618750 
8.074222 -6.210940 -43.743750 
9.934399 -9.316410 -41.250000 
8.695316 -6.521487 -40.618750


11.800786 0.003105 -43.125000 
14.285162 -1.860177 -38.750000 
13.353521 -1.242188 -45.631250 
11.800786 0.003105 -43.125000


15.524245 -17.390632 -41.875000 
12.418775 -13.664068 -42.500000 
12.732427 -14.906256 -43.743750 
15.524245 -17.390632 -41.875000


13.353521 -1.242188 -45.631250 
14.285162 -1.860177 -38.750000 
15.837897 -0.931641 -42.493750 
13.353521 -1.242188 -45.631250


15.524245 -17.390632 -41.875000 
12.732427 -14.906256 -43.743750 
15.527350 -18.011726 -43.118750 
15.524245 -17.390632 -41.875000


15.837897 -0.931641 -42.493750 
17.080085 -2.170724 -39.375000 
18.322273 -1.549630 -41.875000 
15.837897 -0.931641 -42.493750


18.322273 -1.549630 -41.875000 
20.806649 -2.481271 -38.750000 
22.048837 -1.549630 -41.875000 
18.322273 -1.549630 -41.875000


18.632820 -21.427743 -43.131250 
20.496102 -22.980478 -43.118750 
23.909014 -26.085948 -43.750000 
18.632820 -21.427743 -43.131250


24.222666 -25.154307 -41.243750 
21.117196 -21.738290 -40.631250 
18.632820 -21.427743 -43.131250 
24.222666 -25.154307 -41.243750


24.222666 -25.154307 -41.243750 
18.632820 -21.427743 -43.131250 
23.909014 -26.085948 -43.750000 
24.222666 -25.154307 -41.243750


26.707042 -5.586741 -41.250000 
27.020694 -7.142581 -41.875000 
25.464854 -5.276194 -47.500000 
26.707042 -5.586741 -41.250000


25.154307 -4.037111 -43.756250 
26.707042 -5.586741 -41.250000 
25.464854 -5.276194 -47.500000 
25.154307 -4.037111 -43.756250


31.365247 -22.051942 -46.875000 
29.501965 -22.983583 -41.250000 
26.396495 -26.085948 -42.493750 
31.365247 -22.051942 -46.875000


30.747258 -22.359384 -42.500000 
29.501965 -22.983583 -41.250000 
31.365247 -22.051942 -46.875000 
30.747258 -22.359384 -42.500000


9.005863 0.313652 -41.875000 
9.002758 0.000000 -44.375000 
8.692211 -3.416017 -37.500000 
9.005863 0.313652 -41.875000


10.558598 -10.558598 -40.618750 
9.934399 -9.316410 -41.250000 
10.869145 -12.111333 -43.743750 
10.558598 -10.558598 -40.618750


15.524245 -17.390632 -41.875000 
15.527350 -18.011726 -43.118750 
18.632820 -21.427743 -43.131250 
15.524245 -17.390632 -41.875000


22.048837 -1.549630 -41.875000 
24.843760 -2.170724 -41.875000 
21.738290 -2.481271 -43.750000 
22.048837 -1.549630 -41.875000


26.396495 -26.085948 -42.493750 
24.222666 -25.154307 -41.243750 
23.909014 -26.085948 -43.750000 
26.396495 -26.085948 -42.493750


27.020694 -7.142581 -41.875000 
28.573429 -9.937504 -42.500000 
27.020694 -8.695316 -48.125000 
27.020694 -7.142581 -41.875000


29.501965 -22.983583 -41.250000 
28.259777 -23.912119 -39.993750 
26.396495 -26.085948 -42.493750 
29.501965 -22.983583 -41.250000


31.057805 -16.148444 -41.250000 
31.675794 -19.564461 -43.743750 
32.299993 -17.390632 -43.750000 
31.057805 -16.148444 -41.250000


12.418775 -13.664068 -42.500000 
10.558598 -10.558598 -40.618750 
10.869145 -12.111333 -43.743750 
12.418775 -13.664068 -42.500000


17.080085 -2.170724 -39.375000 
15.837897 -0.931641 -42.493750 
14.285162 -1.860177 -38.750000 
17.080085 -2.170724 -39.375000


15.524245 -17.390632 -41.875000 
18.632820 -21.427743 -43.131250 
21.117196 -21.738290 -40.631250 
15.524245 -17.390632 -41.875000


22.048837 -23.294130 -40.625000 
21.117196 -21.738290 -40.631250 
24.222666 -25.154307 -41.243750 
22.048837 -23.294130 -40.625000


27.020694 -7.142581 -41.875000 
27.952335 -8.074222 -39.375000 
28.573429 -9.937504 -42.500000 
27.020694 -7.142581 -41.875000


31.675794 -19.564461 -43.743750 
30.744153 -20.806649 -39.993750 
30.747258 -22.359384 -42.500000 
31.675794 -19.564461 -43.743750


29.505070 -13.042974 -41.250000 
31.057805 -16.148444 -41.250000 
30.123059 -15.527350 -43.756250 
29.505070 -13.042974 -41.250000


8.692211 -3.416017 -37.500000 
7.760570 -4.658205 -44.375000 
8.381664 -4.658205 -38.750000 
8.692211 -3.416017 -37.500000


10.558598 -10.558598 -40.618750 
12.418775 -13.664068 -42.500000 
12.111333 -13.974615 -40.631250 
10.558598 -10.558598 -40.618750


14.906256 -15.216803 -40.618750 
12.418775 -13.664068 -42.500000 
15.524245 -17.390632 -41.875000 
14.906256 -15.216803 -40.618750


12.111333 -13.974615 -40.631250 
12.418775 -13.664068 -42.500000 
14.906256 -15.216803 -40.618750 
12.111333 -13.974615 -40.631250


14.906256 -15.216803 -40.618750 
15.524245 -17.390632 -41.875000 
21.117196 -21.738290 -40.631250 
14.906256 -15.216803 -40.618750


19.253914 -21.120301 -40.625000 
14.906256 -15.216803 -40.618750 
21.117196 -21.738290 -40.631250 
19.253914 -21.120301 -40.625000


21.117196 -21.738290 -40.631250 
22.048837 -23.294130 -40.625000 
19.253914 -21.120301 -40.625000 
21.117196 -21.738290 -40.631250


25.154307 -4.037111 -43.756250 
25.464854 -3.102365 -40.000000 
26.707042 -5.586741 -41.250000 
25.154307 -4.037111 -43.756250


24.843760 -2.170724 -41.875000 
25.464854 -3.102365 -40.000000 
25.154307 -4.037111 -43.756250 
24.843760 -2.170724 -41.875000


30.747258 -22.359384 -42.500000 
30.744153 -20.806649 -39.993750 
29.501965 -22.983583 -41.250000 
30.747258 -22.359384 -42.500000


30.433606 -19.253914 -38.743750 
30.744153 -20.806649 -39.993750 
31.675794 -19.564461 -43.743750 
30.433606 -19.253914 -38.743750


30.433606 -19.253914 -38.743750 
31.675794 -19.564461 -43.743750 
31.057805 -16.148444 -41.250000 
30.433606 -19.253914 -38.743750


31.989446 -15.837897 -38.125000 
30.433606 -19.253914 -38.743750 
31.057805 -16.148444 -41.250000 
31.989446 -15.837897 -38.125000


9.937504 -6.521487 -38.118750 
8.381664 -4.658205 -38.750000 
8.695316 -6.521487 -40.618750 
9.937504 -6.521487 -38.118750


8.695316 -6.521487 -40.618750 
9.934399 -9.316410 -41.250000 
10.558598 -10.558598 -40.618750 
8.695316 -6.521487 -40.618750


10.244946 -8.074222 -39.375000 
8.695316 -6.521487 -40.618750 
10.558598 -10.558598 -40.618750 
10.244946 -8.074222 -39.375000


9.005863 0.313652 -41.875000 
11.490239 -1.860177 -36.250000 
11.800786 0.003105 -43.125000 
9.005863 0.313652 -41.875000


11.800786 0.003105 -43.125000 
11.490239 -1.860177 -36.250000 
14.285162 -1.860177 -38.750000 
11.800786 0.003105 -43.125000


14.906256 -15.216803 -40.618750 
10.558598 -10.558598 -40.618750 
12.111333 -13.974615 -40.631250 
14.906256 -15.216803 -40.618750


12.732427 -11.800786 -39.368750 
10.558598 -10.558598 -40.618750 
14.906256 -15.216803 -40.618750 
12.732427 -11.800786 -39.368750


18.943367 -20.185555 -39.993750 
14.906256 -15.216803 -40.618750 
19.253914 -21.120301 -40.625000 
18.943367 -20.185555 -39.993750


28.573429 -9.937504 -42.500000 
29.194523 -11.179692 -40.000000 
29.505070 -13.042974 -41.250000 
28.573429 -9.937504 -42.500000


27.952335 -8.074222 -39.375000 
29.194523 -11.179692 -40.000000 
28.573429 -9.937504 -42.500000 
27.952335 -8.074222 -39.375000


30.744153 -20.806649 -39.993750 
27.328136 -23.291025 -38.743750 
29.501965 -22.983583 -41.250000 
30.744153 -20.806649 -39.993750


29.505070 -13.042974 -41.250000 
31.989446 -15.837897 -38.125000 
31.057805 -16.148444 -41.250000 
29.505070 -13.042974 -41.250000


10.244946 -8.074222 -39.375000 
9.937504 -6.521487 -38.118750 
8.695316 -6.521487 -40.618750 
10.244946 -8.074222 -39.375000


10.244946 -8.074222 -39.375000 
10.558598 -10.558598 -40.618750 
12.732427 -11.800786 -39.368750 
10.244946 -8.074222 -39.375000


14.595709 -13.664068 -38.743750 
12.732427 -11.800786 -39.368750 
14.906256 -15.216803 -40.618750 
14.595709 -13.664068 -38.743750


15.524245 -15.527350 -37.500000 
14.906256 -15.216803 -40.618750 
18.943367 -20.185555 -39.993750 
15.524245 -15.527350 -37.500000


18.011726 -18.322273 -37.506250 
15.524245 -15.527350 -37.500000 
18.943367 -20.185555 -39.993750 
18.011726 -18.322273 -37.506250


22.048837 -23.294130 -40.625000 
18.011726 -18.322273 -37.506250 
18.943367 -20.185555 -39.993750 
22.048837 -23.294130 -40.625000


22.048837 -23.294130 -40.625000 
18.943367 -20.185555 -39.993750 
19.253914 -21.120301 -40.625000 
22.048837 -23.294130 -40.625000


27.328136 -23.291025 -38.743750 
26.396495 -24.225771 -38.125000 
28.259777 -23.912119 -39.993750 
27.328136 -23.291025 -38.743750


26.396495 -24.225771 -38.125000 
26.396495 -26.085948 -42.493750 
28.259777 -23.912119 -39.993750 
26.396495 -24.225771 -38.125000


29.501965 -22.983583 -41.250000 
27.328136 -23.291025 -38.743750 
28.259777 -23.912119 -39.993750 
29.501965 -22.983583 -41.250000


28.570324 -21.738290 -37.493750 
27.328136 -23.291025 -38.743750 
30.744153 -20.806649 -39.993750 
28.570324 -21.738290 -37.493750


9.626957 -1.860177 -36.250000 
9.005863 0.313652 -41.875000 
8.692211 -3.416017 -37.500000 
9.626957 -1.860177 -36.250000


18.011726 -18.322273 -37.506250 
22.048837 -23.294130 -40.625000 
19.875008 -20.806649 -38.743750 
18.011726 -18.322273 -37.506250


22.980478 -23.915224 -38.750000 
19.875008 -20.806649 -38.743750 
22.048837 -23.294130 -40.625000 
22.980478 -23.915224 -38.750000


20.806649 -2.481271 -38.750000 
23.291025 -5.276194 -33.750000 
22.048837 -1.549630 -41.875000 
20.806649 -2.481271 -38.750000


22.980478 -23.915224 -38.750000 
22.048837 -23.294130 -40.625000 
24.222666 -25.154307 -41.243750 
22.980478 -23.915224 -38.750000


23.601572 -24.846865 -36.875000 
22.980478 -23.915224 -38.750000 
24.222666 -25.154307 -41.243750 
23.601572 -24.846865 -36.875000


26.396495 -24.225771 -38.125000 
23.601572 -24.846865 -36.875000 
24.222666 -25.154307 -41.243750 
26.396495 -24.225771 -38.125000


26.396495 -26.085948 -42.493750 
26.396495 -24.225771 -38.125000 
24.222666 -25.154307 -41.243750 
26.396495 -26.085948 -42.493750


25.464854 -3.102365 -40.000000 
27.949230 -6.207835 -35.625000 
26.707042 -5.586741 -41.250000 
25.464854 -3.102365 -40.000000


27.949230 -6.207835 -35.625000 
27.020694 -7.142581 -41.875000 
26.707042 -5.586741 -41.250000 
27.949230 -6.207835 -35.625000


30.433606 -19.253914 -38.743750 
28.570324 -21.738290 -37.493750 
30.744153 -20.806649 -39.993750 
30.433606 -19.253914 -38.743750


11.176587 -8.384769 -37.500000 
10.244946 -8.074222 -39.375000 
12.732427 -11.800786 -39.368750 
11.176587 -8.384769 -37.500000


9.626957 -1.860177 -36.250000 
11.490239 -1.860177 -36.250000 
9.005863 0.313652 -41.875000 
9.626957 -1.860177 -36.250000


15.524245 -15.527350 -37.500000 
14.595709 -13.664068 -38.743750 
14.906256 -15.216803 -40.618750 
15.524245 -15.527350 -37.500000


17.080085 -2.170724 -39.375000 
20.806649 -2.481271 -38.750000 
18.322273 -1.549630 -41.875000 
17.080085 -2.170724 -39.375000


30.433606 -19.253914 -38.743750 
30.126164 -19.564461 -35.625000 
28.570324 -21.738290 -37.493750 
30.433606 -19.253914 -38.743750


30.126164 -11.179692 -36.875000 
29.505070 -13.042974 -41.250000 
29.194523 -11.179692 -40.000000 
30.126164 -11.179692 -36.875000


9.937504 -6.521487 -38.118750 
10.244946 -8.074222 -39.375000 
11.176587 -8.384769 -37.500000 
9.937504 -6.521487 -38.118750


11.176587 -8.384769 -37.500000 
12.732427 -11.800786 -39.368750 
13.042974 -11.800786 -37.506250 
11.176587 -8.384769 -37.500000


13.042974 -11.800786 -37.506250 
12.732427 -11.800786 -39.368750 
14.595709 -13.664068 -38.743750 
13.042974 -11.800786 -37.506250


16.769538 -2.794923 -34.368750 
17.080085 -2.170724 -39.375000 
14.285162 -1.860177 -38.750000 
16.769538 -2.794923 -34.368750


20.182450 -22.359384 -36.250000 
19.875008 -20.806649 -38.743750 
21.427743 -23.291025 -36.243750 
20.182450 -22.359384 -36.250000


21.427743 -23.291025 -36.243750 
19.875008 -20.806649 -38.743750 
22.980478 -23.915224 -38.750000 
21.427743 -23.291025 -36.243750


27.949230 -6.207835 -35.625000 
27.952335 -8.074222 -39.375000 
27.020694 -7.142581 -41.875000 
27.949230 -6.207835 -35.625000


30.126164 -10.248051 -33.750000 
30.126164 -11.179692 -36.875000 
29.194523 -11.179692 -40.000000 
30.126164 -10.248051 -33.750000


31.989446 -15.837897 -38.125000 
30.126164 -19.564461 -35.625000 
30.433606 -19.253914 -38.743750 
31.989446 -15.837897 -38.125000


30.126164 -11.179692 -36.875000 
31.989446 -15.837897 -38.125000 
29.505070 -13.042974 -41.250000 
30.126164 -11.179692 -36.875000


9.313305 -5.900393 -36.250000 
8.692211 -3.416017 -37.500000 
8.381664 -4.658205 -38.750000 
9.313305 -5.900393 -36.250000


9.313305 -5.900393 -36.250000 
8.381664 -4.658205 -38.750000 
9.937504 -6.521487 -38.118750 
9.313305 -5.900393 -36.250000


9.313305 -5.900393 -36.250000 
9.937504 -6.521487 -38.118750 
11.176587 -8.384769 -37.500000 
9.313305 -5.900393 -36.250000


21.427743 -23.291025 -36.243750 
22.980478 -23.915224 -38.750000 
23.601572 -24.846865 -36.875000 
21.427743 -23.291025 -36.243750


10.248051 -2.173829 -33.743750 
9.626957 -1.860177 -36.250000 
8.692211 -3.416017 -37.500000 
10.248051 -2.173829 -33.743750


13.974615 -12.732427 -34.993750 
13.042974 -11.800786 -37.506250 
14.595709 -13.664068 -38.743750 
13.974615 -12.732427 -34.993750


14.595709 -2.794923 -34.368750 
16.769538 -2.794923 -34.368750 
14.285162 -1.860177 -38.750000 
14.595709 -2.794923 -34.368750


14.903151 -15.216803 -35.625000 
14.595709 -13.664068 -38.743750 
15.524245 -15.527350 -37.500000 
14.903151 -15.216803 -35.625000


17.701179 -19.257019 -35.625000 
15.524245 -15.527350 -37.500000 
18.011726 -18.322273 -37.506250 
17.701179 -19.257019 -35.625000


14.903151 -15.216803 -35.625000 
15.524245 -15.527350 -37.500000 
17.701179 -19.257019 -35.625000 
14.903151 -15.216803 -35.625000


17.701179 -19.257019 -35.625000 
18.011726 -18.322273 -37.506250 
19.875008 -20.806649 -38.743750 
17.701179 -19.257019 -35.625000


17.701179 -19.257019 -35.625000 
19.875008 -20.806649 -38.743750 
20.182450 -22.359384 -36.250000 
17.701179 -19.257019 -35.625000


17.080085 -2.170724 -39.375000 
20.185555 -3.412912 -36.250000 
20.806649 -2.481271 -38.750000 
17.080085 -2.170724 -39.375000


26.396495 -5.586741 -33.750000 
24.843760 -2.170724 -41.875000 
23.291025 -5.276194 -33.750000 
26.396495 -5.586741 -33.750000


26.396495 -5.586741 -33.750000 
27.949230 -6.207835 -35.625000 
25.464854 -3.102365 -40.000000 
26.396495 -5.586741 -33.750000


28.570324 -21.738290 -37.493750 
27.017589 -22.669931 -33.118750 
27.328136 -23.291025 -38.743750 
28.570324 -21.738290 -37.493750


27.952335 -8.074222 -39.375000 
30.126164 -10.248051 -33.750000 
29.194523 -11.179692 -40.000000 
27.952335 -8.074222 -39.375000


11.490239 -1.860177 -36.250000 
14.595709 -2.794923 -34.368750 
14.285162 -1.860177 -38.750000 
11.490239 -1.860177 -36.250000


13.974615 -12.732427 -34.993750 
14.595709 -13.664068 -38.743750 
14.903151 -15.216803 -35.625000 
13.974615 -12.732427 -34.993750


16.769538 -2.794923 -34.368750 
20.185555 -3.412912 -36.250000 
17.080085 -2.170724 -39.375000 
16.769538 -2.794923 -34.368750


20.806649 -2.481271 -38.750000 
20.185555 -3.412912 -36.250000 
23.291025 -5.276194 -33.750000 
20.806649 -2.481271 -38.750000


22.048837 -1.549630 -41.875000 
23.291025 -5.276194 -33.750000 
24.843760 -2.170724 -41.875000 
22.048837 -1.549630 -41.875000


26.396495 -5.586741 -33.750000 
25.464854 -3.102365 -40.000000 
24.843760 -2.170724 -41.875000 
26.396495 -5.586741 -33.750000


27.017589 -22.669931 -33.118750 
24.533213 -23.601572 -34.368750 
23.601572 -24.846865 -36.875000 
27.017589 -22.669931 -33.118750


26.396495 -24.225771 -38.125000 
27.017589 -22.669931 -33.118750 
23.601572 -24.846865 -36.875000 
26.396495 -24.225771 -38.125000


27.017589 -22.669931 -33.118750 
26.396495 -24.225771 -38.125000 
27.328136 -23.291025 -38.743750 
27.017589 -22.669931 -33.118750


30.126164 -11.179692 -36.875000 
31.678899 -13.974615 -34.375000 
31.989446 -15.837897 -38.125000 
30.126164 -11.179692 -36.875000


11.490239 -9.005863 -34.993750 
9.313305 -5.900393 -36.250000 
11.176587 -8.384769 -37.500000 
11.490239 -9.005863 -34.993750


9.626957 -1.860177 -36.250000 
10.248051 -2.173829 -33.743750 
11.490239 -1.860177 -36.250000 
9.626957 -1.860177 -36.250000


11.490239 -9.005863 -34.993750 
11.176587 -8.384769 -37.500000 
13.042974 -11.800786 -37.506250 
11.490239 -9.005863 -34.993750


11.490239 -9.005863 -34.993750 
13.042974 -11.800786 -37.506250 
13.974615 -12.732427 -34.993750 
11.490239 -9.005863 -34.993750


18.632820 -18.632820 -34.368750 
17.076980 -16.458991 -33.125000 
14.903151 -15.216803 -35.625000 
18.632820 -18.632820 -34.368750


14.903151 -15.216803 -35.625000 
17.701179 -19.257019 -35.625000 
20.182450 -22.359384 -36.250000 
14.903151 -15.216803 -35.625000


21.738290 -21.738290 -34.368750 
14.903151 -15.216803 -35.625000 
20.182450 -22.359384 -36.250000 
21.738290 -21.738290 -34.368750


18.632820 -18.632820 -34.368750 
14.903151 -15.216803 -35.625000 
21.738290 -21.738290 -34.368750 
18.632820 -18.632820 -34.368750


21.738290 -21.738290 -34.368750 
20.182450 -22.359384 -36.250000 
21.427743 -23.291025 -36.243750 
21.738290 -21.738290 -34.368750


23.601572 -24.846865 -36.875000 
24.533213 -23.601572 -34.368750 
21.427743 -23.291025 -36.243750 
23.601572 -24.846865 -36.875000


27.949230 -6.207835 -35.625000 
29.191418 -9.005863 -33.118750 
27.952335 -8.074222 -39.375000 
27.949230 -6.207835 -35.625000


28.570324 -21.738290 -37.493750 
30.126164 -19.564461 -35.625000 
27.017589 -22.669931 -33.118750 
28.570324 -21.738290 -37.493750


31.989446 -15.837897 -38.125000 
28.880871 -19.878113 -32.500000 
30.126164 -19.564461 -35.625000 
31.989446 -15.837897 -38.125000


10.248051 -2.173829 -33.743750 
8.692211 -3.416017 -37.500000 
9.313305 -5.900393 -36.250000 
10.248051 -2.173829 -33.743750


9.937504 -4.968752 -33.118750 
10.248051 -2.173829 -33.743750 
9.313305 -5.900393 -36.250000 
9.937504 -4.968752 -33.118750


11.797681 -9.005863 -33.750000 
9.313305 -5.900393 -36.250000 
11.490239 -9.005863 -34.993750 
11.797681 -9.005863 -33.750000


10.248051 -2.173829 -33.743750 
14.595709 -2.794923 -34.368750 
11.490239 -1.860177 -36.250000 
10.248051 -2.173829 -33.743750


13.353521 -11.490239 -33.118750 
13.974615 -12.732427 -34.993750 
14.903151 -15.216803 -35.625000 
13.353521 -11.490239 -33.118750


17.076980 -16.458991 -33.125000 
13.353521 -11.490239 -33.118750 
14.903151 -15.216803 -35.625000 
17.076980 -16.458991 -33.125000


29.191418 -9.005863 -33.118750 
30.126164 -10.248051 -33.750000 
27.952335 -8.074222 -39.375000 
29.191418 -9.005863 -33.118750


30.126164 -10.248051 -33.750000 
31.678899 -13.974615 -34.375000 
30.126164 -11.179692 -36.875000 
30.126164 -10.248051 -33.750000


9.937504 -4.968752 -33.118750 
9.313305 -5.900393 -36.250000 
11.797681 -9.005863 -33.750000 
9.937504 -4.968752 -33.118750


14.595709 -2.794923 -34.368750 
10.248051 -2.173829 -33.743750 
13.353521 -5.900393 -34.368750 
14.595709 -2.794923 -34.368750


13.353521 -11.490239 -33.118750 
11.490239 -9.005863 -34.993750 
13.974615 -12.732427 -34.993750 
13.353521 -11.490239 -33.118750


11.797681 -9.005863 -33.750000 
11.490239 -9.005863 -34.993750 
13.353521 -11.490239 -33.118750 
11.797681 -9.005863 -33.750000


16.769538 -2.794923 -34.368750 
14.595709 -2.794923 -34.368750 
13.353521 -5.900393 -34.368750 
16.769538 -2.794923 -34.368750


19.253914 -5.900393 -34.368750 
16.769538 -2.794923 -34.368750 
13.353521 -5.900393 -34.368750 
19.253914 -5.900393 -34.368750


20.185555 -3.412912 -36.250000 
16.769538 -2.794923 -34.368750 
19.253914 -5.900393 -34.368750 
20.185555 -3.412912 -36.250000


21.427743 -20.496102 -33.118750 
18.632820 -18.632820 -34.368750 
21.738290 -21.738290 -34.368750 
21.427743 -20.496102 -33.118750


21.738290 -21.738290 -34.368750 
21.427743 -23.291025 -36.243750 
24.533213 -23.601572 -34.368750 
21.738290 -21.738290 -34.368750


22.980478 -19.564461 -33.743750 
21.738290 -21.738290 -34.368750 
23.291025 -22.048837 -33.118750 
22.980478 -19.564461 -33.743750


23.291025 -22.048837 -33.118750 
21.738290 -21.738290 -34.368750 
24.533213 -23.601572 -34.368750 
23.291025 -22.048837 -33.118750


28.880871 -19.878113 -32.500000 
27.017589 -22.669931 -33.118750 
30.126164 -19.564461 -35.625000 
28.880871 -19.878113 -32.500000


30.744153 -17.390632 -31.868750 
28.880871 -19.878113 -32.500000 
31.989446 -15.837897 -38.125000 
30.744153 -17.390632 -31.868750


10.248051 -2.173829 -33.743750 
9.937504 -4.968752 -33.118750 
13.353521 -5.900393 -34.368750 
10.248051 -2.173829 -33.743750


17.076980 -16.458991 -33.125000 
18.632820 -18.632820 -34.368750 
21.427743 -20.496102 -33.118750 
17.076980 -16.458991 -33.125000


19.564461 -4.965647 -30.000000 
19.253914 -5.900393 -34.368750 
13.353521 -5.900393 -34.368750 
19.564461 -4.965647 -30.000000


20.185555 -3.412912 -36.250000 
22.048837 -5.586741 -30.625000 
23.291025 -5.276194 -33.750000 
20.185555 -3.412912 -36.250000


22.980478 -19.564461 -33.743750 
21.427743 -20.496102 -33.118750 
21.738290 -21.738290 -34.368750 
22.980478 -19.564461 -33.743750


26.085948 -19.875008 -32.493750 
22.980478 -19.564461 -33.743750 
23.291025 -22.048837 -33.118750 
26.085948 -19.875008 -32.493750


31.678899 -13.974615 -34.375000 
30.744153 -17.390632 -31.868750 
31.989446 -15.837897 -38.125000 
31.678899 -13.974615 -34.375000


9.937504 -4.968752 -33.118750 
11.800786 -5.897288 -32.500000 
13.353521 -5.900393 -34.368750 
9.937504 -4.968752 -33.118750


11.800786 -5.897288 -32.500000 
9.937504 -4.968752 -33.118750 
13.350416 -9.626957 -31.875000 
11.800786 -5.897288 -32.500000


13.350416 -9.626957 -31.875000 
9.937504 -4.968752 -33.118750 
11.797681 -9.005863 -33.750000 
13.350416 -9.626957 -31.875000


13.350416 -9.626957 -31.875000 
11.797681 -9.005863 -33.750000 
13.353521 -11.490239 -33.118750 
13.350416 -9.626957 -31.875000


15.837897 -12.111333 -33.118750 
14.906256 -12.111333 -31.868750 
13.350416 -9.626957 -31.875000 
15.837897 -12.111333 -33.118750


15.837897 -12.111333 -33.118750 
13.350416 -9.626957 -31.875000 
13.353521 -11.490239 -33.118750 
15.837897 -12.111333 -33.118750


15.837897 -12.111333 -33.118750 
13.353521 -11.490239 -33.118750 
17.076980 -16.458991 -33.125000 
15.837897 -12.111333 -33.118750


21.427743 -20.496102 -33.118750 
15.837897 -12.111333 -33.118750 
17.076980 -16.458991 -33.125000 
21.427743 -20.496102 -33.118750


19.875008 -17.083190 -31.875000 
15.837897 -12.111333 -33.118750 
21.427743 -20.496102 -33.118750 
19.875008 -17.083190 -31.875000


20.185555 -3.412912 -36.250000 
19.253914 -5.900393 -34.368750 
19.564461 -4.965647 -30.000000 
20.185555 -3.412912 -36.250000


19.564461 -4.965647 -30.000000 
22.048837 -5.586741 -30.625000 
20.185555 -3.412912 -36.250000 
19.564461 -4.965647 -30.000000


22.669931 -16.458991 -32.493750 
19.875008 -17.083190 -31.875000 
23.601572 -17.701179 -33.118750 
22.669931 -16.458991 -32.493750


23.601572 -17.701179 -33.118750 
21.427743 -20.496102 -33.118750 
22.980478 -19.564461 -33.743750 
23.601572 -17.701179 -33.118750


27.017589 -22.669931 -33.118750 
23.291025 -22.048837 -33.118750 
24.533213 -23.601572 -34.368750 
27.017589 -22.669931 -33.118750


27.017589 -22.669931 -33.118750 
26.085948 -19.875008 -32.493750 
23.291025 -22.048837 -33.118750 
27.017589 -22.669931 -33.118750


26.396495 -5.586741 -33.750000 
26.707042 -6.832034 -31.243750 
27.949230 -6.207835 -35.625000 
26.396495 -5.586741 -33.750000


28.880871 -19.878113 -32.500000 
26.085948 -19.875008 -32.493750 
27.017589 -22.669931 -33.118750 
28.880871 -19.878113 -32.500000


26.707042 -6.832034 -31.243750 
29.191418 -9.005863 -33.118750 
27.949230 -6.207835 -35.625000 
26.707042 -6.832034 -31.243750


30.126164 -10.248051 -33.750000 
30.744153 -14.595709 -32.493750 
31.678899 -13.974615 -34.375000 
30.126164 -10.248051 -33.750000


30.744153 -14.595709 -32.493750 
30.744153 -17.390632 -31.868750 
31.678899 -13.974615 -34.375000 
30.744153 -14.595709 -32.493750


12.111333 -7.142581 -31.868750 
11.800786 -5.897288 -32.500000 
13.350416 -9.626957 -31.875000 
12.111333 -7.142581 -31.868750


14.906256 -12.111333 -31.868750 
15.837897 -12.111333 -33.118750 
18.322273 -15.837897 -31.868750 
14.906256 -12.111333 -31.868750


18.322273 -15.837897 -31.868750 
15.837897 -12.111333 -33.118750 
19.875008 -17.083190 -31.875000 
18.322273 -15.837897 -31.868750


21.427743 -20.496102 -33.118750 
23.601572 -17.701179 -33.118750 
19.875008 -17.083190 -31.875000 
21.427743 -20.496102 -33.118750


23.291025 -5.276194 -33.750000 
25.157412 -6.521487 -28.750000 
26.396495 -5.586741 -33.750000 
23.291025 -5.276194 -33.750000


23.601572 -17.701179 -33.118750 
22.980478 -19.564461 -33.743750 
26.085948 -19.875008 -32.493750 
23.601572 -17.701179 -33.118750


25.154307 -16.769538 -31.243750 
22.669931 -16.458991 -32.493750 
23.601572 -17.701179 -33.118750 
25.154307 -16.769538 -31.243750


25.157412 -6.521487 -28.750000 
26.707042 -6.832034 -31.243750 
26.396495 -5.586741 -33.750000 
25.157412 -6.521487 -28.750000


25.154307 -16.769538 -31.243750 
23.601572 -17.701179 -33.118750 
26.085948 -19.875008 -32.493750 
25.154307 -16.769538 -31.243750


28.880871 -19.878113 -32.500000 
27.328136 -18.632820 -31.243750 
26.085948 -19.875008 -32.493750 
28.880871 -19.878113 -32.500000


27.328136 -9.316410 -31.243750 
30.744153 -14.595709 -32.493750 
30.126164 -10.248051 -33.750000 
27.328136 -9.316410 -31.243750


29.191418 -9.005863 -33.118750 
27.328136 -9.316410 -31.243750 
30.126164 -10.248051 -33.750000 
29.191418 -9.005863 -33.118750


30.744153 -14.595709 -32.493750 
29.812512 -14.906256 -32.493750 
30.744153 -17.390632 -31.868750 
30.744153 -14.595709 -32.493750


20.806649 -14.906256 -31.868750 
12.111333 -7.142581 -31.868750 
13.350416 -9.626957 -31.875000 
20.806649 -14.906256 -31.868750


20.806649 -14.906256 -31.868750 
13.350416 -9.626957 -31.875000 
14.906256 -12.111333 -31.868750 
20.806649 -14.906256 -31.868750


16.769538 -4.965647 -30.000000 
19.564461 -4.965647 -30.000000 
13.353521 -5.900393 -34.368750 
16.769538 -4.965647 -30.000000


18.322273 -15.837897 -31.868750 
20.806649 -14.906256 -31.868750 
14.906256 -12.111333 -31.868750 
18.322273 -15.837897 -31.868750


20.806649 -14.906256 -31.868750 
18.322273 -15.837897 -31.868750 
19.875008 -17.083190 -31.875000 
20.806649 -14.906256 -31.868750


22.669931 -16.458991 -32.493750 
20.806649 -14.906256 -31.868750 
19.875008 -17.083190 -31.875000 
22.669931 -16.458991 -32.493750


22.980478 -14.285162 -29.993750 
20.806649 -14.906256 -31.868750 
22.669931 -16.458991 -32.493750 
22.980478 -14.285162 -29.993750


25.154307 -16.769538 -31.243750 
26.085948 -19.875008 -32.493750 
27.328136 -18.632820 -31.243750 
25.154307 -16.769538 -31.243750


26.707042 -6.832034 -31.243750 
27.328136 -9.316410 -31.243750 
29.191418 -9.005863 -33.118750 
26.707042 -6.832034 -31.243750


27.328136 -9.316410 -31.243750 
27.017589 -12.111333 -29.993750 
29.812512 -14.906256 -32.493750 
27.328136 -9.316410 -31.243750


30.744153 -14.595709 -32.493750 
27.328136 -9.316410 -31.243750 
29.812512 -14.906256 -32.493750 
30.744153 -14.595709 -32.493750


30.744153 -17.390632 -31.868750 
27.328136 -18.632820 -31.243750 
28.880871 -19.878113 -32.500000 
30.744153 -17.390632 -31.868750


11.800786 -5.897288 -32.500000 
11.490239 -6.210940 -30.631250 
13.353521 -5.900393 -34.368750 
11.800786 -5.897288 -32.500000


11.490239 -6.210940 -30.631250 
11.800786 -5.897288 -32.500000 
12.111333 -7.142581 -31.868750 
11.490239 -6.210940 -30.631250


12.108228 -7.763675 -30.625000 
11.490239 -6.210940 -30.631250 
12.111333 -7.142581 -31.868750 
12.108228 -7.763675 -30.625000


12.111333 -7.142581 -31.868750 
14.906256 -10.558598 -30.618750 
12.108228 -7.763675 -30.625000 
12.111333 -7.142581 -31.868750


11.490239 -6.210940 -30.631250 
16.769538 -4.965647 -30.000000 
13.353521 -5.900393 -34.368750 
11.490239 -6.210940 -30.631250


14.906256 -10.558598 -30.618750 
12.111333 -7.142581 -31.868750 
17.076980 -12.732427 -30.000000 
14.906256 -10.558598 -30.618750


17.076980 -12.732427 -30.000000 
12.111333 -7.142581 -31.868750 
20.806649 -14.906256 -31.868750 
17.076980 -12.732427 -30.000000


17.076980 -12.732427 -30.000000 
20.806649 -14.906256 -31.868750 
18.632820 -13.977720 -30.625000 
17.076980 -12.732427 -30.000000


26.707042 -6.832034 -31.243750 
26.085948 -9.626957 -29.368750 
27.328136 -9.316410 -31.243750 
26.707042 -6.832034 -31.243750


28.259777 -16.458991 -29.368750 
30.744153 -17.390632 -31.868750 
29.812512 -14.906256 -32.493750 
28.259777 -16.458991 -29.368750


13.664068 -8.074222 -28.118750 
11.490239 -6.210940 -30.631250 
12.108228 -7.763675 -30.625000 
13.664068 -8.074222 -28.118750


11.490239 -6.210940 -30.631250 
13.664068 -4.965647 -28.125000 
16.769538 -4.965647 -30.000000 
11.490239 -6.210940 -30.631250


21.117196 -13.042974 -29.368750 
18.632820 -13.977720 -30.625000 
20.806649 -14.906256 -31.868750 
21.117196 -13.042974 -29.368750


21.117196 -13.042974 -29.368750 
20.806649 -14.906256 -31.868750 
22.980478 -14.285162 -29.993750 
21.117196 -13.042974 -29.368750


22.980478 -14.285162 -29.993750 
22.669931 -16.458991 -32.493750 
25.154307 -16.769538 -31.243750 
22.980478 -14.285162 -29.993750


22.048837 -5.586741 -30.625000 
25.157412 -6.521487 -28.750000 
23.291025 -5.276194 -33.750000 
22.048837 -5.586741 -30.625000


25.157412 -6.521487 -28.750000 
26.085948 -9.626957 -29.368750 
26.707042 -6.832034 -31.243750 
25.157412 -6.521487 -28.750000


27.328136 -9.316410 -31.243750 
26.085948 -9.626957 -29.368750 
27.017589 -12.111333 -29.993750 
27.328136 -9.316410 -31.243750


27.017589 -12.111333 -29.993750 
27.017589 -15.216803 -28.743750 
29.812512 -14.906256 -32.493750 
27.017589 -12.111333 -29.993750


27.017589 -15.216803 -28.743750 
28.259777 -16.458991 -29.368750 
29.812512 -14.906256 -32.493750 
27.017589 -15.216803 -28.743750


28.259777 -16.458991 -29.368750 
27.328136 -18.632820 -31.243750 
30.744153 -17.390632 -31.868750 
28.259777 -16.458991 -29.368750


14.906256 -10.558598 -30.618750 
13.664068 -8.074222 -28.118750 
12.108228 -7.763675 -30.625000 
14.906256 -10.558598 -30.618750


21.117196 -13.042974 -29.368750 
17.076980 -12.732427 -30.000000 
18.632820 -13.977720 -30.625000 
21.117196 -13.042974 -29.368750


25.157412 -6.521487 -28.750000 
22.669931 -8.695316 -23.743750 
26.085948 -9.626957 -29.368750 
25.157412 -6.521487 -28.750000


25.154307 -16.769538 -31.243750 
27.328136 -18.632820 -31.243750 
28.259777 -16.458991 -29.368750 
25.154307 -16.769538 -31.243750


28.259777 -16.458991 -29.368750 
25.154307 -14.285162 -28.743750 
25.154307 -16.769538 -31.243750 
28.259777 -16.458991 -29.368750


21.117196 -13.042974 -29.368750 
18.011726 -10.558598 -26.868750 
17.076980 -12.732427 -30.000000 
21.117196 -13.042974 -29.368750


22.048837 -5.586741 -30.625000 
23.291025 -6.518382 -25.625000 
25.157412 -6.521487 -28.750000 
22.048837 -5.586741 -30.625000


25.154307 -14.285162 -28.743750 
22.980478 -14.285162 -29.993750 
25.154307 -16.769538 -31.243750 
25.154307 -14.285162 -28.743750


27.017589 -12.111333 -29.993750 
26.085948 -14.285162 -28.118750 
27.017589 -15.216803 -28.743750 
27.017589 -12.111333 -29.993750


26.085948 -9.626957 -29.368750 
26.085948 -14.285162 -28.118750 
27.017589 -12.111333 -29.993750 
26.085948 -9.626957 -29.368750


27.017589 -15.216803 -28.743750 
25.154307 -14.285162 -28.743750 
28.259777 -16.458991 -29.368750 
27.017589 -15.216803 -28.743750


13.664068 -8.074222 -28.118750 
14.906256 -10.558598 -30.618750 
17.076980 -12.732427 -30.000000 
13.664068 -8.074222 -28.118750


18.011726 -10.558598 -26.868750 
13.664068 -8.074222 -28.118750 
17.076980 -12.732427 -30.000000 
18.011726 -10.558598 -26.868750


17.390632 -4.658205 -28.131250 
19.564461 -4.965647 -30.000000 
16.769538 -4.965647 -30.000000 
17.390632 -4.658205 -28.131250


21.117196 -13.042974 -29.368750 
22.980478 -14.285162 -29.993750 
25.154307 -14.285162 -28.743750 
21.117196 -13.042974 -29.368750


25.154307 -14.285162 -28.743750 
23.291025 -12.732427 -27.493750 
21.117196 -13.042974 -29.368750 
25.154307 -14.285162 -28.743750


27.017589 -15.216803 -28.743750 
26.085948 -14.285162 -28.118750 
25.154307 -14.285162 -28.743750 
27.017589 -15.216803 -28.743750


15.216803 -7.763675 -25.618750 
11.490239 -6.210940 -30.631250 
13.664068 -8.074222 -28.118750 
15.216803 -7.763675 -25.618750


13.042974 -4.968752 -25.618750 
17.390632 -4.658205 -28.131250 
13.664068 -4.965647 -28.125000 
13.042974 -4.968752 -25.618750


13.664068 -4.965647 -28.125000 
17.390632 -4.658205 -28.131250 
16.769538 -4.965647 -30.000000 
13.664068 -4.965647 -28.125000


17.390632 -4.658205 -28.131250 
20.185555 -5.586741 -26.875000 
19.564461 -4.965647 -30.000000 
17.390632 -4.658205 -28.131250


20.185555 -5.586741 -26.875000 
22.048837 -5.586741 -30.625000 
19.564461 -4.965647 -30.000000 
20.185555 -5.586741 -26.875000


22.669931 -8.695316 -23.743750 
23.291025 -10.248051 -23.743750 
26.085948 -9.626957 -29.368750 
22.669931 -8.695316 -23.743750


26.085948 -9.626957 -29.368750 
23.291025 -10.248051 -23.743750 
26.085948 -14.285162 -28.118750 
26.085948 -9.626957 -29.368750


16.148444 -9.316410 -26.243750 
13.664068 -8.074222 -28.118750 
18.011726 -10.558598 -26.868750 
16.148444 -9.316410 -26.243750


23.291025 -12.732427 -27.493750 
18.011726 -10.558598 -26.868750 
21.117196 -13.042974 -29.368750 
23.291025 -12.732427 -27.493750


25.154307 -14.285162 -25.618750 
25.154307 -14.285162 -28.743750 
26.085948 -14.285162 -28.118750 
25.154307 -14.285162 -25.618750


13.042974 -4.968752 -25.618750 
13.664068 -4.965647 -28.125000 
11.490239 -6.210940 -30.631250 
13.042974 -4.968752 -25.618750


22.048837 -7.142581 -22.493750 
22.669931 -8.695316 -23.743750 
25.157412 -6.521487 -28.750000 
22.048837 -7.142581 -22.493750


23.291025 -6.518382 -25.625000 
22.048837 -7.142581 -22.493750 
25.157412 -6.521487 -28.750000 
23.291025 -6.518382 -25.625000


25.154307 -14.285162 -25.618750 
23.291025 -12.732427 -27.493750 
25.154307 -14.285162 -28.743750 
25.154307 -14.285162 -25.618750


23.291025 -10.248051 -23.743750 
25.154307 -14.285162 -25.618750 
26.085948 -14.285162 -28.118750 
23.291025 -10.248051 -23.743750


15.216803 -7.763675 -25.618750 
13.042974 -4.968752 -25.618750 
11.490239 -6.210940 -30.631250 
15.216803 -7.763675 -25.618750


15.216803 -7.763675 -25.618750 
13.664068 -8.074222 -28.118750 
16.148444 -9.316410 -26.243750 
15.216803 -7.763675 -25.618750


13.042974 -4.968752 -25.618750 
15.837897 -5.279299 -22.493750 
17.390632 -4.658205 -28.131250 
13.042974 -4.968752 -25.618750


16.148444 -9.316410 -26.243750 
18.011726 -10.558598 -26.868750 
19.564461 -10.248051 -24.368750 
16.148444 -9.316410 -26.243750


17.390632 -4.658205 -28.131250 
18.322273 -5.900393 -23.118750 
20.185555 -5.586741 -26.875000 
17.390632 -4.658205 -28.131250


21.738290 -12.114438 -25.625000 
18.011726 -10.558598 -26.868750 
23.291025 -12.732427 -27.493750 
21.738290 -12.114438 -25.625000


22.048837 -7.142581 -22.493750 
23.291025 -6.518382 -25.625000 
22.048837 -5.586741 -30.625000 
22.048837 -7.142581 -22.493750


21.738290 -12.114438 -25.625000 
23.291025 -12.732427 -27.493750 
23.287920 -13.664068 -26.250000 
21.738290 -12.114438 -25.625000


23.291025 -12.732427 -27.493750 
25.154307 -14.285162 -25.618750 
23.287920 -13.664068 -26.250000 
23.291025 -12.732427 -27.493750


14.595709 -5.589846 -23.743750 
13.042974 -4.968752 -25.618750 
15.216803 -7.763675 -25.618750 
14.595709 -5.589846 -23.743750


19.564461 -10.248051 -24.368750 
18.011726 -10.558598 -26.868750 
21.738290 -12.114438 -25.625000 
19.564461 -10.248051 -24.368750


21.117196 -10.248051 -24.368750 
19.564461 -10.248051 -24.368750 
21.738290 -12.114438 -25.625000 
21.117196 -10.248051 -24.368750


20.185555 -5.586741 -26.875000 
22.048837 -7.142581 -22.493750 
22.048837 -5.586741 -30.625000 
20.185555 -5.586741 -26.875000


21.738290 -12.114438 -25.625000 
23.287920 -13.664068 -26.250000 
25.154307 -14.285162 -25.618750 
21.738290 -12.114438 -25.625000


25.154307 -14.285162 -25.618750 
23.291025 -10.248051 -23.743750 
21.738290 -12.114438 -25.625000 
25.154307 -14.285162 -25.618750


13.042974 -4.968752 -25.618750 
14.595709 -5.589846 -23.743750 
15.837897 -5.279299 -22.493750 
13.042974 -4.968752 -25.618750


19.564461 -10.248051 -24.368750 
17.390632 -7.453128 -24.368750 
15.216803 -7.763675 -25.618750 
19.564461 -10.248051 -24.368750


15.837897 -5.279299 -22.493750 
18.322273 -5.900393 -23.118750 
17.390632 -4.658205 -28.131250 
15.837897 -5.279299 -22.493750


15.216803 -7.763675 -25.618750 
16.148444 -9.316410 -26.243750 
19.564461 -10.248051 -24.368750 
15.216803 -7.763675 -25.618750


19.564461 -9.005863 -23.118750 
17.390632 -7.453128 -24.368750 
19.564461 -10.248051 -24.368750 
19.564461 -9.005863 -23.118750


20.185555 -6.518382 -22.500000 
20.185555 -5.586741 -26.875000 
18.322273 -5.900393 -23.118750 
20.185555 -6.518382 -22.500000


23.291025 -10.248051 -23.743750 
21.117196 -10.248051 -24.368750 
21.738290 -12.114438 -25.625000 
23.291025 -10.248051 -23.743750


22.669931 -8.695316 -23.743750 
21.117196 -10.248051 -24.368750 
23.291025 -10.248051 -23.743750 
22.669931 -8.695316 -23.743750


14.595709 -5.589846 -23.743750 
15.216803 -7.763675 -25.618750 
17.390632 -7.453128 -24.368750 
14.595709 -5.589846 -23.743750


15.837897 -5.279299 -22.493750 
14.595709 -5.589846 -23.743750 
17.390632 -7.453128 -24.368750 
15.837897 -5.279299 -22.493750


19.564461 -9.005863 -23.118750 
18.322273 -5.900393 -23.118750 
17.390632 -7.453128 -24.368750 
19.564461 -9.005863 -23.118750


18.322273 -5.900393 -23.118750 
19.564461 -9.005863 -23.118750 
20.185555 -6.518382 -22.500000 
18.322273 -5.900393 -23.118750


22.669931 -8.695316 -23.743750 
20.185555 -6.518382 -22.500000 
19.564461 -9.005863 -23.118750 
22.669931 -8.695316 -23.743750


20.185555 -6.518382 -22.500000 
22.048837 -7.142581 -22.493750 
20.185555 -5.586741 -26.875000 
20.185555 -6.518382 -22.500000


22.048837 -7.142581 -22.493750 
20.185555 -6.518382 -22.500000 
22.669931 -8.695316 -23.743750 
22.048837 -7.142581 -22.493750


18.322273 -5.900393 -23.118750 
15.837897 -5.279299 -22.493750 
17.390632 -7.453128 -24.368750 
18.322273 -5.900393 -23.118750


19.564461 -9.005863 -23.118750 
19.564461 -10.248051 -24.368750 
21.117196 -10.248051 -24.368750 
19.564461 -9.005863 -23.118750


22.669931 -8.695316 -23.743750 
19.564461 -9.005863 -23.118750 
21.117196 -10.248051 -24.368750 
22.669931 -8.695316 -23.743750


