956

-17.390632 -15.216803 -57.506250 
-18.635925 -14.285162 -58.125000 
-17.390632 -12.732427 -58.131250 
-17.390632 -15.216803 -57.506250


-17.390632 -15.216803 -57.506250 
-19.564461 -16.148444 -57.506250 
-18.635925 -14.285162 -58.125000 
-17.390632 -15.216803 -57.506250


-18.322273 -17.080085 -56.256250 
-21.117196 -18.943367 -56.881250 
-19.564461 -16.148444 -57.506250 
-18.322273 -17.080085 -56.256250


-15.837897 -13.042974 -55.006250 
-17.390632 -15.216803 -57.506250 
-17.390632 -12.732427 -58.131250 
-15.837897 -13.042974 -55.006250


-21.117196 -18.943367 -56.881250 
-20.806649 -21.117196 -56.256250 
-24.222666 -22.359384 -56.256250 
-21.117196 -18.943367 -56.881250


-20.499207 -15.837897 -54.375000 
-18.635925 -14.285162 -58.125000 
-19.564461 -16.148444 -57.506250 
-20.499207 -15.837897 -54.375000


-21.117196 -18.943367 -56.881250 
-18.322273 -17.080085 -56.256250 
-20.806649 -21.117196 -56.256250 
-21.117196 -18.943367 -56.881250


-18.322273 -17.080085 -56.256250 
-19.564461 -16.148444 -57.506250 
-17.390632 -15.216803 -57.506250 
-18.322273 -17.080085 -56.256250


-24.222666 -22.359384 -56.256250 
-22.048837 -22.980478 -55.631250 
-24.222666 -23.601572 -56.256250 
-24.222666 -22.359384 -56.256250


-23.915224 -20.806649 -51.875000 
-21.117196 -18.943367 -56.881250 
-24.222666 -22.359384 -56.256250 
-23.915224 -20.806649 -51.875000


-23.604677 -19.253914 -52.500000 
-21.741395 -17.701179 -53.125000 
-21.117196 -18.943367 -56.881250 
-23.604677 -19.253914 -52.500000


-20.806649 -21.117196 -56.256250 
-22.048837 -22.980478 -55.631250 
-24.222666 -22.359384 -56.256250 
-20.806649 -21.117196 -56.256250


-21.741395 -17.701179 -53.125000 
-19.564461 -16.148444 -57.506250 
-21.117196 -18.943367 -56.881250 
-21.741395 -17.701179 -53.125000


-17.701179 -12.418775 -54.375000 
-18.635925 -14.285162 -58.125000 
-20.499207 -15.837897 -54.375000 
-17.701179 -12.418775 -54.375000


-18.322273 -17.080085 -56.256250 
-18.322273 -19.875008 -55.006250 
-20.806649 -21.117196 -56.256250 
-18.322273 -17.080085 -56.256250


-17.080085 -17.080085 -55.006250 
-18.322273 -17.080085 -56.256250 
-17.390632 -15.216803 -57.506250 
-17.080085 -17.080085 -55.006250


-22.980478 -25.154307 -55.006250 
-25.775401 -27.638683 -55.006250 
-25.464854 -25.775401 -55.631250 
-22.980478 -25.154307 -55.006250


-26.399600 -24.222666 -51.250000 
-24.222666 -23.601572 -56.256250 
-25.464854 -25.775401 -55.631250 
-26.399600 -24.222666 -51.250000


-24.222666 -23.601572 -56.256250 
-22.980478 -25.154307 -55.006250 
-25.464854 -25.775401 -55.631250 
-24.222666 -23.601572 -56.256250


-20.806649 -23.601572 -55.006250 
-22.980478 -25.154307 -55.006250 
-24.222666 -23.601572 -56.256250 
-20.806649 -23.601572 -55.006250


-22.048837 -22.980478 -55.631250 
-20.806649 -23.601572 -55.006250 
-24.222666 -23.601572 -56.256250 
-22.048837 -22.980478 -55.631250


-23.915224 -20.806649 -51.875000 
-23.604677 -19.253914 -52.500000 
-21.117196 -18.943367 -56.881250 
-23.915224 -20.806649 -51.875000


-18.943367 -22.359384 -54.381250 
-20.806649 -23.601572 -55.006250 
-22.048837 -22.980478 -55.631250 
-18.943367 -22.359384 -54.381250


-20.499207 -15.837897 -54.375000 
-19.564461 -16.148444 -57.506250 
-21.741395 -17.701179 -53.125000 
-20.499207 -15.837897 -54.375000


-18.943367 -22.359384 -54.381250 
-22.048837 -22.980478 -55.631250 
-20.806649 -21.117196 -56.256250 
-18.943367 -22.359384 -54.381250


-18.322273 -19.875008 -55.006250 
-18.943367 -22.359384 -54.381250 
-20.806649 -21.117196 -56.256250 
-18.322273 -19.875008 -55.006250


-17.701179 -12.418775 -54.375000 
-17.390632 -12.732427 -58.131250 
-18.635925 -14.285162 -58.125000 
-17.701179 -12.418775 -54.375000


-17.080085 -17.080085 -55.006250 
-18.322273 -19.875008 -55.006250 
-18.322273 -17.080085 -56.256250 
-17.080085 -17.080085 -55.006250


-14.595709 -15.841002 -53.125000 
-17.080085 -17.080085 -55.006250 
-17.390632 -15.216803 -57.506250 
-14.595709 -15.841002 -53.125000


-15.837897 -13.042974 -55.006250 
-14.595709 -15.841002 -53.125000 
-17.390632 -15.216803 -57.506250 
-15.837897 -13.042974 -55.006250


-26.399600 -24.222666 -51.250000 
-25.464854 -25.775401 -55.631250 
-25.775401 -27.638683 -55.006250 
-26.399600 -24.222666 -51.250000


-22.980478 -25.154307 -55.006250 
-24.533213 -28.573429 -54.375000 
-25.775401 -27.638683 -55.006250 
-22.980478 -25.154307 -55.006250


-20.806649 -25.154307 -53.756250 
-24.533213 -28.573429 -54.375000 
-22.980478 -25.154307 -55.006250 
-20.806649 -25.154307 -53.756250


-20.806649 -25.154307 -53.756250 
-22.980478 -25.154307 -55.006250 
-20.806649 -23.601572 -55.006250 
-20.806649 -25.154307 -53.756250


-16.148444 -19.875008 -54.381250 
-18.943367 -22.359384 -54.381250 
-18.322273 -19.875008 -55.006250 
-16.148444 -19.875008 -54.381250


-17.080085 -17.080085 -55.006250 
-16.148444 -19.875008 -54.381250 
-18.322273 -19.875008 -55.006250 
-17.080085 -17.080085 -55.006250


-17.080085 -17.080085 -55.006250 
-15.837897 -18.011726 -53.756250 
-16.148444 -19.875008 -54.381250 
-17.080085 -17.080085 -55.006250


-24.225771 -27.949230 -51.250000 
-25.775401 -27.638683 -55.006250 
-24.533213 -28.573429 -54.375000 
-24.225771 -27.949230 -51.250000


-24.222666 -22.359384 -56.256250 
-24.222666 -23.601572 -56.256250 
-26.399600 -24.222666 -51.250000 
-24.222666 -22.359384 -56.256250


-20.806649 -25.154307 -53.756250 
-22.980478 -29.505070 -53.125000 
-24.533213 -28.573429 -54.375000 
-20.806649 -25.154307 -53.756250


-18.943367 -22.359384 -54.381250 
-20.806649 -25.154307 -53.756250 
-20.806649 -23.601572 -55.006250 
-18.943367 -22.359384 -54.381250


-18.008621 -25.154307 -52.500000 
-20.806649 -25.154307 -53.756250 
-18.943367 -22.359384 -54.381250 
-18.008621 -25.154307 -52.500000


-16.458991 -22.669931 -53.131250 
-18.008621 -25.154307 -52.500000 
-18.943367 -22.359384 -54.381250 
-16.458991 -22.669931 -53.131250


-16.148444 -19.875008 -54.381250 
-16.458991 -22.669931 -53.131250 
-18.943367 -22.359384 -54.381250 
-16.148444 -19.875008 -54.381250


-17.701179 -12.418775 -54.375000 
-15.837897 -13.042974 -55.006250 
-17.390632 -12.732427 -58.131250 
-17.701179 -12.418775 -54.375000


-15.837897 -18.011726 -53.756250 
-17.080085 -17.080085 -55.006250 
-14.595709 -15.841002 -53.125000 
-15.837897 -18.011726 -53.756250


-25.467959 -22.359384 -51.250000 
-24.222666 -22.359384 -56.256250 
-26.399600 -24.222666 -51.250000 
-25.467959 -22.359384 -51.250000


-20.496102 -26.396495 -53.131250 
-22.980478 -29.505070 -53.125000 
-20.806649 -25.154307 -53.756250 
-20.496102 -26.396495 -53.131250


-21.738290 -16.766433 -49.375000 
-20.499207 -15.837897 -54.375000 
-21.741395 -17.701179 -53.125000 
-21.738290 -16.766433 -49.375000


-18.008621 -25.154307 -52.500000 
-20.496102 -26.396495 -53.131250 
-20.806649 -25.154307 -53.756250 
-18.008621 -25.154307 -52.500000


-20.188660 -14.595709 -51.250000 
-17.701179 -12.418775 -54.375000 
-20.499207 -15.837897 -54.375000 
-20.188660 -14.595709 -51.250000


-16.148444 -19.875008 -54.381250 
-14.906256 -22.048837 -51.881250 
-16.458991 -22.669931 -53.131250 
-16.148444 -19.875008 -54.381250


-17.701179 -12.418775 -54.375000 
-14.903151 -12.111333 -52.500000 
-15.837897 -13.042974 -55.006250 
-17.701179 -12.418775 -54.375000


-22.980478 -29.505070 -53.125000 
-24.225771 -27.949230 -51.250000 
-24.533213 -28.573429 -54.375000 
-22.980478 -29.505070 -53.125000


-25.467959 -22.359384 -51.250000 
-23.915224 -20.806649 -51.875000 
-24.222666 -22.359384 -56.256250 
-25.467959 -22.359384 -51.250000


-20.496102 -30.747258 -50.000000 
-22.359384 -29.815617 -48.125000 
-22.980478 -29.505070 -53.125000 
-20.496102 -30.747258 -50.000000


-20.496102 -26.396495 -53.131250 
-20.496102 -30.747258 -50.000000 
-22.980478 -29.505070 -53.125000 
-20.496102 -26.396495 -53.131250


-20.185555 -27.638683 -51.881250 
-20.496102 -30.747258 -50.000000 
-20.496102 -26.396495 -53.131250 
-20.185555 -27.638683 -51.881250


-20.188660 -14.595709 -51.250000 
-20.499207 -15.837897 -54.375000 
-21.738290 -16.766433 -49.375000 
-20.188660 -14.595709 -51.250000


-18.008621 -25.154307 -52.500000 
-20.185555 -27.638683 -51.881250 
-20.496102 -26.396495 -53.131250 
-18.008621 -25.154307 -52.500000


-15.527350 -25.154307 -50.631250 
-18.008621 -25.154307 -52.500000 
-16.458991 -22.669931 -53.131250 
-15.527350 -25.154307 -50.631250


-14.906256 -22.048837 -51.881250 
-15.527350 -25.154307 -50.631250 
-16.458991 -22.669931 -53.131250 
-14.906256 -22.048837 -51.881250


-15.837897 -13.042974 -55.006250 
-14.903151 -12.111333 -52.500000 
-14.595709 -15.841002 -53.125000 
-15.837897 -13.042974 -55.006250


-23.291025 -18.943367 -49.381250 
-23.604677 -19.253914 -52.500000 
-23.915224 -20.806649 -51.875000 
-23.291025 -18.943367 -49.381250


-23.291025 -18.943367 -49.381250 
-21.741395 -17.701179 -53.125000 
-23.604677 -19.253914 -52.500000 
-23.291025 -18.943367 -49.381250


-18.011726 -27.638683 -50.631250 
-20.185555 -27.638683 -51.881250 
-18.008621 -25.154307 -52.500000 
-18.011726 -27.638683 -50.631250


-16.769538 -27.331241 -50.000000 
-18.011726 -27.638683 -50.631250 
-18.008621 -25.154307 -52.500000 
-16.769538 -27.331241 -50.000000


-15.527350 -25.154307 -50.631250 
-16.769538 -27.331241 -50.000000 
-18.008621 -25.154307 -52.500000 
-15.527350 -25.154307 -50.631250


-14.595709 -23.912119 -50.631250 
-15.527350 -25.154307 -50.631250 
-14.906256 -22.048837 -51.881250 
-14.595709 -23.912119 -50.631250


-15.837897 -18.011726 -53.756250 
-14.906256 -22.048837 -51.881250 
-16.148444 -19.875008 -54.381250 
-15.837897 -18.011726 -53.756250


-14.903151 -12.111333 -52.500000 
-13.660963 -15.837897 -46.875000 
-14.595709 -15.841002 -53.125000 
-14.903151 -12.111333 -52.500000


-14.595709 -15.841002 -53.125000 
-13.350416 -18.943367 -48.125000 
-15.837897 -18.011726 -53.756250 
-14.595709 -15.841002 -53.125000


-15.837897 -18.011726 -53.756250 
-13.350416 -21.738290 -48.750000 
-14.906256 -22.048837 -51.881250 
-15.837897 -18.011726 -53.756250


-22.359384 -29.815617 -48.125000 
-24.225771 -27.949230 -51.250000 
-22.980478 -29.505070 -53.125000 
-22.359384 -29.815617 -48.125000


-21.738290 -16.766433 -49.375000 
-21.741395 -17.701179 -53.125000 
-23.291025 -18.943367 -49.381250 
-21.738290 -16.766433 -49.375000


-14.906256 -22.048837 -51.881250 
-13.350416 -21.738290 -48.750000 
-14.595709 -23.912119 -50.631250 
-14.906256 -22.048837 -51.881250


-23.915224 -20.806649 -51.875000 
-25.467959 -22.359384 -51.250000 
-26.399600 -23.291025 -45.625000 
-23.915224 -20.806649 -51.875000


-19.253914 -29.812512 -50.006250 
-20.496102 -30.747258 -50.000000 
-20.185555 -27.638683 -51.881250 
-19.253914 -29.812512 -50.006250


-18.011726 -27.638683 -50.631250 
-19.253914 -29.812512 -50.006250 
-20.185555 -27.638683 -51.881250 
-18.011726 -27.638683 -50.631250


-16.769538 -27.331241 -50.000000 
-19.253914 -29.812512 -50.006250 
-18.011726 -27.638683 -50.631250 
-16.769538 -27.331241 -50.000000


-18.943367 -13.350416 -48.750000 
-17.701179 -12.418775 -54.375000 
-20.188660 -14.595709 -51.250000 
-18.943367 -13.350416 -48.750000


-13.660963 -15.837897 -46.875000 
-13.350416 -18.943367 -48.125000 
-14.595709 -15.841002 -53.125000 
-13.660963 -15.837897 -46.875000


-13.350416 -18.943367 -48.125000 
-13.350416 -21.738290 -48.750000 
-15.837897 -18.011726 -53.756250 
-13.350416 -18.943367 -48.125000


-25.775401 -27.017589 -48.118750 
-26.399600 -24.222666 -51.250000 
-25.775401 -27.638683 -55.006250 
-25.775401 -27.017589 -48.118750


-25.775401 -27.017589 -48.118750 
-25.775401 -27.638683 -55.006250 
-24.225771 -27.949230 -51.250000 
-25.775401 -27.017589 -48.118750


-20.499207 -14.595709 -48.750000 
-20.188660 -14.595709 -51.250000 
-21.738290 -16.766433 -49.375000 
-20.499207 -14.595709 -48.750000


-19.253914 -29.812512 -50.006250 
-18.943367 -31.365247 -48.131250 
-20.496102 -30.747258 -50.000000 
-19.253914 -29.812512 -50.006250


-17.701179 -12.418775 -54.375000 
-16.148444 -10.866040 -47.500000 
-14.903151 -12.111333 -52.500000 
-17.701179 -12.418775 -54.375000


-14.906256 -26.396495 -48.131250 
-16.769538 -27.331241 -50.000000 
-15.527350 -25.154307 -50.631250 
-14.906256 -26.396495 -48.131250


-13.664068 -24.222666 -49.381250 
-14.906256 -26.396495 -48.131250 
-15.527350 -25.154307 -50.631250 
-13.664068 -24.222666 -49.381250


-14.595709 -23.912119 -50.631250 
-13.664068 -24.222666 -49.381250 
-15.527350 -25.154307 -50.631250 
-14.595709 -23.912119 -50.631250


-13.350416 -21.738290 -48.750000 
-13.664068 -24.222666 -49.381250 
-14.595709 -23.912119 -50.631250 
-13.350416 -21.738290 -48.750000


-25.467959 -22.359384 -51.250000 
-26.399600 -24.222666 -51.250000 
-25.775401 -27.017589 -48.118750 
-25.467959 -22.359384 -51.250000


-25.775401 -27.017589 -48.118750 
-24.225771 -27.949230 -51.250000 
-24.222666 -27.020694 -47.500000 
-25.775401 -27.017589 -48.118750


-23.291025 -18.943367 -49.381250 
-23.915224 -20.806649 -51.875000 
-26.399600 -23.291025 -45.625000 
-23.291025 -18.943367 -49.381250


-24.222666 -27.020694 -47.500000 
-24.225771 -27.949230 -51.250000 
-22.359384 -29.815617 -48.125000 
-24.222666 -27.020694 -47.500000


-18.943367 -13.350416 -48.750000 
-20.188660 -14.595709 -51.250000 
-20.499207 -14.595709 -48.750000 
-18.943367 -13.350416 -48.750000


-22.980478 -17.701179 -46.881250 
-21.738290 -16.766433 -49.375000 
-23.291025 -18.943367 -49.381250 
-22.980478 -17.701179 -46.881250


-20.499207 -14.595709 -48.750000 
-21.738290 -16.766433 -49.375000 
-22.980478 -17.701179 -46.881250 
-20.499207 -14.595709 -48.750000


-17.390632 -31.989446 -46.875000 
-18.943367 -31.365247 -48.131250 
-19.253914 -29.812512 -50.006250 
-17.390632 -31.989446 -46.875000


-16.148444 -10.866040 -47.500000 
-17.701179 -12.418775 -54.375000 
-18.943367 -13.350416 -48.750000 
-16.148444 -10.866040 -47.500000


-16.769538 -29.191418 -47.506250 
-17.390632 -31.989446 -46.875000 
-19.253914 -29.812512 -50.006250 
-16.769538 -29.191418 -47.506250


-16.769538 -27.331241 -50.000000 
-16.769538 -29.191418 -47.506250 
-19.253914 -29.812512 -50.006250 
-16.769538 -27.331241 -50.000000


-14.906256 -26.396495 -48.131250 
-16.769538 -29.191418 -47.506250 
-16.769538 -27.331241 -50.000000 
-14.906256 -26.396495 -48.131250


-12.418775 -24.843760 -46.875000 
-14.906256 -26.396495 -48.131250 
-13.664068 -24.222666 -49.381250 
-12.418775 -24.843760 -46.875000


-26.085948 -24.843760 -44.993750 
-25.467959 -22.359384 -51.250000 
-25.775401 -27.017589 -48.118750 
-26.085948 -24.843760 -44.993750


-24.843760 -26.707042 -44.993750 
-25.775401 -27.017589 -48.118750 
-24.222666 -27.020694 -47.500000 
-24.843760 -26.707042 -44.993750


-12.418775 -24.843760 -46.875000 
-12.418775 -26.396495 -46.250000 
-14.906256 -26.396495 -48.131250 
-12.418775 -24.843760 -46.875000


-13.350416 -21.738290 -48.750000 
-12.418775 -24.843760 -46.875000 
-13.664068 -24.222666 -49.381250 
-13.350416 -21.738290 -48.750000


-13.350416 -18.943367 -48.125000 
-12.418775 -24.843760 -46.875000 
-13.350416 -21.738290 -48.750000 
-13.350416 -18.943367 -48.125000


-26.399600 -23.291025 -45.625000 
-25.467959 -22.359384 -51.250000 
-26.085948 -24.843760 -44.993750 
-26.399600 -23.291025 -45.625000


-26.085948 -24.843760 -44.993750 
-25.775401 -27.017589 -48.118750 
-24.843760 -26.707042 -44.993750 
-26.085948 -24.843760 -44.993750


-22.359384 -29.815617 -48.125000 
-22.051942 -28.880871 -45.000000 
-24.222666 -27.020694 -47.500000 
-22.359384 -29.815617 -48.125000


-17.080085 -32.299993 -43.750000 
-19.875008 -31.057805 -45.000000 
-18.943367 -31.365247 -48.131250 
-17.080085 -32.299993 -43.750000


-17.080085 -32.299993 -43.750000 
-18.943367 -31.365247 -48.131250 
-17.390632 -31.989446 -46.875000 
-17.080085 -32.299993 -43.750000


-14.906256 -26.396495 -48.131250 
-13.664068 -27.638683 -46.256250 
-16.769538 -29.191418 -47.506250 
-14.906256 -26.396495 -48.131250


-16.148444 -10.866040 -47.500000 
-13.660963 -12.421880 -45.000000 
-14.903151 -12.111333 -52.500000 
-16.148444 -10.866040 -47.500000


-14.903151 -12.111333 -52.500000 
-13.350416 -15.837897 -41.250000 
-13.660963 -15.837897 -46.875000 
-14.903151 -12.111333 -52.500000


-13.660963 -12.421880 -45.000000 
-13.350416 -15.837897 -41.250000 
-14.903151 -12.111333 -52.500000 
-13.660963 -12.421880 -45.000000


-13.664068 -27.638683 -46.256250 
-14.906256 -26.396495 -48.131250 
-12.418775 -26.396495 -46.250000 
-13.664068 -27.638683 -46.256250


-13.350416 -18.943367 -48.125000 
-11.797681 -22.669931 -45.625000 
-12.418775 -24.843760 -46.875000 
-13.350416 -18.943367 -48.125000


-12.418775 -20.496102 -45.625000 
-11.797681 -22.669931 -45.625000 
-13.350416 -18.943367 -48.125000 
-12.418775 -20.496102 -45.625000


-24.843760 -26.707042 -44.993750 
-24.222666 -27.020694 -47.500000 
-22.051942 -28.880871 -45.000000 
-24.843760 -26.707042 -44.993750


-20.499207 -14.595709 -48.750000 
-22.980478 -17.701179 -46.881250 
-22.362489 -16.148444 -45.000000 
-20.499207 -14.595709 -48.750000


-22.051942 -28.880871 -45.000000 
-20.496102 -30.747258 -50.000000 
-18.943367 -31.365247 -48.131250 
-22.051942 -28.880871 -45.000000


-16.769538 -29.191418 -47.506250 
-15.837897 -30.744153 -46.256250 
-17.390632 -31.989446 -46.875000 
-16.769538 -29.191418 -47.506250


-13.664068 -27.638683 -46.256250 
-15.837897 -30.744153 -46.256250 
-16.769538 -29.191418 -47.506250 
-13.664068 -27.638683 -46.256250


-26.089053 -21.427743 -43.125000 
-23.291025 -18.943367 -49.381250 
-26.399600 -23.291025 -45.625000 
-26.089053 -21.427743 -43.125000


-22.980478 -17.701179 -46.881250 
-23.291025 -18.943367 -49.381250 
-26.089053 -21.427743 -43.125000 
-22.980478 -17.701179 -46.881250


-22.051942 -28.880871 -45.000000 
-22.359384 -29.815617 -48.125000 
-20.496102 -30.747258 -50.000000 
-22.051942 -28.880871 -45.000000


-19.875008 -31.057805 -45.000000 
-22.051942 -28.880871 -45.000000 
-18.943367 -31.365247 -48.131250 
-19.875008 -31.057805 -45.000000


-18.325378 -11.179692 -43.125000 
-16.148444 -10.866040 -47.500000 
-18.943367 -13.350416 -48.750000 
-18.325378 -11.179692 -43.125000


-15.837897 -30.744153 -46.256250 
-14.906256 -34.160170 -44.368750 
-17.390632 -31.989446 -46.875000 
-15.837897 -30.744153 -46.256250


-13.664068 -27.638683 -46.256250 
-13.974615 -30.433606 -45.006250 
-15.837897 -30.744153 -46.256250 
-13.664068 -27.638683 -46.256250


-12.418775 -26.396495 -46.250000 
-12.111333 -28.570324 -45.006250 
-13.664068 -27.638683 -46.256250 
-12.418775 -26.396495 -46.250000


-20.806649 -13.974615 -42.506250 
-18.943367 -13.350416 -48.750000 
-20.499207 -14.595709 -48.750000 
-20.806649 -13.974615 -42.506250


-18.325378 -11.179692 -43.125000 
-17.080085 -9.934399 -43.750000 
-16.148444 -10.866040 -47.500000 
-18.325378 -11.179692 -43.125000


-17.080085 -32.299993 -43.750000 
-17.390632 -31.989446 -46.875000 
-14.906256 -34.160170 -44.368750 
-17.080085 -32.299993 -43.750000


-15.837897 -30.744153 -46.256250 
-13.971510 -32.296888 -44.375000 
-14.906256 -34.160170 -44.368750 
-15.837897 -30.744153 -46.256250


-13.974615 -30.433606 -45.006250 
-13.971510 -32.296888 -44.375000 
-15.837897 -30.744153 -46.256250 
-13.974615 -30.433606 -45.006250


-12.111333 -28.570324 -45.006250 
-13.974615 -30.433606 -45.006250 
-13.664068 -27.638683 -46.256250 
-12.111333 -28.570324 -45.006250


-13.660963 -15.837897 -46.875000 
-12.418775 -20.496102 -45.625000 
-13.350416 -18.943367 -48.125000 
-13.660963 -15.837897 -46.875000


-12.418775 -24.843760 -46.875000 
-12.111333 -28.570324 -45.006250 
-12.418775 -26.396495 -46.250000 
-12.418775 -24.843760 -46.875000


-11.487134 -23.912119 -42.500000 
-12.111333 -28.570324 -45.006250 
-12.418775 -24.843760 -46.875000 
-11.487134 -23.912119 -42.500000


-22.051942 -28.880871 -45.000000 
-26.085948 -24.843760 -44.993750 
-24.843760 -26.707042 -44.993750 
-22.051942 -28.880871 -45.000000


-22.359384 -26.396495 -44.993750 
-26.085948 -24.843760 -44.993750 
-22.051942 -28.880871 -45.000000 
-22.359384 -26.396495 -44.993750


-22.359384 -26.396495 -44.993750 
-22.051942 -28.880871 -45.000000 
-19.875008 -31.057805 -45.000000 
-22.359384 -26.396495 -44.993750


-18.011726 -30.433606 -43.118750 
-22.359384 -26.396495 -44.993750 
-19.875008 -31.057805 -45.000000 
-18.011726 -30.433606 -43.118750


-18.325378 -11.179692 -43.125000 
-18.943367 -13.350416 -48.750000 
-20.806649 -13.974615 -42.506250 
-18.325378 -11.179692 -43.125000


-17.080085 -9.934399 -43.750000 
-13.660963 -12.421880 -45.000000 
-16.148444 -10.866040 -47.500000 
-17.080085 -9.934399 -43.750000


-12.418775 -31.365247 -43.750000 
-13.971510 -32.296888 -44.375000 
-13.974615 -30.433606 -45.006250 
-12.418775 -31.365247 -43.750000


-11.176587 -29.501965 -42.500000 
-12.418775 -31.365247 -43.750000 
-13.974615 -30.433606 -45.006250 
-11.176587 -29.501965 -42.500000


-12.111333 -28.570324 -45.006250 
-11.176587 -29.501965 -42.500000 
-13.974615 -30.433606 -45.006250 
-12.111333 -28.570324 -45.006250


-11.797681 -22.669931 -45.625000 
-11.487134 -23.912119 -42.500000 
-12.418775 -24.843760 -46.875000 
-11.797681 -22.669931 -45.625000


-23.912119 -23.601572 -41.868750 
-26.399600 -23.291025 -45.625000 
-26.085948 -24.843760 -44.993750 
-23.912119 -23.601572 -41.868750


-23.912119 -23.601572 -41.868750 
-26.085948 -24.843760 -44.993750 
-22.359384 -26.396495 -44.993750 
-23.912119 -23.601572 -41.868750


-20.806649 -13.974615 -42.506250 
-20.499207 -14.595709 -48.750000 
-22.362489 -16.148444 -45.000000 
-20.806649 -13.974615 -42.506250


-18.011726 -30.433606 -43.118750 
-19.875008 -31.057805 -45.000000 
-17.080085 -32.299993 -43.750000 
-18.011726 -30.433606 -43.118750


-16.148444 -33.852728 -41.875000 
-17.080085 -32.299993 -43.750000 
-14.906256 -34.160170 -44.368750 
-16.148444 -33.852728 -41.875000


-13.971510 -32.296888 -44.375000 
-15.216803 -33.539076 -40.631250 
-14.906256 -34.160170 -44.368750 
-13.971510 -32.296888 -44.375000


-26.089053 -21.427743 -43.125000 
-26.399600 -23.291025 -45.625000 
-25.154307 -23.294130 -41.250000 
-26.089053 -21.427743 -43.125000


-23.912119 -23.601572 -41.868750 
-22.359384 -26.396495 -44.993750 
-22.362489 -25.775401 -42.500000 
-23.912119 -23.601572 -41.868750


-22.362489 -25.775401 -42.500000 
-22.359384 -26.396495 -44.993750 
-18.011726 -30.433606 -43.118750 
-22.362489 -25.775401 -42.500000


-16.148444 -33.852728 -41.875000 
-14.906256 -34.160170 -44.368750 
-15.216803 -33.539076 -40.631250 
-16.148444 -33.852728 -41.875000


-13.971510 -32.296888 -44.375000 
-13.664068 -33.849623 -42.506250 
-15.216803 -33.539076 -40.631250 
-13.971510 -32.296888 -44.375000


-13.039869 -12.421880 -41.250000 
-13.350416 -15.837897 -41.250000 
-13.660963 -12.421880 -45.000000 
-13.039869 -12.421880 -41.250000


-12.418775 -20.496102 -45.625000 
-11.487134 -23.912119 -42.500000 
-11.797681 -22.669931 -45.625000 
-12.418775 -20.496102 -45.625000


-11.487134 -23.912119 -42.500000 
-11.176587 -29.501965 -42.500000 
-12.111333 -28.570324 -45.006250 
-11.487134 -23.912119 -42.500000


-25.154307 -23.294130 -41.250000 
-26.399600 -23.291025 -45.625000 
-23.912119 -23.601572 -41.868750 
-25.154307 -23.294130 -41.250000


-25.467959 -18.943367 -39.375000 
-22.980478 -17.701179 -46.881250 
-26.089053 -21.427743 -43.125000 
-25.467959 -18.943367 -39.375000


-17.390632 -9.313305 -40.625000 
-17.080085 -9.934399 -43.750000 
-18.325378 -11.179692 -43.125000 
-17.390632 -9.313305 -40.625000


-15.216803 -33.539076 -40.631250 
-13.664068 -33.849623 -42.506250 
-13.974615 -36.333999 -41.256250 
-15.216803 -33.539076 -40.631250


-12.732427 -32.607435 -41.881250 
-13.664068 -33.849623 -42.506250 
-13.971510 -32.296888 -44.375000 
-12.732427 -32.607435 -41.881250


-12.418775 -31.365247 -43.750000 
-12.732427 -32.607435 -41.881250 
-13.971510 -32.296888 -44.375000 
-12.418775 -31.365247 -43.750000


-11.176587 -29.501965 -42.500000 
-12.732427 -32.607435 -41.881250 
-12.418775 -31.365247 -43.750000 
-11.176587 -29.501965 -42.500000


-11.176587 -21.427743 -39.375000 
-11.487134 -23.912119 -42.500000 
-12.418775 -20.496102 -45.625000 
-11.176587 -21.427743 -39.375000


-24.222666 -17.080085 -38.756250 
-22.980478 -17.701179 -46.881250 
-25.467959 -18.943367 -39.375000 
-24.222666 -17.080085 -38.756250


-24.222666 -17.080085 -38.756250 
-22.362489 -16.148444 -45.000000 
-22.980478 -17.701179 -46.881250 
-24.222666 -17.080085 -38.756250


-18.011726 -30.433606 -43.118750 
-17.080085 -32.299993 -43.750000 
-16.148444 -33.852728 -41.875000 
-18.011726 -30.433606 -43.118750


-17.080085 -9.934399 -43.750000 
-13.039869 -12.421880 -41.250000 
-13.660963 -12.421880 -45.000000 
-17.080085 -9.934399 -43.750000


-12.732427 -32.607435 -41.881250 
-13.974615 -36.333999 -41.256250 
-13.664068 -33.849623 -42.506250 
-12.732427 -32.607435 -41.881250


-12.732427 -32.607435 -41.881250 
-12.111333 -35.712905 -40.631250 
-13.974615 -36.333999 -41.256250 
-12.732427 -32.607435 -41.881250


-13.660963 -15.837897 -46.875000 
-12.418775 -17.390632 -38.125000 
-12.418775 -20.496102 -45.625000 
-13.660963 -15.837897 -46.875000


-10.558598 -31.365247 -40.631250 
-12.732427 -32.607435 -41.881250 
-11.176587 -29.501965 -42.500000 
-10.558598 -31.365247 -40.631250


-11.176587 -21.427743 -39.375000 
-10.244946 -23.601572 -38.750000 
-11.487134 -23.912119 -42.500000 
-11.176587 -21.427743 -39.375000


-11.487134 -23.912119 -42.500000 
-10.244946 -25.464854 -40.000000 
-11.176587 -29.501965 -42.500000 
-11.487134 -23.912119 -42.500000


-25.467959 -18.943367 -39.375000 
-26.089053 -21.427743 -43.125000 
-25.778506 -21.117196 -39.375000 
-25.467959 -18.943367 -39.375000


-22.048837 -13.974615 -39.381250 
-20.806649 -13.974615 -42.506250 
-22.362489 -16.148444 -45.000000 
-22.048837 -13.974615 -39.381250


-18.011726 -30.433606 -43.118750 
-16.148444 -33.852728 -41.875000 
-15.216803 -33.539076 -40.631250 
-18.011726 -30.433606 -43.118750


-17.390632 -9.313305 -40.625000 
-14.595709 -9.623852 -35.625000 
-17.080085 -9.934399 -43.750000 
-17.390632 -9.313305 -40.625000


-13.350416 -15.837897 -41.250000 
-12.418775 -17.390632 -38.125000 
-13.660963 -15.837897 -46.875000 
-13.350416 -15.837897 -41.250000


-11.176587 -29.501965 -42.500000 
-9.002758 -30.744153 -37.500000 
-10.558598 -31.365247 -40.631250 
-11.176587 -29.501965 -42.500000


-25.778506 -21.117196 -39.375000 
-26.089053 -21.427743 -43.125000 
-25.154307 -23.294130 -41.250000 
-25.778506 -21.117196 -39.375000


-22.048837 -13.974615 -39.381250 
-22.362489 -16.148444 -45.000000 
-23.601572 -16.148444 -39.381250 
-22.048837 -13.974615 -39.381250


-20.185555 -28.573429 -38.125000 
-22.362489 -25.775401 -42.500000 
-18.011726 -30.126164 -36.250000 
-20.185555 -28.573429 -38.125000


-22.362489 -25.775401 -42.500000 
-18.011726 -30.433606 -43.118750 
-18.011726 -30.126164 -36.250000 
-22.362489 -25.775401 -42.500000


-19.564461 -10.555493 -37.500000 
-17.390632 -9.313305 -40.625000 
-18.325378 -11.179692 -43.125000 
-19.564461 -10.555493 -37.500000


-17.701179 -30.126164 -40.000000 
-18.011726 -30.126164 -36.250000 
-18.011726 -30.433606 -43.118750 
-17.701179 -30.126164 -40.000000


-15.216803 -33.539076 -40.631250 
-17.701179 -30.126164 -40.000000 
-18.011726 -30.433606 -43.118750 
-15.216803 -33.539076 -40.631250


-12.111333 -35.712905 -40.631250 
-12.732427 -39.128922 -40.631250 
-13.974615 -36.333999 -41.256250 
-12.111333 -35.712905 -40.631250


-12.418775 -17.390632 -38.125000 
-11.176587 -21.427743 -39.375000 
-12.418775 -20.496102 -45.625000 
-12.418775 -17.390632 -38.125000


-12.732427 -32.607435 -41.881250 
-10.558598 -31.365247 -40.631250 
-12.111333 -35.712905 -40.631250 
-12.732427 -32.607435 -41.881250


-10.244946 -23.601572 -38.750000 
-10.244946 -25.464854 -40.000000 
-11.487134 -23.912119 -42.500000 
-10.244946 -23.601572 -38.750000


-23.912119 -23.291025 -36.868750 
-25.154307 -23.294130 -41.250000 
-23.912119 -23.601572 -41.868750 
-23.912119 -23.291025 -36.868750


-22.983583 -24.843760 -34.375000 
-23.912119 -23.601572 -41.868750 
-22.362489 -25.775401 -42.500000 
-22.983583 -24.843760 -34.375000


-15.530455 -32.296888 -38.125000 
-17.701179 -30.126164 -40.000000 
-15.216803 -33.539076 -40.631250 
-15.530455 -32.296888 -38.125000


-15.530455 -32.296888 -38.125000 
-15.216803 -33.539076 -40.631250 
-14.598814 -33.849623 -37.500000 
-15.530455 -32.296888 -38.125000


-14.595709 -9.623852 -35.625000 
-13.039869 -12.421880 -41.250000 
-17.080085 -9.934399 -43.750000 
-14.595709 -9.623852 -35.625000


-14.598814 -33.849623 -37.500000 
-15.216803 -33.539076 -40.631250 
-13.974615 -36.333999 -41.256250 
-14.598814 -33.849623 -37.500000


-12.735532 -39.439469 -38.125000 
-13.974615 -36.333999 -41.256250 
-12.732427 -39.128922 -40.631250 
-12.735532 -39.439469 -38.125000


-12.111333 -35.712905 -40.631250 
-11.803891 -40.681657 -40.000000 
-12.732427 -39.128922 -40.631250 
-12.111333 -35.712905 -40.631250


-11.797681 -19.253914 -38.125000 
-11.176587 -21.427743 -39.375000 
-12.418775 -17.390632 -38.125000 
-11.797681 -19.253914 -38.125000


-10.558598 -31.365247 -40.631250 
-9.626957 -34.470717 -39.381250 
-12.111333 -35.712905 -40.631250 
-10.558598 -31.365247 -40.631250


-10.244946 -25.464854 -40.000000 
-9.002758 -30.744153 -37.500000 
-11.176587 -29.501965 -42.500000 
-10.244946 -25.464854 -40.000000


-23.601572 -16.148444 -39.381250 
-22.362489 -16.148444 -45.000000 
-24.222666 -17.080085 -38.756250 
-23.601572 -16.148444 -39.381250


-21.738290 -12.108228 -36.875000 
-20.806649 -13.974615 -42.506250 
-22.048837 -13.974615 -39.381250 
-21.738290 -12.108228 -36.875000


-19.564461 -10.555493 -37.500000 
-18.325378 -11.179692 -43.125000 
-20.806649 -13.974615 -42.506250 
-19.564461 -10.555493 -37.500000


-13.977720 -36.644546 -37.500000 
-14.598814 -33.849623 -37.500000 
-13.974615 -36.333999 -41.256250 
-13.977720 -36.644546 -37.500000


-9.937504 -38.507828 -39.381250 
-11.803891 -41.923845 -38.750000 
-11.803891 -40.681657 -40.000000 
-9.937504 -38.507828 -39.381250


-10.872250 -44.408221 -37.500000 
-11.803891 -41.923845 -38.750000 
-10.558598 -45.029315 -39.381250 
-10.872250 -44.408221 -37.500000


-9.937504 -38.507828 -39.381250 
-10.558598 -45.029315 -39.381250 
-11.803891 -41.923845 -38.750000 
-9.937504 -38.507828 -39.381250


-12.111333 -35.712905 -40.631250 
-9.626957 -34.470717 -39.381250 
-11.803891 -40.681657 -40.000000 
-12.111333 -35.712905 -40.631250


-9.626957 -34.470717 -39.381250 
-9.937504 -38.507828 -39.381250 
-11.803891 -40.681657 -40.000000 
-9.626957 -34.470717 -39.381250


-9.002758 -30.744153 -37.500000 
-9.626957 -34.470717 -39.381250 
-10.558598 -31.365247 -40.631250 
-9.002758 -30.744153 -37.500000


-10.558598 -45.029315 -39.381250 
-8.384769 -45.960956 -38.756250 
-8.387874 -48.134785 -39.375000 
-10.558598 -45.029315 -39.381250


-8.384769 -45.960956 -38.756250 
-3.726564 -49.998067 -39.381250 
-8.387874 -48.134785 -39.375000 
-8.384769 -45.960956 -38.756250


-3.726564 -49.998067 -39.381250 
-5.900393 -50.619161 -40.006250 
-8.387874 -48.134785 -39.375000 
-3.726564 -49.998067 -39.381250


-25.154307 -21.427743 -36.868750 
-25.467959 -18.943367 -39.375000 
-25.778506 -21.117196 -39.375000 
-25.154307 -21.427743 -36.868750


-22.048837 -25.775401 -36.868750 
-22.362489 -25.775401 -42.500000 
-20.185555 -28.573429 -38.125000 
-22.048837 -25.775401 -36.868750


-12.735532 -39.439469 -38.125000 
-13.977720 -36.644546 -37.500000 
-13.974615 -36.333999 -41.256250 
-12.735532 -39.439469 -38.125000


-14.595709 -9.623852 -35.625000 
-11.490239 -12.108228 -37.500000 
-13.039869 -12.421880 -41.250000 
-14.595709 -9.623852 -35.625000


-13.039869 -12.421880 -41.250000 
-12.729322 -14.906256 -37.500000 
-13.350416 -15.837897 -41.250000 
-13.039869 -12.421880 -41.250000


-12.735532 -39.439469 -38.125000 
-11.803891 -40.681657 -40.000000 
-11.803891 -41.923845 -38.750000 
-12.735532 -39.439469 -38.125000


-12.735532 -39.439469 -38.125000 
-12.732427 -39.128922 -40.631250 
-11.803891 -40.681657 -40.000000 
-12.735532 -39.439469 -38.125000


-9.937504 -38.507828 -39.381250 
-8.384769 -45.960956 -38.756250 
-10.558598 -45.029315 -39.381250 
-9.937504 -38.507828 -39.381250


-7.763675 -36.955093 -38.131250 
-9.937504 -38.507828 -39.381250 
-9.626957 -34.470717 -39.381250 
-7.763675 -36.955093 -38.131250


-10.244946 -25.464854 -40.000000 
-9.623852 -28.880871 -36.250000 
-9.002758 -30.744153 -37.500000 
-10.244946 -25.464854 -40.000000


-9.937504 -38.507828 -39.381250 
-7.763675 -36.955093 -38.131250 
-8.384769 -45.960956 -38.756250 
-9.937504 -38.507828 -39.381250


-7.142581 -33.228529 -37.506250 
-7.763675 -36.955093 -38.131250 
-9.626957 -34.470717 -39.381250 
-7.142581 -33.228529 -37.506250


-6.210940 -50.622266 -38.125000 
-8.387874 -48.134785 -39.375000 
-5.900393 -50.619161 -40.006250 
-6.210940 -50.622266 -38.125000


-4.347658 -47.824238 -38.131250 
-8.384769 -45.960956 -38.756250 
-6.521487 -44.408221 -38.131250 
-4.347658 -47.824238 -38.131250


-3.726564 -49.998067 -39.381250 
-6.210940 -50.622266 -38.125000 
-5.900393 -50.619161 -40.006250 
-3.726564 -49.998067 -39.381250


-8.384769 -45.960956 -38.756250 
-4.347658 -47.824238 -38.131250 
-3.726564 -49.998067 -39.381250 
-8.384769 -45.960956 -38.756250


-23.912119 -23.291025 -36.868750 
-25.778506 -21.117196 -39.375000 
-25.154307 -23.294130 -41.250000 
-23.912119 -23.291025 -36.868750


-23.912119 -23.291025 -36.868750 
-25.154307 -21.427743 -36.868750 
-25.778506 -21.117196 -39.375000 
-23.912119 -23.291025 -36.868750


-21.738290 -12.108228 -36.875000 
-19.564461 -10.555493 -37.500000 
-20.806649 -13.974615 -42.506250 
-21.738290 -12.108228 -36.875000


-19.564461 -10.555493 -37.500000 
-18.632820 -10.869145 -36.243750 
-17.390632 -9.313305 -40.625000 
-19.564461 -10.555493 -37.500000


-16.769538 -10.244946 -36.250000 
-14.595709 -9.623852 -35.625000 
-17.390632 -9.313305 -40.625000 
-16.769538 -10.244946 -36.250000


-12.729322 -14.906256 -37.500000 
-12.418775 -17.390632 -38.125000 
-13.350416 -15.837897 -41.250000 
-12.729322 -14.906256 -37.500000


-11.490239 -12.108228 -37.500000 
-12.729322 -14.906256 -37.500000 
-13.039869 -12.421880 -41.250000 
-11.490239 -12.108228 -37.500000


-11.797681 -19.253914 -38.125000 
-11.176587 -20.185555 -35.000000 
-11.176587 -21.427743 -39.375000 
-11.797681 -19.253914 -38.125000


-10.244946 -23.601572 -38.750000 
-9.623852 -26.085948 -37.500000 
-10.244946 -25.464854 -40.000000 
-10.244946 -23.601572 -38.750000


-9.002758 -30.744153 -37.500000 
-7.142581 -33.228529 -37.506250 
-9.626957 -34.470717 -39.381250 
-9.002758 -30.744153 -37.500000


-7.763675 -36.955093 -38.131250 
-7.763675 -42.544939 -38.131250 
-8.384769 -45.960956 -38.756250 
-7.763675 -36.955093 -38.131250


-7.763675 -42.544939 -38.131250 
-6.521487 -44.408221 -38.131250 
-8.384769 -45.960956 -38.756250 
-7.763675 -42.544939 -38.131250


-7.763675 -36.955093 -38.131250 
-6.521487 -39.750016 -37.506250 
-7.763675 -42.544939 -38.131250 
-7.763675 -36.955093 -38.131250


-4.347658 -44.097674 -36.881250 
-4.347658 -47.824238 -38.131250 
-6.521487 -44.408221 -38.131250 
-4.347658 -44.097674 -36.881250


-1.863282 -47.203144 -37.493750 
-3.726564 -49.998067 -39.381250 
-4.347658 -47.824238 -38.131250 
-1.863282 -47.203144 -37.493750


-16.769538 -10.244946 -36.250000 
-17.390632 -9.313305 -40.625000 
-18.632820 -10.869145 -36.243750 
-16.769538 -10.244946 -36.250000


-12.114438 -43.476580 -36.875000 
-11.803891 -41.923845 -38.750000 
-10.872250 -44.408221 -37.500000 
-12.114438 -43.476580 -36.875000


-9.316410 -48.134785 -33.743750 
-10.872250 -44.408221 -37.500000 
-10.558598 -45.029315 -39.381250 
-9.316410 -48.134785 -33.743750


-10.244946 -25.464854 -40.000000 
-9.623852 -26.085948 -37.500000 
-9.623852 -28.880871 -36.250000 
-10.244946 -25.464854 -40.000000


-9.316410 -48.134785 -33.743750 
-10.558598 -45.029315 -39.381250 
-8.387874 -48.134785 -39.375000 
-9.316410 -48.134785 -33.743750


-9.002758 -30.744153 -37.500000 
-8.384769 -31.054700 -35.631250 
-7.142581 -33.228529 -37.506250 
-9.002758 -30.744153 -37.500000


-6.521487 -39.750016 -37.506250 
-6.521487 -44.408221 -38.131250 
-7.763675 -42.544939 -38.131250 
-6.521487 -39.750016 -37.506250


-6.521487 -36.644546 -36.881250 
-6.521487 -39.750016 -37.506250 
-7.763675 -36.955093 -38.131250 
-6.521487 -36.644546 -36.881250


-7.142581 -33.228529 -37.506250 
-6.521487 -36.644546 -36.881250 
-7.763675 -36.955093 -38.131250 
-7.142581 -33.228529 -37.506250


-4.347658 -44.097674 -36.881250 
-6.521487 -44.408221 -38.131250 
-6.521487 -39.750016 -37.506250 
-4.347658 -44.097674 -36.881250


-5.900393 -35.091811 -36.881250 
-6.521487 -36.644546 -36.881250 
-7.142581 -33.228529 -37.506250 
-5.900393 -35.091811 -36.881250


-6.521487 -39.750016 -37.506250 
-5.589846 -40.371110 -36.881250 
-4.347658 -44.097674 -36.881250 
-6.521487 -39.750016 -37.506250


-4.037111 -48.758984 -35.625000 
-6.210940 -50.622266 -38.125000 
-3.726564 -49.998067 -39.381250 
-4.037111 -48.758984 -35.625000


-4.347658 -44.097674 -36.881250 
-1.863282 -47.203144 -37.493750 
-4.347658 -47.824238 -38.131250 
-4.347658 -44.097674 -36.881250


-25.157412 -16.769538 -35.625000 
-23.601572 -16.148444 -39.381250 
-24.222666 -17.080085 -38.756250 
-25.157412 -16.769538 -35.625000


-22.048837 -25.775401 -36.868750 
-22.983583 -24.843760 -34.375000 
-22.362489 -25.775401 -42.500000 
-22.048837 -25.775401 -36.868750


-24.225771 -15.216803 -36.250000 
-22.048837 -13.974615 -39.381250 
-23.601572 -16.148444 -39.381250 
-24.225771 -15.216803 -36.250000


-18.011726 -30.126164 -36.250000 
-17.701179 -30.126164 -40.000000 
-15.530455 -32.296888 -38.125000 
-18.011726 -30.126164 -36.250000


-13.977720 -36.644546 -37.500000 
-12.735532 -39.439469 -38.125000 
-13.664068 -40.060563 -34.381250 
-13.977720 -36.644546 -37.500000


-11.176587 -20.185555 -35.000000 
-10.244946 -23.601572 -38.750000 
-11.176587 -21.427743 -39.375000 
-11.176587 -20.185555 -35.000000


-9.316410 -48.134785 -33.743750 
-8.387874 -48.134785 -39.375000 
-6.210940 -50.622266 -38.125000 
-9.316410 -48.134785 -33.743750


-6.521487 -36.644546 -36.881250 
-5.589846 -40.371110 -36.881250 
-6.521487 -39.750016 -37.506250 
-6.521487 -36.644546 -36.881250


-8.384769 -31.054700 -35.631250 
-5.900393 -35.091811 -36.881250 
-7.142581 -33.228529 -37.506250 
-8.384769 -31.054700 -35.631250


-4.347658 -42.234392 -36.256250 
-4.347658 -44.097674 -36.881250 
-5.589846 -40.371110 -36.881250 
-4.347658 -42.234392 -36.256250


-4.347658 -42.234392 -36.256250 
-1.239083 -44.408221 -36.250000 
-4.347658 -44.097674 -36.881250 
-4.347658 -42.234392 -36.256250


-1.863282 -47.203144 -37.493750 
-4.037111 -48.758984 -35.625000 
-3.726564 -49.998067 -39.381250 
-1.863282 -47.203144 -37.493750


-4.347658 -44.097674 -36.881250 
-1.239083 -44.408221 -36.250000 
-1.863282 -47.203144 -37.493750 
-4.347658 -44.097674 -36.881250


-26.399600 -18.943367 -35.000000 
-25.467959 -18.943367 -39.375000 
-25.154307 -21.427743 -36.868750 
-26.399600 -18.943367 -35.000000


-26.399600 -18.943367 -35.000000 
-24.222666 -17.080085 -38.756250 
-25.467959 -18.943367 -39.375000 
-26.399600 -18.943367 -35.000000


-24.225771 -15.216803 -36.250000 
-23.601572 -16.148444 -39.381250 
-25.157412 -16.769538 -35.625000 
-24.225771 -15.216803 -36.250000


-23.604677 -22.048837 -33.750000 
-25.154307 -21.427743 -36.868750 
-23.912119 -23.291025 -36.868750 
-23.604677 -22.048837 -33.750000


-21.738290 -12.108228 -36.875000 
-22.048837 -13.974615 -39.381250 
-24.225771 -15.216803 -36.250000 
-21.738290 -12.108228 -36.875000


-20.806649 -12.732427 -34.368750 
-19.564461 -10.555493 -37.500000 
-21.738290 -12.108228 -36.875000 
-20.806649 -12.732427 -34.368750


-13.664068 -40.060563 -34.381250 
-12.735532 -39.439469 -38.125000 
-11.803891 -41.923845 -38.750000 
-13.664068 -40.060563 -34.381250


-10.869145 -46.892597 -33.118750 
-12.114438 -43.476580 -36.875000 
-10.872250 -44.408221 -37.500000 
-10.869145 -46.892597 -33.118750


-4.037111 -48.758984 -35.625000 
-9.316410 -48.134785 -33.743750 
-6.210940 -50.622266 -38.125000 
-4.037111 -48.758984 -35.625000


-5.900393 -35.091811 -36.881250 
-4.658205 -37.576187 -35.631250 
-6.521487 -36.644546 -36.881250 
-5.900393 -35.091811 -36.881250


-4.658205 -37.576187 -35.631250 
-5.589846 -40.371110 -36.881250 
-6.521487 -36.644546 -36.881250 
-4.658205 -37.576187 -35.631250


-2.484376 -42.234392 -35.631250 
-4.347658 -42.234392 -36.256250 
-5.589846 -40.371110 -36.881250 
-2.484376 -42.234392 -35.631250


-2.484376 -42.234392 -35.631250 
-1.239083 -44.408221 -36.250000 
-4.347658 -42.234392 -36.256250 
-2.484376 -42.234392 -35.631250


-26.399600 -18.943367 -35.000000 
-25.157412 -16.769538 -35.625000 
-24.222666 -17.080085 -38.756250 
-26.399600 -18.943367 -35.000000


-22.983583 -24.843760 -34.375000 
-23.912119 -23.291025 -36.868750 
-23.912119 -23.601572 -41.868750 
-22.983583 -24.843760 -34.375000


-22.983583 -24.843760 -34.375000 
-22.048837 -25.775401 -36.868750 
-21.741395 -27.017589 -34.375000 
-22.983583 -24.843760 -34.375000


-12.114438 -43.476580 -36.875000 
-13.664068 -40.060563 -34.381250 
-11.803891 -41.923845 -38.750000 
-12.114438 -43.476580 -36.875000


-10.866040 -14.595709 -31.250000 
-12.729322 -14.906256 -37.500000 
-11.490239 -12.108228 -37.500000 
-10.866040 -14.595709 -31.250000


-10.869145 -46.892597 -33.118750 
-10.872250 -44.408221 -37.500000 
-9.316410 -48.134785 -33.743750 
-10.869145 -46.892597 -33.118750


-10.244946 -23.601572 -38.750000 
-8.695316 -24.222666 -31.881250 
-9.623852 -26.085948 -37.500000 
-10.244946 -23.601572 -38.750000


-9.623852 -28.880871 -36.250000 
-8.384769 -31.054700 -35.631250 
-9.002758 -30.744153 -37.500000 
-9.623852 -28.880871 -36.250000


-7.763675 -26.396495 -34.993750 
-8.384769 -25.154307 -37.506250 
-7.453128 -28.259777 -34.993750 
-7.763675 -26.396495 -34.993750


-7.763675 -26.396495 -34.993750 
-7.453128 -28.259777 -34.993750 
-8.384769 -25.154307 -37.506250 
-7.763675 -26.396495 -34.993750


-4.658205 -37.576187 -35.631250 
-2.484376 -42.234392 -35.631250 
-5.589846 -40.371110 -36.881250 
-4.658205 -37.576187 -35.631250


-21.741395 -27.017589 -34.375000 
-22.048837 -25.775401 -36.868750 
-20.185555 -28.573429 -38.125000 
-21.741395 -27.017589 -34.375000


-20.806649 -12.732427 -34.368750 
-18.632820 -10.869145 -36.243750 
-19.564461 -10.555493 -37.500000 
-20.806649 -12.732427 -34.368750


-15.837897 -32.296888 -33.131250 
-15.530455 -32.296888 -38.125000 
-14.598814 -33.849623 -37.500000 
-15.837897 -32.296888 -33.131250


-13.353521 -9.623852 -31.875000 
-14.595709 -9.623852 -35.625000 
-16.769538 -10.244946 -36.250000 
-13.353521 -9.623852 -31.875000


-12.729322 -14.906256 -37.500000 
-11.797681 -19.253914 -38.125000 
-12.418775 -17.390632 -38.125000 
-12.729322 -14.906256 -37.500000


-11.176587 -20.185555 -35.000000 
-8.695316 -24.222666 -31.881250 
-10.244946 -23.601572 -38.750000 
-11.176587 -20.185555 -35.000000


-8.384769 -31.054700 -35.631250 
-5.279299 -33.535971 -33.750000 
-5.900393 -35.091811 -36.881250 
-8.384769 -31.054700 -35.631250


-5.900393 -35.091811 -36.881250 
-3.726564 -36.644546 -34.381250 
-4.658205 -37.576187 -35.631250 
-5.900393 -35.091811 -36.881250


-5.900393 -35.091811 -36.881250 
-3.416017 -33.849623 -31.881250 
-3.726564 -36.644546 -34.381250 
-5.900393 -35.091811 -36.881250


-1.860177 -41.923845 -34.375000 
-2.484376 -43.787127 -33.743750 
-1.239083 -44.408221 -36.250000 
-1.860177 -41.923845 -34.375000


-2.484376 -42.234392 -35.631250 
-1.860177 -41.923845 -34.375000 
-1.239083 -44.408221 -36.250000 
-2.484376 -42.234392 -35.631250


-23.291025 -16.458991 -31.868750 
-24.225771 -15.216803 -36.250000 
-25.157412 -16.769538 -35.625000 
-23.291025 -16.458991 -31.868750


-22.983583 -24.843760 -34.375000 
-23.604677 -22.048837 -33.750000 
-23.912119 -23.291025 -36.868750 
-22.983583 -24.843760 -34.375000


-19.257019 -28.880871 -29.375000 
-21.741395 -27.017589 -34.375000 
-20.185555 -28.573429 -38.125000 
-19.257019 -28.880871 -29.375000


-19.257019 -28.880871 -29.375000 
-20.185555 -28.573429 -38.125000 
-18.011726 -30.126164 -36.250000 
-19.257019 -28.880871 -29.375000


-15.837897 -32.296888 -33.131250 
-18.011726 -30.126164 -36.250000 
-15.530455 -32.296888 -38.125000 
-15.837897 -32.296888 -33.131250


-14.909361 -36.955093 -33.125000 
-13.977720 -36.644546 -37.500000 
-13.664068 -40.060563 -34.381250 
-14.909361 -36.955093 -33.125000


-13.353521 -41.923845 -34.381250 
-13.664068 -40.060563 -34.381250 
-12.114438 -43.476580 -36.875000 
-13.353521 -41.923845 -34.381250


-10.869145 -44.718768 -32.493750 
-12.114438 -43.476580 -36.875000 
-10.869145 -46.892597 -33.118750 
-10.869145 -44.718768 -32.493750


-11.797681 -18.011726 -31.250000 
-11.176587 -20.185555 -35.000000 
-11.797681 -19.253914 -38.125000 
-11.797681 -18.011726 -31.250000


-7.142581 -28.570324 -31.256250 
-6.210940 -31.054700 -32.506250 
-8.384769 -31.054700 -35.631250 
-7.142581 -28.570324 -31.256250


-9.623852 -28.880871 -36.250000 
-7.142581 -28.570324 -31.256250 
-8.384769 -31.054700 -35.631250 
-9.623852 -28.880871 -36.250000


-3.726564 -36.644546 -34.381250 
-2.794923 -38.818375 -33.756250 
-4.658205 -37.576187 -35.631250 
-3.726564 -36.644546 -34.381250


-4.658205 -37.576187 -35.631250 
-2.794923 -38.818375 -33.756250 
-2.484376 -42.234392 -35.631250 
-4.658205 -37.576187 -35.631250


-1.863282 -47.203144 -37.493750 
-3.416017 -45.960956 -33.743750 
-4.037111 -48.758984 -35.625000 
-1.863282 -47.203144 -37.493750


-1.239083 -44.408221 -36.250000 
-3.416017 -45.960956 -33.743750 
-1.863282 -47.203144 -37.493750 
-1.239083 -44.408221 -36.250000


-2.794923 -38.818375 -33.756250 
-1.549630 -40.681657 -33.125000 
-2.484376 -42.234392 -35.631250 
-2.794923 -38.818375 -33.756250


-21.738290 -15.216803 -31.243750 
-21.738290 -12.108228 -36.875000 
-24.225771 -15.216803 -36.250000 
-21.738290 -15.216803 -31.243750


-20.806649 -12.732427 -34.368750 
-21.738290 -12.108228 -36.875000 
-21.738290 -15.216803 -31.243750 
-20.806649 -12.732427 -34.368750


-18.632820 -10.869145 -36.243750 
-15.527350 -11.487134 -29.375000 
-16.769538 -10.244946 -36.250000 
-18.632820 -10.869145 -36.243750


-17.390632 -30.433606 -31.881250 
-18.011726 -30.126164 -36.250000 
-15.837897 -32.296888 -33.131250 
-17.390632 -30.433606 -31.881250


-15.527350 -11.487134 -29.375000 
-13.353521 -9.623852 -31.875000 
-16.769538 -10.244946 -36.250000 
-15.527350 -11.487134 -29.375000


-14.909361 -36.955093 -33.125000 
-14.598814 -33.849623 -37.500000 
-13.977720 -36.644546 -37.500000 
-14.909361 -36.955093 -33.125000


-15.837897 -32.296888 -33.131250 
-14.598814 -33.849623 -37.500000 
-14.909361 -36.955093 -33.125000 
-15.837897 -32.296888 -33.131250


-13.353521 -41.923845 -34.381250 
-12.114438 -43.476580 -36.875000 
-10.869145 -44.718768 -32.493750 
-13.353521 -41.923845 -34.381250


-12.729322 -14.906256 -37.500000 
-11.797681 -18.011726 -31.250000 
-11.797681 -19.253914 -38.125000 
-12.729322 -14.906256 -37.500000


-9.316410 -13.042974 -30.631250 
-10.866040 -14.595709 -31.250000 
-11.490239 -12.108228 -37.500000 
-9.316410 -13.042974 -30.631250


-9.623852 -26.085948 -37.500000 
-7.763675 -26.396495 -31.256250 
-9.623852 -28.880871 -36.250000 
-9.623852 -26.085948 -37.500000


-6.210940 -31.054700 -32.506250 
-5.279299 -33.535971 -33.750000 
-8.384769 -31.054700 -35.631250 
-6.210940 -31.054700 -32.506250


-2.484376 -43.787127 -33.743750 
-3.416017 -45.960956 -33.743750 
-1.239083 -44.408221 -36.250000 
-2.484376 -43.787127 -33.743750


-1.549630 -40.681657 -33.125000 
-1.860177 -41.923845 -34.375000 
-2.484376 -42.234392 -35.631250 
-1.549630 -40.681657 -33.125000


-25.775401 -20.185555 -31.868750 
-26.399600 -18.943367 -35.000000 
-25.154307 -21.427743 -36.868750 
-25.775401 -20.185555 -31.868750


-25.775401 -20.185555 -31.868750 
-25.154307 -21.427743 -36.868750 
-23.604677 -22.048837 -33.750000 
-25.775401 -20.185555 -31.868750


-10.866040 -14.595709 -31.250000 
-11.797681 -18.011726 -31.250000 
-12.729322 -14.906256 -37.500000 
-10.866040 -14.595709 -31.250000


-4.968752 -47.203144 -33.118750 
-10.869145 -46.892597 -33.118750 
-9.316410 -48.134785 -33.743750 
-4.968752 -47.203144 -33.118750


-7.763675 -26.396495 -31.256250 
-7.142581 -28.570324 -31.256250 
-9.623852 -28.880871 -36.250000 
-7.763675 -26.396495 -31.256250


-9.316410 -48.134785 -33.743750 
-4.037111 -48.758984 -35.625000 
-4.968752 -47.203144 -33.118750 
-9.316410 -48.134785 -33.743750


-5.279299 -33.535971 -33.750000 
-3.416017 -33.849623 -31.881250 
-5.900393 -35.091811 -36.881250 
-5.279299 -33.535971 -33.750000


-3.416017 -45.960956 -33.743750 
-4.968752 -47.203144 -33.118750 
-4.037111 -48.758984 -35.625000 
-3.416017 -45.960956 -33.743750


-25.775401 -20.185555 -31.868750 
-25.157412 -16.769538 -35.625000 
-26.399600 -18.943367 -35.000000 
-25.775401 -20.185555 -31.868750


-21.738290 -15.216803 -31.243750 
-24.225771 -15.216803 -36.250000 
-23.291025 -16.458991 -31.868750 
-21.738290 -15.216803 -31.243750


-21.741395 -27.017589 -34.375000 
-22.669931 -24.222666 -29.993750 
-22.983583 -24.843760 -34.375000 
-21.741395 -27.017589 -34.375000


-19.257019 -28.880871 -29.375000 
-18.011726 -30.126164 -36.250000 
-17.390632 -30.433606 -31.881250 
-19.257019 -28.880871 -29.375000


-17.390632 -30.433606 -31.881250 
-15.837897 -32.296888 -33.131250 
-16.148444 -34.160170 -31.881250 
-17.390632 -30.433606 -31.881250


-13.046079 -42.234392 -31.875000 
-13.664068 -40.060563 -34.381250 
-13.353521 -41.923845 -34.381250 
-13.046079 -42.234392 -31.875000


-13.353521 -9.623852 -31.875000 
-9.316410 -13.042974 -30.631250 
-14.595709 -9.623852 -35.625000 
-13.353521 -9.623852 -31.875000


-14.595709 -9.623852 -35.625000 
-9.316410 -13.042974 -30.631250 
-11.490239 -12.108228 -37.500000 
-14.595709 -9.623852 -35.625000


-11.797681 -18.011726 -31.250000 
-10.244946 -20.806649 -31.250000 
-11.176587 -20.185555 -35.000000 
-11.797681 -18.011726 -31.250000


-11.176587 -20.185555 -35.000000 
-9.002758 -22.359384 -29.375000 
-8.695316 -24.222666 -31.881250 
-11.176587 -20.185555 -35.000000


-8.695316 -24.222666 -31.881250 
-7.763675 -26.396495 -31.256250 
-9.623852 -26.085948 -37.500000 
-8.695316 -24.222666 -31.881250


-3.416017 -45.960956 -33.743750 
-7.453128 -45.029315 -31.868750 
-4.968752 -47.203144 -33.118750 
-3.416017 -45.960956 -33.743750


-1.549630 -40.681657 -33.125000 
-3.416017 -40.681657 -32.493750 
-2.484376 -43.787127 -33.743750 
-1.549630 -40.681657 -33.125000


-1.549630 -40.681657 -33.125000 
-2.484376 -43.787127 -33.743750 
-1.860177 -41.923845 -34.375000 
-1.549630 -40.681657 -33.125000


-22.669931 -24.222666 -29.993750 
-23.604677 -22.048837 -33.750000 
-22.983583 -24.843760 -34.375000 
-22.669931 -24.222666 -29.993750


-19.257019 -13.974615 -29.375000 
-18.632820 -10.869145 -36.243750 
-20.806649 -12.732427 -34.368750 
-19.257019 -13.974615 -29.375000


-16.769538 -13.039869 -27.500000 
-15.527350 -11.487134 -29.375000 
-18.632820 -10.869145 -36.243750 
-16.769538 -13.039869 -27.500000


-16.148444 -34.160170 -31.881250 
-15.837897 -32.296888 -33.131250 
-14.909361 -36.955093 -33.125000 
-16.148444 -34.160170 -31.881250


-13.046079 -42.234392 -31.875000 
-13.353521 -41.923845 -34.381250 
-10.869145 -44.718768 -32.493750 
-13.046079 -42.234392 -31.875000


-10.244946 -20.806649 -31.250000 
-9.002758 -22.359384 -29.375000 
-11.176587 -20.185555 -35.000000 
-10.244946 -20.806649 -31.250000


-4.968752 -47.203144 -33.118750 
-10.869145 -44.718768 -32.493750 
-10.869145 -46.892597 -33.118750 
-4.968752 -47.203144 -33.118750


-7.453128 -45.029315 -31.868750 
-10.869145 -44.718768 -32.493750 
-4.968752 -47.203144 -33.118750 
-7.453128 -45.029315 -31.868750


-2.484376 -43.787127 -33.743750 
-4.037111 -42.544939 -31.868750 
-7.453128 -45.029315 -31.868750 
-2.484376 -43.787127 -33.743750


-2.484376 -43.787127 -33.743750 
-7.453128 -45.029315 -31.868750 
-3.416017 -45.960956 -33.743750 
-2.484376 -43.787127 -33.743750


-3.416017 -40.681657 -32.493750 
-4.037111 -42.544939 -31.868750 
-2.484376 -43.787127 -33.743750 
-3.416017 -40.681657 -32.493750


-3.726564 -36.644546 -34.381250 
-2.170724 -38.197281 -30.625000 
-2.794923 -38.818375 -33.756250 
-3.726564 -36.644546 -34.381250


-2.794923 -38.818375 -33.756250 
-2.170724 -38.197281 -30.625000 
-1.549630 -40.681657 -33.125000 
-2.794923 -38.818375 -33.756250


-24.536318 -21.117196 -28.750000 
-25.775401 -20.185555 -31.868750 
-23.604677 -22.048837 -33.750000 
-24.536318 -21.117196 -28.750000


-22.669931 -18.011726 -28.743750 
-25.157412 -16.769538 -35.625000 
-25.775401 -20.185555 -31.868750 
-22.669931 -18.011726 -28.743750


-22.669931 -18.011726 -28.743750 
-23.291025 -16.458991 -31.868750 
-25.157412 -16.769538 -35.625000 
-22.669931 -18.011726 -28.743750


-20.806649 -26.707042 -29.368750 
-22.669931 -24.222666 -29.993750 
-21.741395 -27.017589 -34.375000 
-20.806649 -26.707042 -29.368750


-20.806649 -26.707042 -29.368750 
-21.741395 -27.017589 -34.375000 
-19.257019 -28.880871 -29.375000 
-20.806649 -26.707042 -29.368750


-21.738290 -15.216803 -31.243750 
-19.257019 -13.974615 -29.375000 
-20.806649 -12.732427 -34.368750 
-21.738290 -15.216803 -31.243750


-17.704284 -30.433606 -30.625000 
-19.257019 -28.880871 -29.375000 
-17.390632 -30.433606 -31.881250 
-17.704284 -30.433606 -30.625000


-17.704284 -30.433606 -30.625000 
-17.390632 -30.433606 -31.881250 
-16.148444 -34.160170 -31.881250 
-17.704284 -30.433606 -30.625000


-14.595709 -37.576187 -30.618750 
-16.148444 -34.160170 -31.881250 
-14.909361 -36.955093 -33.125000 
-14.595709 -37.576187 -30.618750


-15.841002 -34.781264 -29.375000 
-16.148444 -34.160170 -31.881250 
-14.595709 -37.576187 -30.618750 
-15.841002 -34.781264 -29.375000


-13.046079 -42.234392 -31.875000 
-14.909361 -36.955093 -33.125000 
-13.664068 -40.060563 -34.381250 
-13.046079 -42.234392 -31.875000


-13.046079 -42.234392 -31.875000 
-14.595709 -37.576187 -30.618750 
-14.909361 -36.955093 -33.125000 
-13.046079 -42.234392 -31.875000


-10.558598 -42.234392 -31.868750 
-12.111333 -40.992204 -31.243750 
-13.046079 -42.234392 -31.875000 
-10.558598 -42.234392 -31.868750


-7.453128 -45.029315 -31.868750 
-13.046079 -42.234392 -31.875000 
-10.869145 -44.718768 -32.493750 
-7.453128 -45.029315 -31.868750


-7.453128 -45.029315 -31.868750 
-10.558598 -42.234392 -31.868750 
-13.046079 -42.234392 -31.875000 
-7.453128 -45.029315 -31.868750


-4.037111 -42.544939 -31.868750 
-10.558598 -42.234392 -31.868750 
-7.453128 -45.029315 -31.868750 
-4.037111 -42.544939 -31.868750


-5.900393 -40.992204 -31.243750 
-10.558598 -42.234392 -31.868750 
-4.037111 -42.544939 -31.868750 
-5.900393 -40.992204 -31.243750


-6.210940 -31.054700 -32.506250 
-3.416017 -33.849623 -31.881250 
-5.279299 -33.535971 -33.750000 
-6.210940 -31.054700 -32.506250


-1.549630 -40.681657 -33.125000 
-2.170724 -38.197281 -30.625000 
-3.416017 -40.681657 -32.493750 
-1.549630 -40.681657 -33.125000


-24.536318 -21.117196 -28.750000 
-23.604677 -22.048837 -33.750000 
-22.669931 -24.222666 -29.993750 
-24.536318 -21.117196 -28.750000


-17.704284 -30.433606 -30.625000 
-16.148444 -34.160170 -31.881250 
-15.841002 -34.781264 -29.375000 
-17.704284 -30.433606 -30.625000


-15.527350 -11.487134 -29.375000 
-12.111333 -9.934399 -28.750000 
-13.353521 -9.623852 -31.875000 
-15.527350 -11.487134 -29.375000


-12.111333 -40.992204 -31.243750 
-10.558598 -42.234392 -31.868750 
-5.900393 -40.992204 -31.243750 
-12.111333 -40.992204 -31.243750


-5.900393 -40.992204 -31.243750 
-9.937504 -39.750016 -31.243750 
-12.111333 -40.992204 -31.243750 
-5.900393 -40.992204 -31.243750


-3.416017 -40.681657 -32.493750 
-5.900393 -40.992204 -31.243750 
-4.037111 -42.544939 -31.868750 
-3.416017 -40.681657 -32.493750


-5.279299 -38.507828 -30.618750 
-5.900393 -40.992204 -31.243750 
-3.416017 -40.681657 -32.493750 
-5.279299 -38.507828 -30.618750


-2.170724 -38.197281 -30.625000 
-5.279299 -38.507828 -30.618750 
-3.416017 -40.681657 -32.493750 
-2.170724 -38.197281 -30.625000


-3.416017 -33.849623 -31.881250 
-2.170724 -38.197281 -30.625000 
-3.726564 -36.644546 -34.381250 
-3.416017 -33.849623 -31.881250


-21.738290 -15.216803 -31.243750 
-23.291025 -16.458991 -31.868750 
-22.669931 -18.011726 -28.743750 
-21.738290 -15.216803 -31.243750


-19.257019 -13.974615 -29.375000 
-16.769538 -13.039869 -27.500000 
-18.632820 -10.869145 -36.243750 
-19.257019 -13.974615 -29.375000


-14.595709 -37.576187 -30.618750 
-13.046079 -42.234392 -31.875000 
-12.111333 -40.992204 -31.243750 
-14.595709 -37.576187 -30.618750


-12.111333 -40.992204 -31.243750 
-13.974615 -36.644546 -29.993750 
-14.595709 -37.576187 -30.618750 
-12.111333 -40.992204 -31.243750


-9.937504 -39.750016 -31.243750 
-13.974615 -36.644546 -29.993750 
-12.111333 -40.992204 -31.243750 
-9.937504 -39.750016 -31.243750


-13.353521 -9.623852 -31.875000 
-8.384769 -13.664068 -28.756250 
-9.316410 -13.042974 -30.631250 
-13.353521 -9.623852 -31.875000


-8.695316 -24.222666 -31.881250 
-7.139476 -27.017589 -27.500000 
-7.763675 -26.396495 -31.256250 
-8.695316 -24.222666 -31.881250


-8.692211 -23.601572 -28.125000 
-7.139476 -27.017589 -27.500000 
-8.695316 -24.222666 -31.881250 
-8.692211 -23.601572 -28.125000


-6.832034 -34.781264 -29.993750 
-7.453128 -36.644546 -29.993750 
-7.142581 -38.197281 -30.618750 
-6.832034 -34.781264 -29.993750


-5.900393 -40.992204 -31.243750 
-7.142581 -38.197281 -30.618750 
-9.937504 -39.750016 -31.243750 
-5.900393 -40.992204 -31.243750


-5.279299 -38.507828 -30.618750 
-7.142581 -38.197281 -30.618750 
-5.900393 -40.992204 -31.243750 
-5.279299 -38.507828 -30.618750


-5.279299 -38.507828 -30.618750 
-6.832034 -34.781264 -29.993750 
-7.142581 -38.197281 -30.618750 
-5.279299 -38.507828 -30.618750


-7.142581 -28.570324 -31.256250 
-4.658205 -31.675794 -28.743750 
-6.210940 -31.054700 -32.506250 
-7.142581 -28.570324 -31.256250


-6.210940 -31.054700 -32.506250 
-4.658205 -31.675794 -28.743750 
-3.416017 -33.849623 -31.881250 
-6.210940 -31.054700 -32.506250


-2.170724 -38.197281 -30.625000 
-4.658205 -36.337104 -30.000000 
-5.279299 -38.507828 -30.618750 
-2.170724 -38.197281 -30.625000


-4.344553 -33.228529 -28.750000 
-3.105470 -34.781264 -29.368750 
-3.416017 -33.849623 -31.881250 
-4.344553 -33.228529 -28.750000


-3.105470 -34.781264 -29.368750 
-2.170724 -38.197281 -30.625000 
-3.416017 -33.849623 -31.881250 
-3.105470 -34.781264 -29.368750


-22.983583 -23.601572 -27.500000 
-24.536318 -21.117196 -28.750000 
-22.669931 -24.222666 -29.993750 
-22.983583 -23.601572 -27.500000


-13.974615 -36.644546 -29.993750 
-15.841002 -34.781264 -29.375000 
-14.595709 -37.576187 -30.618750 
-13.974615 -36.644546 -29.993750


-11.797681 -18.011726 -31.250000 
-10.866040 -21.117196 -26.875000 
-10.244946 -20.806649 -31.250000 
-11.797681 -18.011726 -31.250000


-9.316410 -14.909361 -28.125000 
-11.797681 -18.011726 -31.250000 
-10.866040 -14.595709 -31.250000 
-9.316410 -14.909361 -28.125000


-7.453128 -36.644546 -29.993750 
-10.248051 -35.091811 -28.743750 
-11.800786 -35.712905 -29.993750 
-7.453128 -36.644546 -29.993750


-7.142581 -38.197281 -30.618750 
-13.974615 -36.644546 -29.993750 
-9.937504 -39.750016 -31.243750 
-7.142581 -38.197281 -30.618750


-10.244946 -20.806649 -31.250000 
-10.866040 -21.117196 -26.875000 
-9.002758 -22.359384 -29.375000 
-10.244946 -20.806649 -31.250000


-11.800786 -35.712905 -29.993750 
-13.974615 -36.644546 -29.993750 
-7.142581 -38.197281 -30.618750 
-11.800786 -35.712905 -29.993750


-9.316410 -14.909361 -28.125000 
-10.866040 -14.595709 -31.250000 
-9.316410 -13.042974 -30.631250 
-9.316410 -14.909361 -28.125000


-8.384769 -13.664068 -28.756250 
-9.316410 -14.909361 -28.125000 
-9.316410 -13.042974 -30.631250 
-8.384769 -13.664068 -28.756250


-7.142581 -38.197281 -30.618750 
-7.453128 -36.644546 -29.993750 
-11.800786 -35.712905 -29.993750 
-7.142581 -38.197281 -30.618750


-9.002758 -22.359384 -29.375000 
-8.692211 -23.601572 -28.125000 
-8.695316 -24.222666 -31.881250 
-9.002758 -22.359384 -29.375000


-7.139476 -27.017589 -27.500000 
-7.142581 -28.570324 -31.256250 
-7.763675 -26.396495 -31.256250 
-7.139476 -27.017589 -27.500000


-4.658205 -36.337104 -30.000000 
-6.832034 -34.781264 -29.993750 
-5.279299 -38.507828 -30.618750 
-4.658205 -36.337104 -30.000000


-2.170724 -38.197281 -30.625000 
-3.105470 -34.781264 -29.368750 
-4.658205 -36.337104 -30.000000 
-2.170724 -38.197281 -30.625000


-22.669931 -18.011726 -28.743750 
-25.775401 -20.185555 -31.868750 
-24.536318 -21.117196 -28.750000 
-22.669931 -18.011726 -28.743750


-22.983583 -23.601572 -27.500000 
-22.669931 -24.222666 -29.993750 
-20.806649 -26.707042 -29.368750 
-22.983583 -23.601572 -27.500000


-11.800786 -35.712905 -29.993750 
-13.974615 -33.539076 -28.743750 
-15.841002 -34.781264 -29.375000 
-11.800786 -35.712905 -29.993750


-11.800786 -35.712905 -29.993750 
-15.841002 -34.781264 -29.375000 
-13.974615 -36.644546 -29.993750 
-11.800786 -35.712905 -29.993750


-13.974615 -33.539076 -28.743750 
-11.800786 -35.712905 -29.993750 
-10.248051 -35.091811 -28.743750 
-13.974615 -33.539076 -28.743750


-13.353521 -9.623852 -31.875000 
-12.111333 -9.934399 -28.750000 
-8.384769 -13.664068 -28.756250 
-13.353521 -9.623852 -31.875000


-8.384769 -33.539076 -29.368750 
-10.248051 -35.091811 -28.743750 
-7.453128 -36.644546 -29.993750 
-8.384769 -33.539076 -29.368750


-6.832034 -34.781264 -29.993750 
-8.384769 -33.539076 -29.368750 
-7.453128 -36.644546 -29.993750 
-6.832034 -34.781264 -29.993750


-7.139476 -27.017589 -27.500000 
-6.207835 -29.191418 -28.125000 
-7.142581 -28.570324 -31.256250 
-7.139476 -27.017589 -27.500000


-3.105470 -34.781264 -29.368750 
-8.384769 -33.539076 -29.368750 
-6.832034 -34.781264 -29.993750 
-3.105470 -34.781264 -29.368750


-7.763675 -32.607435 -28.118750 
-8.384769 -33.539076 -29.368750 
-3.105470 -34.781264 -29.368750 
-7.763675 -32.607435 -28.118750


-6.832034 -34.781264 -29.993750 
-4.658205 -36.337104 -30.000000 
-3.105470 -34.781264 -29.368750 
-6.832034 -34.781264 -29.993750


-4.658205 -31.675794 -28.743750 
-4.344553 -33.228529 -28.750000 
-3.416017 -33.849623 -31.881250 
-4.658205 -31.675794 -28.743750


-23.912119 -22.359384 -24.993750 
-24.536318 -21.117196 -28.750000 
-22.983583 -23.601572 -27.500000 
-23.912119 -22.359384 -24.993750


-23.912119 -22.359384 -24.993750 
-22.669931 -18.011726 -28.743750 
-24.536318 -21.117196 -28.750000 
-23.912119 -22.359384 -24.993750


-21.120301 -17.080085 -26.250000 
-21.738290 -15.216803 -31.243750 
-22.669931 -18.011726 -28.743750 
-21.120301 -17.080085 -26.250000


-20.496102 -27.328136 -24.993750 
-20.806649 -26.707042 -29.368750 
-19.257019 -28.880871 -29.375000 
-20.496102 -27.328136 -24.993750


-18.325378 -28.880871 -26.875000 
-20.496102 -27.328136 -24.993750 
-19.257019 -28.880871 -29.375000 
-18.325378 -28.880871 -26.875000


-18.325378 -28.880871 -26.875000 
-17.704284 -30.433606 -30.625000 
-17.080085 -32.610540 -27.500000 
-18.325378 -28.880871 -26.875000


-17.080085 -32.610540 -27.500000 
-15.841002 -34.781264 -29.375000 
-13.974615 -33.539076 -28.743750 
-17.080085 -32.610540 -27.500000


-17.080085 -32.610540 -27.500000 
-17.704284 -30.433606 -30.625000 
-15.841002 -34.781264 -29.375000 
-17.080085 -32.610540 -27.500000


-10.555493 -17.390632 -26.875000 
-10.866040 -21.117196 -26.875000 
-11.797681 -18.011726 -31.250000 
-10.555493 -17.390632 -26.875000


-8.384769 -33.539076 -29.368750 
-13.974615 -33.539076 -28.743750 
-10.248051 -35.091811 -28.743750 
-8.384769 -33.539076 -29.368750


-7.763675 -32.607435 -28.118750 
-13.974615 -33.539076 -28.743750 
-8.384769 -33.539076 -29.368750 
-7.763675 -32.607435 -28.118750


-7.142581 -28.570324 -31.256250 
-6.207835 -29.191418 -28.125000 
-4.658205 -31.675794 -28.743750 
-7.142581 -28.570324 -31.256250


-6.207835 -29.191418 -28.125000 
-4.344553 -33.228529 -28.750000 
-4.658205 -31.675794 -28.743750 
-6.207835 -29.191418 -28.125000


-7.763675 -32.607435 -28.118750 
-3.105470 -34.781264 -29.368750 
-4.344553 -33.228529 -28.750000 
-7.763675 -32.607435 -28.118750


-23.912119 -22.359384 -24.993750 
-22.669931 -20.806649 -24.993750 
-22.669931 -18.011726 -28.743750 
-23.912119 -22.359384 -24.993750


-20.806649 -19.253914 -23.743750 
-21.120301 -17.080085 -26.250000 
-22.669931 -18.011726 -28.743750 
-20.806649 -19.253914 -23.743750


-21.120301 -17.080085 -26.250000 
-19.257019 -13.974615 -29.375000 
-21.738290 -15.216803 -31.243750 
-21.120301 -17.080085 -26.250000


-22.983583 -23.601572 -27.500000 
-20.806649 -26.707042 -29.368750 
-20.496102 -27.328136 -24.993750 
-22.983583 -23.601572 -27.500000


-16.769538 -13.039869 -27.500000 
-19.257019 -13.974615 -29.375000 
-21.120301 -17.080085 -26.250000 
-16.769538 -13.039869 -27.500000


-18.325378 -28.880871 -26.875000 
-19.257019 -28.880871 -29.375000 
-17.704284 -30.433606 -30.625000 
-18.325378 -28.880871 -26.875000


-12.732427 -31.675794 -28.118750 
-17.080085 -32.610540 -27.500000 
-13.974615 -33.539076 -28.743750 
-12.732427 -31.675794 -28.118750


-12.732427 -31.675794 -28.118750 
-13.974615 -33.539076 -28.743750 
-7.763675 -32.607435 -28.118750 
-12.732427 -31.675794 -28.118750


-10.248051 -10.866040 -25.000000 
-8.384769 -13.664068 -28.756250 
-12.111333 -9.934399 -28.750000 
-10.248051 -10.866040 -25.000000


-10.555493 -17.390632 -26.875000 
-11.797681 -18.011726 -31.250000 
-9.316410 -14.909361 -28.125000 
-10.555493 -17.390632 -26.875000


-18.011726 -14.285162 -22.493750 
-16.769538 -13.039869 -27.500000 
-21.120301 -17.080085 -26.250000 
-18.011726 -14.285162 -22.493750


-12.732427 -31.675794 -28.118750 
-15.216803 -31.054700 -26.868750 
-17.080085 -32.610540 -27.500000 
-12.732427 -31.675794 -28.118750


-13.974615 -12.108228 -24.375000 
-12.111333 -9.934399 -28.750000 
-15.527350 -11.487134 -29.375000 
-13.974615 -12.108228 -24.375000


-10.866040 -21.117196 -26.875000 
-8.692211 -23.601572 -28.125000 
-9.002758 -22.359384 -29.375000 
-10.866040 -21.117196 -26.875000


-9.316410 -14.909361 -28.125000 
-9.002758 -15.216803 -25.625000 
-10.555493 -17.390632 -26.875000 
-9.316410 -14.909361 -28.125000


-9.937504 -31.054700 -26.868750 
-12.732427 -31.675794 -28.118750 
-7.763675 -32.607435 -28.118750 
-9.937504 -31.054700 -26.868750


-8.074222 -28.880871 -27.493750 
-9.316410 -29.812512 -24.993750 
-7.763675 -30.744153 -26.868750 
-8.074222 -28.880871 -27.493750


-7.450023 -14.285162 -25.000000 
-9.316410 -14.909361 -28.125000 
-8.384769 -13.664068 -28.756250 
-7.450023 -14.285162 -25.000000


-7.763675 -30.744153 -26.868750 
-6.207835 -29.191418 -28.125000 
-8.074222 -28.880871 -27.493750 
-7.763675 -30.744153 -26.868750


-6.207835 -29.191418 -28.125000 
-7.139476 -27.017589 -27.500000 
-8.074222 -28.880871 -27.493750 
-6.207835 -29.191418 -28.125000


-7.763675 -30.744153 -26.868750 
-7.763675 -32.607435 -28.118750 
-4.344553 -33.228529 -28.750000 
-7.763675 -30.744153 -26.868750


-6.207835 -29.191418 -28.125000 
-7.763675 -30.744153 -26.868750 
-4.344553 -33.228529 -28.750000 
-6.207835 -29.191418 -28.125000


-17.701179 -30.433606 -25.618750 
-18.325378 -28.880871 -26.875000 
-17.080085 -32.610540 -27.500000 
-17.701179 -30.433606 -25.618750


-9.937504 -31.054700 -26.868750 
-15.216803 -31.054700 -26.868750 
-12.732427 -31.675794 -28.118750 
-9.937504 -31.054700 -26.868750


-9.316410 -29.812512 -24.993750 
-9.937504 -31.054700 -26.868750 
-7.763675 -30.744153 -26.868750 
-9.316410 -29.812512 -24.993750


-8.692211 -23.601572 -28.125000 
-9.005863 -25.775401 -26.243750 
-8.074222 -28.880871 -27.493750 
-8.692211 -23.601572 -28.125000


-8.074222 -28.880871 -27.493750 
-7.139476 -27.017589 -27.500000 
-8.692211 -23.601572 -28.125000 
-8.074222 -28.880871 -27.493750


-7.450023 -14.285162 -25.000000 
-9.002758 -15.216803 -25.625000 
-9.316410 -14.909361 -28.125000 
-7.450023 -14.285162 -25.000000


-7.763675 -30.744153 -26.868750 
-9.937504 -31.054700 -26.868750 
-7.763675 -32.607435 -28.118750 
-7.763675 -30.744153 -26.868750


-22.048837 -24.222666 -24.368750 
-23.912119 -22.359384 -24.993750 
-22.983583 -23.601572 -27.500000 
-22.048837 -24.222666 -24.368750


-15.216803 -31.054700 -26.868750 
-17.701179 -30.433606 -25.618750 
-17.080085 -32.610540 -27.500000 
-15.216803 -31.054700 -26.868750


-15.216803 -31.054700 -26.868750 
-14.285162 -29.191418 -24.993750 
-17.701179 -30.433606 -25.618750 
-15.216803 -31.054700 -26.868750


-9.316410 -29.812512 -24.993750 
-14.285162 -29.191418 -24.993750 
-15.216803 -31.054700 -26.868750 
-9.316410 -29.812512 -24.993750


-15.216803 -31.054700 -26.868750 
-9.937504 -31.054700 -26.868750 
-9.316410 -29.812512 -24.993750 
-15.216803 -31.054700 -26.868750


-8.692211 -23.601572 -28.125000 
-10.866040 -24.843760 -23.125000 
-9.005863 -25.775401 -26.243750 
-8.692211 -23.601572 -28.125000


-22.048837 -24.222666 -24.368750 
-22.983583 -23.601572 -27.500000 
-20.496102 -27.328136 -24.993750 
-22.048837 -24.222666 -24.368750


-22.669931 -20.806649 -24.993750 
-20.806649 -19.253914 -23.743750 
-22.669931 -18.011726 -28.743750 
-22.669931 -20.806649 -24.993750


-20.496102 -27.328136 -24.993750 
-18.325378 -28.880871 -26.875000 
-18.011726 -29.191418 -24.368750 
-20.496102 -27.328136 -24.993750


-18.011726 -29.191418 -24.368750 
-18.325378 -28.880871 -26.875000 
-17.701179 -30.433606 -25.618750 
-18.011726 -29.191418 -24.368750


-14.285162 -29.191418 -24.993750 
-15.216803 -28.259777 -23.743750 
-17.701179 -30.433606 -25.618750 
-14.285162 -29.191418 -24.993750


-16.769538 -13.039869 -27.500000 
-13.974615 -12.108228 -24.375000 
-15.527350 -11.487134 -29.375000 
-16.769538 -13.039869 -27.500000


-10.866040 -21.117196 -26.875000 
-10.866040 -24.843760 -23.125000 
-8.692211 -23.601572 -28.125000 
-10.866040 -21.117196 -26.875000


-10.248051 -28.259777 -23.743750 
-9.316410 -29.812512 -24.993750 
-8.074222 -28.880871 -27.493750 
-10.248051 -28.259777 -23.743750


-9.005863 -25.775401 -26.243750 
-10.248051 -28.259777 -23.743750 
-8.074222 -28.880871 -27.493750 
-9.005863 -25.775401 -26.243750


-22.669931 -20.806649 -24.993750 
-23.912119 -22.359384 -24.993750 
-22.048837 -24.222666 -24.368750 
-22.669931 -20.806649 -24.993750


-20.496102 -25.154307 -23.743750 
-22.048837 -24.222666 -24.368750 
-20.496102 -27.328136 -24.993750 
-20.496102 -25.154307 -23.743750


-16.458991 -13.042974 -21.868750 
-16.769538 -13.039869 -27.500000 
-18.011726 -14.285162 -22.493750 
-16.458991 -13.042974 -21.868750


-15.216803 -28.259777 -23.743750 
-18.011726 -29.191418 -24.368750 
-17.701179 -30.433606 -25.618750 
-15.216803 -28.259777 -23.743750


-9.316410 -29.812512 -24.993750 
-10.248051 -28.259777 -23.743750 
-14.285162 -29.191418 -24.993750 
-9.316410 -29.812512 -24.993750


-9.316410 -14.288267 -23.125000 
-10.555493 -17.390632 -26.875000 
-9.002758 -15.216803 -25.625000 
-9.316410 -14.288267 -23.125000


-10.866040 -27.017589 -21.250000 
-10.248051 -28.259777 -23.743750 
-9.005863 -25.775401 -26.243750 
-10.866040 -27.017589 -21.250000


-20.496102 -21.427743 -23.118750 
-22.669931 -20.806649 -24.993750 
-22.048837 -24.222666 -24.368750 
-20.496102 -21.427743 -23.118750


-20.496102 -25.154307 -23.743750 
-20.496102 -27.328136 -24.993750 
-18.011726 -29.191418 -24.368750 
-20.496102 -25.154307 -23.743750


-18.632820 -15.837897 -22.493750 
-18.011726 -14.285162 -22.493750 
-21.120301 -17.080085 -26.250000 
-18.632820 -15.837897 -22.493750


-12.732427 -12.421880 -19.368750 
-12.111333 -9.934399 -28.750000 
-13.974615 -12.108228 -24.375000 
-12.732427 -12.421880 -19.368750


-10.248051 -28.259777 -23.743750 
-11.800786 -27.949230 -23.118750 
-14.285162 -29.191418 -24.993750 
-10.248051 -28.259777 -23.743750


-12.732427 -12.421880 -19.368750 
-10.248051 -10.866040 -25.000000 
-12.111333 -9.934399 -28.750000 
-12.732427 -12.421880 -19.368750


-10.869145 -18.943367 -17.493750 
-10.866040 -21.117196 -26.875000 
-10.555493 -17.390632 -26.875000 
-10.869145 -18.943367 -17.493750


-9.316410 -14.288267 -23.125000 
-10.869145 -18.943367 -17.493750 
-10.555493 -17.390632 -26.875000 
-9.316410 -14.288267 -23.125000


-10.248051 -10.866040 -25.000000 
-7.450023 -14.285162 -25.000000 
-8.384769 -13.664068 -28.756250 
-10.248051 -10.866040 -25.000000


-9.316410 -14.288267 -23.125000 
-9.002758 -15.216803 -25.625000 
-7.450023 -14.285162 -25.000000 
-9.316410 -14.288267 -23.125000


-20.806649 -19.253914 -23.743750 
-22.669931 -20.806649 -24.993750 
-20.496102 -21.427743 -23.118750 
-20.806649 -19.253914 -23.743750


-20.496102 -25.154307 -23.743750 
-20.496102 -21.427743 -23.118750 
-22.048837 -24.222666 -24.368750 
-20.496102 -25.154307 -23.743750


-19.875008 -17.701179 -23.118750 
-21.120301 -17.080085 -26.250000 
-20.806649 -19.253914 -23.743750 
-19.875008 -17.701179 -23.118750


-18.632820 -15.837897 -22.493750 
-21.120301 -17.080085 -26.250000 
-19.875008 -17.701179 -23.118750 
-18.632820 -15.837897 -22.493750


-17.390632 -27.017589 -22.493750 
-20.496102 -21.427743 -23.118750 
-20.496102 -25.154307 -23.743750 
-17.390632 -27.017589 -22.493750


-17.390632 -27.017589 -22.493750 
-20.496102 -25.154307 -23.743750 
-18.011726 -29.191418 -24.368750 
-17.390632 -27.017589 -22.493750


-16.458991 -13.042974 -21.868750 
-13.974615 -12.108228 -24.375000 
-16.769538 -13.039869 -27.500000 
-16.458991 -13.042974 -21.868750


-11.800786 -27.949230 -23.118750 
-15.216803 -28.259777 -23.743750 
-14.285162 -29.191418 -24.993750 
-11.800786 -27.949230 -23.118750


-9.005863 -25.775401 -26.243750 
-10.866040 -24.843760 -23.125000 
-10.866040 -27.017589 -21.250000 
-9.005863 -25.775401 -26.243750


-19.875008 -17.701179 -23.118750 
-20.806649 -19.253914 -23.743750 
-20.496102 -21.427743 -23.118750 
-19.875008 -17.701179 -23.118750


-18.632820 -22.048837 -23.118750 
-19.875008 -17.701179 -23.118750 
-20.496102 -21.427743 -23.118750 
-18.632820 -22.048837 -23.118750


-18.632820 -22.048837 -23.118750 
-20.496102 -21.427743 -23.118750 
-17.390632 -27.017589 -22.493750 
-18.632820 -22.048837 -23.118750


-16.458991 -13.042974 -21.868750 
-14.595709 -13.042974 -21.243750 
-13.974615 -12.108228 -24.375000 
-16.458991 -13.042974 -21.868750


-10.866040 -27.017589 -21.250000 
-11.800786 -27.949230 -23.118750 
-10.248051 -28.259777 -23.743750 
-10.866040 -27.017589 -21.250000


-10.866040 -21.117196 -26.875000 
-10.869145 -25.775401 -21.243750 
-10.866040 -24.843760 -23.125000 
-10.866040 -21.117196 -26.875000


-18.632820 -15.837897 -22.493750 
-19.875008 -17.701179 -23.118750 
-18.632820 -22.048837 -23.118750 
-18.632820 -15.837897 -22.493750


-15.837897 -23.601572 -21.243750 
-18.632820 -22.048837 -23.118750 
-17.390632 -27.017589 -22.493750 
-15.837897 -23.601572 -21.243750


-17.390632 -27.017589 -22.493750 
-18.011726 -29.191418 -24.368750 
-15.216803 -28.259777 -23.743750 
-17.390632 -27.017589 -22.493750


-11.800786 -27.949230 -23.118750 
-17.390632 -27.017589 -22.493750 
-15.216803 -28.259777 -23.743750 
-11.800786 -27.949230 -23.118750


-14.595709 -13.042974 -21.243750 
-12.732427 -12.421880 -19.368750 
-13.974615 -12.108228 -24.375000 
-14.595709 -13.042974 -21.243750


-10.866040 -27.017589 -21.250000 
-10.869145 -25.775401 -21.243750 
-11.800786 -27.949230 -23.118750 
-10.866040 -27.017589 -21.250000


-9.316410 -15.527350 -19.381250 
-10.869145 -18.943367 -17.493750 
-9.316410 -14.288267 -23.125000 
-9.316410 -15.527350 -19.381250


-8.074222 -13.356626 -20.000000 
-9.316410 -14.288267 -23.125000 
-7.450023 -14.285162 -25.000000 
-8.074222 -13.356626 -20.000000


-16.458991 -18.943367 -21.243750 
-18.632820 -15.837897 -22.493750 
-18.632820 -22.048837 -23.118750 
-16.458991 -18.943367 -21.243750


-16.458991 -13.042974 -21.868750 
-18.011726 -14.285162 -22.493750 
-18.632820 -15.837897 -22.493750 
-16.458991 -13.042974 -21.868750


-16.458991 -18.943367 -21.243750 
-18.632820 -22.048837 -23.118750 
-15.837897 -23.601572 -21.243750 
-16.458991 -18.943367 -21.243750


-16.458991 -13.042974 -21.868750 
-18.632820 -15.837897 -22.493750 
-16.458991 -18.943367 -21.243750 
-16.458991 -13.042974 -21.868750


-15.837897 -23.601572 -21.243750 
-17.390632 -27.017589 -22.493750 
-16.769538 -26.396495 -21.868750 
-15.837897 -23.601572 -21.243750


-16.148444 -16.458991 -21.243750 
-16.458991 -13.042974 -21.868750 
-16.458991 -18.943367 -21.243750 
-16.148444 -16.458991 -21.243750


-14.595709 -13.042974 -21.243750 
-16.458991 -13.042974 -21.868750 
-16.148444 -16.458991 -21.243750 
-14.595709 -13.042974 -21.243750


-16.769538 -26.396495 -21.868750 
-17.390632 -27.017589 -22.493750 
-11.800786 -27.949230 -23.118750 
-16.769538 -26.396495 -21.868750


-16.769538 -26.396495 -21.868750 
-11.800786 -27.949230 -23.118750 
-10.869145 -25.775401 -21.243750 
-16.769538 -26.396495 -21.868750


-10.869145 -25.775401 -21.243750 
-10.866040 -27.017589 -21.250000 
-10.866040 -24.843760 -23.125000 
-10.869145 -25.775401 -21.243750


-15.216803 -22.359384 -20.618750 
-16.458991 -18.943367 -21.243750 
-15.837897 -23.601572 -21.243750 
-15.216803 -22.359384 -20.618750


-14.595709 -13.042974 -21.243750 
-16.148444 -16.458991 -21.243750 
-14.285162 -14.906256 -20.618750 
-14.595709 -13.042974 -21.243750


-10.869145 -25.775401 -21.243750 
-15.837897 -23.601572 -21.243750 
-16.769538 -26.396495 -21.868750 
-10.869145 -25.775401 -21.243750


-12.732427 -12.421880 -19.368750 
-9.316410 -11.487134 -18.750000 
-10.248051 -10.866040 -25.000000 
-12.732427 -12.421880 -19.368750


-9.316410 -11.487134 -18.750000 
-7.450023 -14.285162 -25.000000 
-10.248051 -10.866040 -25.000000 
-9.316410 -11.487134 -18.750000


-16.458991 -18.943367 -21.243750 
-14.285162 -14.906256 -20.618750 
-16.148444 -16.458991 -21.243750 
-16.458991 -18.943367 -21.243750


-14.285162 -14.906256 -20.618750 
-16.458991 -18.943367 -21.243750 
-15.216803 -22.359384 -20.618750 
-14.285162 -14.906256 -20.618750


-10.869145 -25.775401 -21.243750 
-15.216803 -22.359384 -20.618750 
-15.837897 -23.601572 -21.243750 
-10.869145 -25.775401 -21.243750


-10.866040 -21.117196 -26.875000 
-10.869145 -23.912119 -19.368750 
-10.869145 -25.775401 -21.243750 
-10.866040 -21.117196 -26.875000


-10.869145 -18.943367 -17.493750 
-10.869145 -21.117196 -18.743750 
-10.866040 -21.117196 -26.875000 
-10.869145 -18.943367 -17.493750


-9.316410 -15.527350 -19.381250 
-9.316410 -14.288267 -23.125000 
-8.074222 -13.356626 -20.000000 
-9.316410 -15.527350 -19.381250


-14.595709 -16.769538 -19.993750 
-14.285162 -14.906256 -20.618750 
-15.216803 -22.359384 -20.618750 
-14.595709 -16.769538 -19.993750


-13.353521 -20.496102 -19.368750 
-15.216803 -22.359384 -20.618750 
-10.869145 -23.912119 -19.368750 
-13.353521 -20.496102 -19.368750


-10.869145 -23.912119 -19.368750 
-15.216803 -22.359384 -20.618750 
-10.869145 -25.775401 -21.243750 
-10.869145 -23.912119 -19.368750


-12.732427 -16.148444 -18.743750 
-14.285162 -14.906256 -20.618750 
-14.595709 -16.769538 -19.993750 
-12.732427 -16.148444 -18.743750


-12.732427 -12.421880 -19.368750 
-14.595709 -13.042974 -21.243750 
-14.285162 -14.906256 -20.618750 
-12.732427 -12.421880 -19.368750


-9.316410 -11.487134 -18.750000 
-12.732427 -12.421880 -19.368750 
-10.869145 -12.111333 -17.493750 
-9.316410 -11.487134 -18.750000


-10.869145 -21.117196 -18.743750 
-10.869145 -23.912119 -19.368750 
-10.866040 -21.117196 -26.875000 
-10.869145 -21.117196 -18.743750


-9.316410 -11.487134 -18.750000 
-7.453128 -13.664068 -16.243750 
-7.450023 -14.285162 -25.000000 
-9.316410 -11.487134 -18.750000


-7.450023 -14.285162 -25.000000 
-7.453128 -13.664068 -16.243750 
-8.074222 -13.356626 -20.000000 
-7.450023 -14.285162 -25.000000


-14.595709 -16.769538 -19.993750 
-15.216803 -22.359384 -20.618750 
-13.353521 -20.496102 -19.368750 
-14.595709 -16.769538 -19.993750


-12.732427 -16.148444 -18.743750 
-12.732427 -12.421880 -19.368750 
-14.285162 -14.906256 -20.618750 
-12.732427 -16.148444 -18.743750


-10.869145 -21.117196 -18.743750 
-13.353521 -20.496102 -19.368750 
-10.869145 -23.912119 -19.368750 
-10.869145 -21.117196 -18.743750


-13.353521 -17.701179 -18.118750 
-14.595709 -16.769538 -19.993750 
-13.353521 -20.496102 -19.368750 
-13.353521 -17.701179 -18.118750


-13.353521 -17.701179 -18.118750 
-13.353521 -20.496102 -19.368750 
-10.869145 -21.117196 -18.743750 
-13.353521 -17.701179 -18.118750


-12.732427 -16.148444 -18.743750 
-14.595709 -16.769538 -19.993750 
-13.353521 -17.701179 -18.118750 
-12.732427 -16.148444 -18.743750


-11.800786 -15.216803 -18.118750 
-12.732427 -12.421880 -19.368750 
-12.732427 -16.148444 -18.743750 
-11.800786 -15.216803 -18.118750


-11.800786 -15.216803 -18.118750 
-10.869145 -12.111333 -17.493750 
-12.732427 -12.421880 -19.368750 
-11.800786 -15.216803 -18.118750


-8.074222 -13.356626 -20.000000 
-7.453128 -13.664068 -16.243750 
-9.316410 -15.527350 -19.381250 
-8.074222 -13.356626 -20.000000


-10.869145 -21.117196 -18.743750 
-10.869145 -18.943367 -17.493750 
-13.353521 -17.701179 -18.118750 
-10.869145 -21.117196 -18.743750


-10.248051 -17.080085 -16.243750 
-11.800786 -15.216803 -18.118750 
-12.732427 -16.148444 -18.743750 
-10.248051 -17.080085 -16.243750


-9.316410 -15.527350 -19.381250 
-10.248051 -17.080085 -16.243750 
-10.869145 -18.943367 -17.493750 
-9.316410 -15.527350 -19.381250


-8.695316 -15.527350 -16.868750 
-10.248051 -17.080085 -16.243750 
-9.316410 -15.527350 -19.381250 
-8.695316 -15.527350 -16.868750


-10.248051 -17.080085 -16.243750 
-12.732427 -16.148444 -18.743750 
-13.353521 -17.701179 -18.118750 
-10.248051 -17.080085 -16.243750


-10.248051 -17.080085 -16.243750 
-13.353521 -17.701179 -18.118750 
-10.869145 -18.943367 -17.493750 
-10.248051 -17.080085 -16.243750


-10.248051 -14.906256 -16.868750 
-11.800786 -15.216803 -18.118750 
-10.248051 -17.080085 -16.243750 
-10.248051 -14.906256 -16.868750


-10.248051 -14.906256 -16.868750 
-10.869145 -12.111333 -17.493750 
-11.800786 -15.216803 -18.118750 
-10.248051 -14.906256 -16.868750


-8.695316 -15.527350 -16.868750 
-9.316410 -15.527350 -19.381250 
-7.453128 -13.664068 -16.243750 
-8.695316 -15.527350 -16.868750


-10.248051 -14.906256 -16.868750 
-10.248051 -17.080085 -16.243750 
-8.695316 -15.527350 -16.868750 
-10.248051 -14.906256 -16.868750


-7.453128 -13.664068 -16.243750 
-10.869145 -12.111333 -17.493750 
-10.248051 -14.906256 -16.868750 
-7.453128 -13.664068 -16.243750


-10.869145 -12.111333 -17.493750 
-7.453128 -13.664068 -16.243750 
-9.316410 -11.487134 -18.750000 
-10.869145 -12.111333 -17.493750


-7.453128 -13.664068 -16.243750 
-10.248051 -14.906256 -16.868750 
-8.695316 -15.527350 -16.868750 
-7.453128 -13.664068 -16.243750


