19.560683
19.560683
16.826046
13.937387
12.8556
12.8556
12.8556
11.865674
11.865674
11.865674
11.865674
11.865674
11.865674
10.923359
10.923359
10.923359
10.923359
10.923359
10.417047
10.417047
10.417047
10.417047
6.717205
6.717205
6.717205
6.717205
6.717205
6.717205
6.717205
6.717205
6.717205
6.717205
6.717205
6.717205
6.717205
6.717205
6.717205
6.359015
6.359015
6.359015
6.359015
6.359015
6.279071
6.279071
6.279071
6.279071
6.279071
6.279071
6.279071
6.279071
5.503467
5.503467
5.503467
5.503467
5.503467
5.503467
5.503467
4.399594
4.399594
4.399594
4.399594
4.399594
4.399594
4.399594
4.399594
4.399594
4.399594
4.399594
4.399594
4.05877
4.05877
4.05877
4.05877
4.05877
4.05877
4.05877
4.05877
4.05877
4.05877
4.05877
4.05877
4.05877
4.05877
4.05877
3.617643
3.617643
3.617643
3.617643
3.617643
3.617643
3.617643
3.617643
3.617643
3.617643
3.617643
3.617643
3.617643
3.617643
3.617643
3.617643
3.617643
3.617643
2.800969
2.800969
2.800969
2.800969
2.800969
2.800969
2.800969
2.800969
2.800969
2.800969
2.800969
2.800969
2.800969
2.800969
2.800969
2.800969
2.800969
2.800969
2.800969
2.655922
2.655922
2.655922
2.655922
2.655922
2.655922
2.655922
2.655922
2.655922
2.655922
2.636281
2.636281
2.636281
2.636281
2.636281
2.636281
2.636281
2.636281
2.636281
2.636281
2.636281
2.636281
2.636281
2.636281
2.636281
2.636281
2.636281
2.636281
2.636281
2.636281
2.636281
2.636281
2.634511
2.634511
2.634511
2.634511
2.634511
2.634511
2.634511
2.634511
2.634511
2.634511
2.634511
2.612813
2.612813
2.612813
2.612813
2.612813
2.612813
2.612813
2.612813
2.612813
2.612813
2.612813
2.612813
2.612813
2.612813
2.570337
2.570337
2.570337
2.570337
2.570337
2.570337
2.570337
2.570337
2.570337
2.570337
2.570337
2.570337
2.570337
2.570337
2.570337
2.570337
2.414667
2.414667
2.414667
2.414667
2.414667
2.414667
2.414667
2.414667
2.414667
2.409758
2.409337
2.409337
2.409337
2.409337
2.409337
2.409337
2.409337
2.409337
2.409337
2.409337
2.409337
2.409337
2.409337
2.409337
2.409337
2.409337
2.409337
2.409337
2.409337
2.409337
2.409337
2.409337
2.409337
2.409337
2.409337
2.409337
2.409337
2.409337
2.409337
2.409337
2.409337
2.409337
2.409337
2.409337
2.409337
2.409337
2.409337
2.409337
2.409337
2.409337
2.409337
2.409337
2.409337
2.408318
2.408232
2.408232
2.408232
2.408232
2.408232
2.408232
2.408232
2.408232
2.408232
2.408232
2.408232
2.408232
2.408232
2.405149
2.405149
2.405149
2.405149
2.405149
2.405149
2.405149
2.405149
2.405149
2.405149
2.405149
2.405149
2.405149
2.405149
2.382296
2.382296
2.382296
2.382296
2.382296
2.382296
2.382296
2.382296
2.382296
2.382296
2.382296
2.382296
2.382296
2.382296
2.382296
2.382296
2.382296
2.382296
2.382296
2.382296
2.382296
2.382296
2.382296
2.382296
2.382296
2.382296
2.382296
2.382296
2.382296
2.382296
2.382296
2.382296
2.382296
2.382296
2.382296
2.382296
2.382296
2.382296
2.382296
2.382296
2.382296
2.382296
2.382296
2.382296
2.382296
2.382296
2.382296
2.382296
2.382296
2.382296
2.382296
2.382296
2.382296
2.382296
2.382296
2.382296
2.382296
2.382296
2.382296
2.382296
2.382296
2.382296
2.382296
2.382296
2.382296
2.382296
2.382296
2.382296
2.382296
2.382296
2.382296
2.382296
2.382296
2.382296
2.382296
2.382296
2.382296
2.382296
2.382296
2.382296
2.382296
2.382296
2.382296
2.382296
2.382296
2.367917
2.367917
2.367917
2.367917
2.367917
2.367917
2.367917
2.367917
2.367917
2.367917
2.367917
2.367917
2.367917
2.367917
2.367917
2.367917
2.367917
2.367917
2.367917
2.367917
2.367917
2.367917
2.367917
2.367917
2.367917
2.367917
2.367917
2.367917
2.367917
2.367917
2.367917
2.367917
2.367917
2.367917
2.367917
2.367917
2.367917
2.367917
2.367917
2.367917
2.367917
2.367917
2.367917
2.367917
2.367917
2.367917
2.367917
2.367917
2.367917
2.367917
2.367917
2.367917
2.367917
2.367917
2.367917
2.367917
2.367917
2.367917
2.367917
2.367917
2.367917
2.367917
2.367917
2.367917
2.367917
2.367917
2.367917
2.367917
2.367917
2.367917
2.367917
2.367917
2.367917
2.367917
2.367917
2.367917
2.367917
2.367917
2.359016
2.359016
2.324356
2.324356
2.324356
2.324356
2.324356
2.324356
2.324356
2.324356
2.324356
2.324356
2.324356
2.324356
2.324356
2.324356
2.324356
2.324356
2.324356
2.324356
2.324356
2.324356
2.324356
2.324356
2.324356
2.324356
2.324356
2.293392
2.281955
2.281955
2.281955
2.281955
2.281955
2.281955
2.281955
2.281955
2.281955
2.281955
2.281955
2.281955
2.281955
2.281955
2.281955
2.281955
2.281955
2.281955
2.281955
2.281955
2.281955
2.281955
2.281955
2.281955
2.281955
2.281955
2.281955
2.281955
2.281955
2.281955
2.281955
2.281955
2.281955
2.281955
2.281955
2.281955
2.281955
2.281955
2.281955
2.281955
2.281955
2.281955
2.281955
2.281955
2.281955
2.281955
2.281955
2.281955
2.281955
2.281955
2.281955
2.281955
2.281955
2.281955
2.281955
2.281955
2.281955
2.281955
2.281955
2.281955
2.281955
2.281955
2.281955
2.281955
2.281955
2.281955
2.281955
2.281955
2.281955
2.281955
2.281955
2.281955
2.281955
2.281955
2.281955
2.281955
2.281955
2.281955
2.281955
2.281955
2.281955
2.281955
2.281955
2.281955
2.281955
2.281955
2.281955
2.281955
2.281955
2.281955
2.281955
2.281955
2.281955
2.281955
2.281955
2.281955
2.281955
2.281955
2.281955
2.281955
2.281955
2.281955
2.281955
2.281955
2.281955
2.281955
2.281955
2.281955
2.281955
2.281955
2.281955
2.281955
2.281955
2.281955
2.281955
2.281955
2.281955
2.281955
2.281955
2.281955
2.278371
2.278371
2.278371
2.278371
2.278371
2.278371
2.278371
2.278371
2.278371
2.278371
2.278371
2.278371
2.278371
2.278371
2.278371
2.278371
2.278371
2.278371
2.278371
2.278371
2.278371
2.278371
2.278371
2.278371
2.278371
2.278371
2.278371
2.278371
2.278371
2.278371
2.278371
2.278371
2.278371
2.278371
2.278371
2.278371
2.278371
2.278371
2.278371
2.278371
2.278371
2.278371
2.278371
2.278371
2.278371
2.278371
2.278371
2.278371
2.278371
2.278371
2.278371
2.278371
2.278371
2.278371
2.278371
2.278371
2.278371
2.278371
2.278371
2.278371
2.278371
2.278371
2.278371
2.278371
2.278371
2.278371
2.278371
2.278371
2.278371
2.278371
2.278371
2.278371
2.278371
2.278371
2.278371
2.278371
2.278371
2.278371
2.278371
2.278371
2.278371
2.278371
2.278371
2.278371
2.278371
2.278371
2.278371
2.278371
2.278371
2.278371
2.278371
2.278371
2.278371
2.278371
2.278371
2.278371
2.278371
2.278371
2.278371
2.278371
2.278371
2.278371
2.278371
2.278371
2.278371
2.278371
2.278371
2.278371
2.278371
2.278371
2.278371
2.278371
2.278371
2.278371
2.278371
2.278371
2.278371
2.278371
2.278371
2.278371
2.278371
2.278371
2.278371
2.278371
2.278371
2.278371
2.278371
2.278371
2.278371
2.278371
2.278371
2.278371
2.278371
2.278371
2.278371
2.278371
2.278371
2.278371
2.278371
2.278371
2.278371
2.278371
2.278371
2.278371
2.278371
2.278371
2.278371
2.278371
2.278371
2.278371
2.278371
2.278371
2.278371
2.278371
2.278371
2.278371
2.278371
2.278371
2.278371
2.278371
2.278371
2.278371
2.278371
2.278371
2.278371
2.278371
2.278371
2.278371
2.278371
2.278371
2.278371
2.278371
2.278371
2.278371
2.278371
2.278371
2.278371
2.278371
2.278371
2.278371
2.278371
2.278371
2.278371
2.278371
2.278371
2.278371
2.278371
2.278371
2.278371
2.278371
2.278371
2.278371
2.278371
2.278371
2.278371
2.278371
2.278371
2.278371
2.278371
2.278371
2.278371
2.278371
2.278371
2.278371
2.278371
2.278371
2.278371
2.275572
2.275572
2.275572
2.275572
2.275572
2.275572
2.275572
2.275572
2.275572
2.275572
2.275572
2.275572
2.275572
2.275572
2.275572
2.275572
2.275572
2.275572
2.275572
2.275572
2.275572
2.275572
2.275572
2.275572
2.275572
2.275572
2.275572
2.275572
2.275572
2.273847
2.273847
2.273847
2.273847
2.273847
2.273847
2.273847
2.273847
2.273847
2.273847
2.273847
2.273847
2.273847
2.273847
2.273847
2.273847
2.273847
2.273847
2.273847
2.273847
2.273847
2.273847
2.273847
2.273847
2.273847
2.273847
2.273847
2.273847
2.273847
2.273847
2.273847
2.273847
2.273847
2.273847
2.273847
2.273847
2.273847
2.273847
2.273847
2.273847
2.273847
2.273847
2.273847
2.273847
2.273847
2.273847
2.273847
2.273847
2.273847
2.273847
2.273847
2.273847
2.273847
2.273847
2.273847
2.273847
2.273847
2.273847
2.273847
2.273847
2.273847
2.273847
2.273847
2.273847
2.273847
2.273847
2.273847
2.273847
2.252132
2.252132
2.252132
2.252132
2.252132
2.252132
2.252132
2.252132
2.252132
2.252132
2.252132
2.252132
2.252132
2.252132
2.252132
2.252132
2.252132
2.252132
2.252132
2.252132
2.252132
2.252132
2.252132
2.252132
2.252132
2.252132
2.252132
2.252132
2.252132
2.252132
2.252132
2.252132
2.252132
2.252132
2.252132
2.252132
2.252132
2.252132
2.252132
2.252132
2.252132
2.252132
2.252132
2.252132
2.252132
2.252132
2.252132
2.252132
2.252132
2.252132
2.252132
2.252132
2.252132
2.252132
2.252132
2.252132
2.252132
2.252132
2.252132
2.252132
2.252132
2.252132
2.252132
2.252132
2.252132
2.252132
2.252132
2.252132
2.252132
2.252132
2.252132
2.252132
2.252132
2.252132
2.252132
2.252132
2.252132
2.252132
2.252132
2.252132
2.252132
2.252132
2.252132
2.252132
2.252132
2.252132
2.252132
2.252132
2.252132
2.252132
2.252132
2.252132
2.252132
2.252132
2.252132
2.252132
2.252132
2.252132
2.252132
2.252132
2.252132
2.252132
2.252132
2.252132
2.252132
2.252132
2.252132
2.252132
2.252132
2.252132
