0.000000, 0.000000, 0.000000, 0.000000, 0.000000, 0.000000, 0.000000, 0.000000
0.000000, 0.000000, 0.000000, 0.000000, 0.000000, 0.000000, 0.000000, 0.000000
0.000000, 0.000000, 0.000000, 0.000000, 0.000000, 0.000000, 0.000000, 0.000000
0.000000, 0.000000, 0.000000, 0.000000, 0.000000, 0.000000, 0.000000, 0.000000
0.000000, 0.000000, 0.000000, 0.000000, 0.000000, 0.000000, 0.000000, 0.000000
0.000000, 0.000000, 0.000000, 0.000000, 0.000000, 0.000000, 0.000000, 0.000000
0.000000, 0.000000, 0.000000, 0.000000, 0.000000, 0.000000, 0.000000, 0.000000
0.000000, 0.000000, 0.000000, 0.000000, 0.000000, 0.000000, 0.000000, 0.000000
0.101469, -0.011985, -0.034578, -0.015514, 0.007523, 0.090862, 0.037895, -0.046489
0.970494, -0.044102, -0.074685, 0.064909, -0.024004, 0.762599, 0.342557, -0.014887
0.893865, -0.005591, -0.135114, 0.028399, -0.012393, 0.382836, 0.720285, -0.041953
0.484617, 0.013897, -0.358313, 0.004926, -0.052094, 0.223233, 0.949038, -0.109627
-0.576456, -0.054155, -0.935656, 0.077755, -0.379718, -0.183297, 0.998425, -0.563784
-0.479276, -0.064980, -0.941948, 0.080795, -0.389641, -0.194384, 0.998510, -0.557601
-0.365732, -0.066244, -0.945489, 0.077431, -0.397131, -0.171248, 0.998596, -0.568878
-0.344377, -0.064497, -0.945466, 0.077237, -0.396151, -0.159693, 0.998595, -0.568963
-0.321287, -0.064632, -0.945483, 0.086999, -0.388658, -0.136679, 0.998596, -0.568272
0.322973, -0.045576, -0.941009, 0.088168, -0.280679, 0.158324, 0.998441, -0.551086
0.793850, -0.045767, -0.925417, -0.019619, 0.037235, 0.521565, 0.997889, -0.481124
0.897082, -0.030611, -0.850624, -0.164160, 0.342293, 0.668918, 0.994739, -0.304986
0.929738, -0.015445, -0.761813, -0.298128, 0.506797, 0.695253, 0.988500, -0.200963
0.942526, 0.004385, -0.724539, -0.456066, 0.629650, 0.690934, 0.983000, -0.160879
0.934873, 0.013806, -0.712023, -0.585569, 0.706997, 0.647658, 0.978740, -0.128220
0.912694, 0.018997, -0.723531, -0.684882, 0.757085, 0.594417, 0.976910, -0.118563
0.886133, 0.016591, -0.754983, -0.770266, 0.802815, 0.555894, 0.978757, -0.121291
0.860079, 0.008804, -0.789423, -0.830361, 0.836888, 0.523727, 0.981281, -0.124003
0.830682, -0.000836, -0.808550, -0.863207, 0.856595, 0.493576, 0.982567, -0.125574
0.808222, -0.010869, -0.818234, -0.880857, 0.866351, 0.479280, 0.982859, -0.120703
0.798797, -0.017809, -0.820046, -0.888965, 0.869701, 0.480344, 0.982388, -0.102615
0.797200, -0.021749, -0.811971, -0.888045, 0.866917, 0.487830, 0.980553, -0.030857
0.797181, -0.017868, -0.793044, -0.879077, 0.856422, 0.492857, 0.976721, 0.087659
0.795051, -0.011112, -0.766474, -0.863378, 0.840799, 0.492133, 0.970711, 0.232253
0.787033, 0.006765, -0.732683, -0.844218, 0.819974, 0.474340, 0.962347, 0.380577
0.769670, 0.021958, -0.695452, -0.825670, 0.798210, 0.447961, 0.952196, 0.499750
0.747403, 0.030410, -0.662288, -0.811544, 0.781132, 0.419389, 0.942160, 0.594715
0.723922, 0.036932, -0.638231, -0.802189, 0.769970, 0.401688, 0.933347, 0.667726
0.704197, 0.039394, -0.622486, -0.798180, 0.765444, 0.384091, 0.926561, 0.722370
0.688998, 0.039192, -0.612612, -0.798676, 0.763219, 0.371171, 0.922302, 0.764167
0.679742, 0.040024, -0.608368, -0.801659, 0.763172, 0.364338, 0.919664, 0.795627
0.675854, 0.043165, -0.609219, -0.806296, 0.765059, 0.358593, 0.918539, 0.819931
0.677483, 0.046451, -0.612341, -0.811524, 0.769368, 0.356656, 0.918815, 0.838954
0.682655, 0.047456, -0.618440, -0.816603, 0.774751, 0.358067, 0.919654, 0.853975
0.689556, 0.050457, -0.623294, -0.821249, 0.780177, 0.361879, 0.920876, 0.865792
0.696748, 0.055859, -0.627338, -0.824734, 0.784797, 0.366587, 0.922216, 0.874026
0.703595, 0.061473, -0.630485, -0.827409, 0.789196, 0.370504, 0.923589, 0.879872
0.708424, 0.068229, -0.631530, -0.828717, 0.792189, 0.374504, 0.924339, 0.882848
0.711005, 0.076047, -0.630764, -0.828479, 0.793615, 0.377254, 0.924425, 0.882707
0.713871, 0.085114, -0.629391, -0.828059, 0.794874, 0.379313, 0.924556, 0.881432
0.717329, 0.096369, -0.627253, -0.827417, 0.796098, 0.382852, 0.924674, 0.880039
0.720469, 0.107690, -0.624018, -0.826834, 0.797197, 0.385792, 0.924698, 0.878405
0.723856, 0.122720, -0.619968, -0.825958, 0.798595, 0.389920, 0.924718, 0.876375
0.727444, 0.137221, -0.615022, -0.824897, 0.800050, 0.392810, 0.924623, 0.874268
0.730556, 0.152906, -0.609823, -0.823739, 0.801023, 0.395791, 0.924413, 0.871947
0.733781, 0.170429, -0.603545, -0.821811, 0.801871, 0.398869, 0.923922, 0.868964
0.736867, 0.187112, -0.597153, -0.820124, 0.803414, 0.401516, 0.923618, 0.866487
0.739717, 0.204518, -0.588866, -0.818380, 0.804791, 0.403433, 0.923120, 0.864132
0.741814, 0.223045, -0.579078, -0.815893, 0.805691, 0.404834, 0.922392, 0.861528
0.744077, 0.239857, -0.568610, -0.813768, 0.806919, 0.406449, 0.921735, 0.859265
0.746175, 0.259652, -0.556920, -0.811412, 0.807990, 0.407504, 0.920978, 0.857049
0.747679, 0.279148, -0.545243, -0.808909, 0.808864, 0.408967, 0.920237, 0.855127
0.749488, 0.298876, -0.531623, -0.806118, 0.810078, 0.409293, 0.919505, 0.853608
0.751338, 0.317341, -0.517964, -0.803416, 0.811348, 0.410063, 0.918768, 0.852550
0.752294, 0.334666, -0.501289, -0.800421, 0.812373, 0.410078, 0.917703, 0.851295
0.752607, 0.350922, -0.484645, -0.797536, 0.813299, 0.409928, 0.916705, 0.850183
0.753716, 0.366108, -0.470007, -0.795239, 0.814588, 0.410680, 0.915949, 0.849955
0.753722, 0.380792, -0.452983, -0.792417, 0.815690, 0.410111, 0.915063, 0.849690
0.754355, 0.395245, -0.435722, -0.789925, 0.816787, 0.410330, 0.914280, 0.849777
0.754539, 0.408206, -0.419648, -0.787494, 0.818078, 0.410117, 0.913564, 0.850047
0.754373, 0.419496, -0.402983, -0.785136, 0.818932, 0.409839, 0.912699, 0.850199
0.754565, 0.430287, -0.386742, -0.783011, 0.820250, 0.409471, 0.912058, 0.850799
0.754257, 0.440556, -0.371398, -0.781161, 0.821375, 0.409404, 0.911540, 0.851553
0.753812, 0.450017, -0.356018, -0.779583, 0.822425, 0.409470, 0.910864, 0.852339
0.753584, 0.458820, -0.341350, -0.778186, 0.823656, 0.408908, 0.910457, 0.853378
0.753312, 0.466694, -0.327413, -0.777125, 0.824959, 0.409829, 0.910061, 0.854244
0.752692, 0.473994, -0.313205, -0.775522, 0.825902, 0.410723, 0.909542, 0.854940
0.752027, 0.480381, -0.299666, -0.774062, 0.827062, 0.410706, 0.909103, 0.855826
0.751004, 0.485745, -0.287985, -0.772784, 0.827900, 0.410822, 0.908645, 0.856430
0.750354, 0.491204, -0.276868, -0.771505, 0.828762, 0.410390, 0.908261, 0.857157
0.749757, 0.496212, -0.266274, -0.770305, 0.829491, 0.409687, 0.907873, 0.857731
0.749061, 0.501167, -0.255407, -0.769397, 0.830276, 0.409910, 0.907535, 0.858441


0.000000, 0.000000, 0.000000, 0.000000, 0.000000, 0.000000, 0.000000, 0.000000
0.000000, 0.000000, 0.000000, 0.000000, 0.000000, 0.000000, 0.000000, 0.000000
0.000000, 0.000000, 0.000000, 0.000000, 0.000000, 0.000000, 0.000000, 0.000000
0.000000, 0.000000, 0.000000, 0.000000, 0.000000, 0.000000, 0.000000, 0.000000
0.000000, 0.000000, 0.000000, 0.000000, 0.000000, 0.000000, 0.000000, 0.000000
0.000000, 0.000000, 0.000000, 0.000000, 0.000000, 0.000000, 0.000000, 0.000000
0.000000, 0.000000, 0.000000, 0.000000, 0.000000, 0.000000, 0.000000, 0.000000
0.538609, -0.004176, -0.020073, 0.069545, -0.002386, 0.483230, 0.051378, 0.040014
0.905572, -0.004155, -0.202960, 0.032267, -0.026967, 0.710391, 0.652368, 0.010959
-0.469333, 0.019046, -0.286796, -0.012154, -0.000476, -0.249188, 0.829016, -0.016843
-0.922032, -0.004681, -0.487936, -0.007282, 0.016260, -0.424159, 0.799286, 0.052676
-0.685735, 0.009153, -0.724620, 0.004833, 0.032386, -0.283589, 0.933975, 0.114097
-0.285672, -0.006369, -0.951583, -0.084502, 0.154579, -0.103935, 0.991615, 0.255479
0.098135, -0.001762, -0.959408, -0.108575, 0.184227, -0.012361, 0.993072, 0.271365
0.177385, 0.001145, -0.959573, -0.109441, 0.186113, 0.010634, 0.993103, 0.271470
0.376646, 0.002899, -0.958233, -0.106658, 0.215861, 0.149156, 0.992872, 0.268479
0.720786, 0.006842, -0.949923, -0.185721, 0.412883, 0.553081, 0.991421, 0.235888
0.849933, 0.008480, -0.924516, -0.291949, 0.585266, 0.733529, 0.986243, 0.177530
0.910330, 0.014718, -0.881472, -0.363978, 0.665891, 0.783301, 0.975518, 0.116724
0.942212, 0.019013, -0.849265, -0.461121, 0.747531, 0.799805, 0.964999, 0.079568
0.932887, 0.033613, -0.820893, -0.529755, 0.793104, 0.738846, 0.956329, 0.059142
0.871068, 0.043237, -0.803985, -0.578830, 0.816130, 0.618427, 0.951758, 0.037140
0.758543, 0.039374, -0.841476, -0.677295, 0.862364, 0.540554, 0.962414, 0.028009
0.617141, 0.023248, -0.885390, -0.773666, 0.902752, 0.496796, 0.974116, 0.026016
0.528804, 0.001994, -0.902743, -0.819505, 0.916314, 0.450562, 0.978060, 0.024106
0.550825, -0.005899, -0.905273, -0.837303, 0.916470, 0.434441, 0.978121, 0.023827
0.637535, -0.006872, -0.903349, -0.844641, 0.913632, 0.457602, 0.976929, 0.022555
0.733986, -0.004523, -0.897938, -0.846335, 0.910905, 0.511827, 0.974760, 0.024059
0.807629, -0.006424, -0.888512, -0.842270, 0.908170, 0.572763, 0.970969, 0.028122
0.851577, -0.004713, -0.873605, -0.831058, 0.904197, 0.612231, 0.964923, 0.071741
0.869017, 0.010725, -0.849946, -0.810015, 0.895352, 0.623750, 0.954696, 0.180772
0.866739, 0.028581, -0.818471, -0.779276, 0.881705, 0.608730, 0.939449, 0.322714
0.853341, 0.053821, -0.785978, -0.750530, 0.867982, 0.577266, 0.922337, 0.449394
0.832791, 0.072670, -0.756662, -0.729878, 0.857529, 0.540367, 0.906626, 0.545416
0.811182, 0.087180, -0.736085, -0.720406, 0.852693, 0.511513, 0.895181, 0.610981
0.792143, 0.099998, -0.724807, -0.716674, 0.851894, 0.489888, 0.887979, 0.656836
0.778275, 0.109704, -0.719823, -0.717263, 0.853555, 0.473426, 0.883062, 0.684931
0.771321, 0.136007, -0.712558, -0.715694, 0.850453, 0.466476, 0.878184, 0.690414
0.763028, 0.174550, -0.683890, -0.693312, 0.836338, 0.465003, 0.860142, 0.653677
0.753206, 0.202190, -0.655040, -0.665903, 0.819084, 0.448940, 0.841524, 0.609559
0.735454, 0.253110, -0.578649, -0.619028, 0.783643, 0.429242, 0.794072, 0.481307
0.725072, 0.290513, -0.532853, -0.577175, 0.750974, 0.390710, 0.756901, 0.359957
0.709187, 0.339997, -0.484571, -0.529151, 0.719984, 0.377890, 0.714618, 0.230246
0.704316, 0.364568, -0.440081, -0.495570, 0.684082, 0.357203, 0.680694, 0.073900
0.693344, 0.389491, -0.385688, -0.448326, 0.648594, 0.339281, 0.629513, -0.101808
0.688666, 0.398220, -0.360421, -0.440834, 0.628554, 0.351174, 0.595005, -0.246631
0.683180, 0.417068, -0.341282, -0.441326, 0.616599, 0.353990, 0.546865, -0.400953
0.683896, 0.439438, -0.307756, -0.425250, 0.603722, 0.336767, 0.533361, -0.511889
0.694809, 0.468941, -0.265154, -0.422015, 0.599866, 0.336163, 0.528796, -0.606309
0.702821, 0.486262, -0.228817, -0.429245, 0.606041, 0.361303, 0.532042, -0.676312
0.722079, 0.516110, -0.195441, -0.447100, 0.623208, 0.386380, 0.540219, -0.733870
0.753218, 0.547156, -0.175095, -0.455452, 0.652560, 0.413731, 0.559268, -0.780339
0.769318, 0.579869, -0.143909, -0.445222, 0.677869, 0.429569, 0.582031, -0.809023
0.790854, 0.616164, -0.122751, -0.448240, 0.697548, 0.472778, 0.600956, -0.818285
0.794399, 0.613655, -0.097843, -0.443420, 0.702424, 0.493720, 0.598248, -0.815466
0.795636, 0.616057, -0.091879, -0.456697, 0.719741, 0.496710, 0.603645, -0.802245
0.807057, 0.628522, -0.080748, -0.472573, 0.741094, 0.501439, 0.627621, -0.773148
0.811740, 0.614683, -0.090870, -0.486425, 0.750605, 0.499208, 0.643046, -0.724749
0.811605, 0.589881, -0.106222, -0.490682, 0.763680, 0.505394, 0.652567, -0.664342
0.808514, 0.559112, -0.130123, -0.492705, 0.770575, 0.503969, 0.649695, -0.593164
0.812214, 0.533203, -0.151594, -0.513940, 0.788321, 0.513278, 0.661603, -0.507893
0.816829, 0.503793, -0.166442, -0.542867, 0.809923, 0.529876, 0.680587, -0.416491
0.824080, 0.468498, -0.193092, -0.578715, 0.828511, 0.534881, 0.698796, -0.312420
0.835808, 0.434540, -0.229031, -0.613724, 0.851173, 0.541488, 0.724145, -0.200769
0.842478, 0.395164, -0.268233, -0.639240, 0.866577, 0.544937, 0.741071, -0.090264
0.849029, 0.355991, -0.303385, -0.664249, 0.879892, 0.551304, 0.756951, 0.017770
0.855393, 0.313213, -0.340591, -0.689144, 0.891970, 0.558457, 0.770624, 0.123381
0.862477, 0.271725, -0.376854, -0.711876, 0.903513, 0.568076, 0.785329, 0.223377
0.868489, 0.224365, -0.410600, -0.733127, 0.913076, 0.578579, 0.797754, 0.311842
0.872167, 0.179636, -0.438514, -0.748319, 0.919512, 0.584054, 0.806185, 0.383343
0.875465, 0.135968, -0.464120, -0.761013, 0.924638, 0.589401, 0.813663, 0.443133
0.877936, 0.095004, -0.486792, -0.770616, 0.928791, 0.592421, 0.819032, 0.491360
0.880520, 0.057781, -0.508850, -0.779672, 0.932411, 0.596336, 0.824525, 0.531442
0.882475, 0.023696, -0.526800, -0.786355, 0.935065, 0.598175, 0.827877, 0.562095
0.883525, -0.006120, -0.541102, -0.791853, 0.937023, 0.600424, 0.830113, 0.586993
0.884655, -0.032408, -0.554986, -0.796856, 0.938786, 0.602643, 0.832121, 0.608820
0.885201, -0.050849, -0.564845, -0.799731, 0.939803, 0.603784, 0.833234, 0.623500
0.885582, -0.067573, -0.574577, -0.802034, 0.940771, 0.605017, 0.834033, 0.636514
0.886112, -0.080183, -0.583027, -0.804191, 0.941624, 0.606515, 0.834841, 0.647468
0.886441, -0.091128, -0.589508, -0.805583, 0.942264, 0.607655, 0.835339, 0.657086


0.000000, 0.000000, 0.000000, 0.000000, 0.000000, 0.000000, 0.000000, 0.000000
0.000000, 0.000000, 0.000000, 0.000000, 0.000000, 0.000000, 0.000000, 0.000000
0.000000, 0.000000, 0.000000, 0.000000, 0.000000, 0.000000, 0.000000, 0.000000
0.000000, 0.000000, 0.000000, 0.000000, 0.000000, 0.000000, 0.000000, 0.000000
0.000000, 0.000000, 0.000000, 0.000000, 0.000000, 0.000000, 0.000000, 0.000000
0.000000, 0.000000, 0.000000, 0.000000, 0.000000, 0.000000, 0.000000, 0.000000
0.000000, 0.000000, 0.000000, 0.000000, 0.000000, 0.000000, 0.000000, 0.000000
0.000000, 0.000000, 0.000000, 0.000000, 0.000000, 0.000000, 0.000000, 0.000000
0.000000, 0.000000, 0.000000, 0.000000, 0.000000, 0.000000, 0.000000, 0.000000
0.957765, 0.007303, -0.126725, 0.039545, -0.016195, 0.686067, 0.345075, -0.023648
0.975293, -0.008483, -0.340181, 0.054292, -0.009933, 0.728074, 0.840695, 0.008184
0.933182, 0.021490, -0.365898, 0.025902, 0.016154, 0.429866, 0.896484, -0.028047
0.801956, 0.024852, -0.470681, 0.031460, 0.009237, 0.253051, 0.953614, -0.079354
0.590625, 0.009858, -0.821236, 0.119060, -0.061751, 0.155502, 0.992813, -0.230765
0.033537, 0.000550, -0.925852, 0.216182, -0.153288, -0.017851, 0.997519, -0.363456
0.200549, -0.002800, -0.926297, 0.228436, -0.093735, 0.188038, 0.997508, -0.364732
0.822755, 0.009685, -0.901040, 0.157016, 0.351750, 0.747452, 0.996401, -0.319397
0.905502, 0.017119, -0.770386, 0.059880, 0.567550, 0.827559, 0.988348, -0.190295
0.939401, 0.013110, -0.614739, 0.024174, 0.619273, 0.831764, 0.966744, -0.119799
0.969403, 0.027975, -0.595249, 0.033865, 0.734741, 0.862636, 0.950156, -0.087226
0.969695, 0.036878, -0.581732, 0.061331, 0.791846, 0.829224, 0.935630, -0.075172
0.940332, 0.043625, -0.551542, 0.058636, 0.801167, 0.711481, 0.917915, -0.066911
0.905658, 0.050711, -0.610884, 0.016708, 0.849817, 0.646747, 0.932466, -0.066120
0.886930, 0.047612, -0.716299, -0.059613, 0.902538, 0.629171, 0.955929, -0.087557
0.877585, 0.038429, -0.784616, -0.165875, 0.928655, 0.610663, 0.967623, -0.099751
0.870701, 0.032937, -0.812493, -0.270762, 0.936708, 0.588935, 0.971160, -0.103787
0.872677, 0.030225, -0.821690, -0.353804, 0.938950, 0.586421, 0.971670, -0.101560
0.883847, 0.028692, -0.821761, -0.409491, 0.938752, 0.611227, 0.970304, -0.094014
0.900526, 0.020566, -0.813413, -0.439611, 0.936631, 0.651358, 0.966734, -0.070763
0.912145, 0.018784, -0.792230, -0.445722, 0.930579, 0.677174, 0.959110, 0.018105
0.912199, 0.029119, -0.756902, -0.434238, 0.918046, 0.676739, 0.944800, 0.184958
0.900751, 0.041414, -0.708857, -0.403271, 0.898365, 0.644214, 0.921732, 0.362182
0.882574, 0.063026, -0.659101, -0.374955, 0.877365, 0.602464, 0.894333, 0.498119
0.860568, 0.077199, -0.619249, -0.361808, 0.859933, 0.557297, 0.869042, 0.593602
0.839428, 0.091241, -0.592768, -0.362604, 0.850045, 0.522350, 0.850906, 0.663842
0.821670, 0.105623, -0.580438, -0.367093, 0.846821, 0.497610, 0.839046, 0.714714
0.809209, 0.108904, -0.576557, -0.377384, 0.848098, 0.479568, 0.832121, 0.749726
0.803913, 0.130878, -0.573319, -0.388277, 0.847905, 0.472825, 0.829526, 0.769006
0.802926, 0.168588, -0.559584, -0.385179, 0.843827, 0.481256, 0.819551, 0.767035
0.799993, 0.196784, -0.544207, -0.374630, 0.835787, 0.479358, 0.807981, 0.756670
0.795694, 0.250500, -0.497028, -0.359148, 0.820339, 0.472687, 0.777175, 0.705461
0.787951, 0.292062, -0.459777, -0.335801, 0.797863, 0.440126, 0.746183, 0.628557
0.777241, 0.345183, -0.424546, -0.304632, 0.776079, 0.426849, 0.714612, 0.540750
0.773498, 0.376856, -0.384344, -0.289981, 0.750086, 0.406336, 0.689716, 0.416905
0.766943, 0.407567, -0.340189, -0.259876, 0.726242, 0.384049, 0.652837, 0.249158
0.761118, 0.416496, -0.312292, -0.264377, 0.708869, 0.393197, 0.623944, 0.079693
0.759407, 0.429951, -0.296538, -0.279117, 0.701431, 0.402103, 0.590559, -0.113293
0.760722, 0.453470, -0.273449, -0.273930, 0.694072, 0.393390, 0.579177, -0.273268
0.768994, 0.483108, -0.244620, -0.277895, 0.693275, 0.394087, 0.578604, -0.412982
0.774733, 0.500616, -0.217973, -0.285864, 0.697734, 0.411586, 0.579608, -0.518837
0.788066, 0.528317, -0.192512, -0.303885, 0.708551, 0.434659, 0.589158, -0.604993
0.809299, 0.557309, -0.176058, -0.309439, 0.729852, 0.457394, 0.602716, -0.674199
0.821088, 0.586055, -0.148030, -0.297461, 0.749796, 0.474782, 0.620182, -0.719305
0.836661, 0.620086, -0.129590, -0.293146, 0.765348, 0.516528, 0.638226, -0.737296
0.838886, 0.616354, -0.108323, -0.283070, 0.767623, 0.532553, 0.635523, -0.735644
0.837909, 0.618560, -0.098040, -0.291069, 0.776382, 0.533755, 0.638192, -0.718375
0.845973, 0.629165, -0.084966, -0.299071, 0.790314, 0.543219, 0.655292, -0.674701
0.847702, 0.615962, -0.094202, -0.304747, 0.792951, 0.540920, 0.664440, -0.601503
0.844718, 0.590926, -0.100602, -0.301969, 0.798101, 0.542728, 0.668452, -0.511532
0.842890, 0.562246, -0.124632, -0.297729, 0.802717, 0.541057, 0.666361, -0.407894
0.844089, 0.536596, -0.144671, -0.315580, 0.815276, 0.547317, 0.673496, -0.282430
0.846966, 0.506719, -0.151356, -0.334983, 0.831649, 0.560016, 0.687469, -0.146974
0.850903, 0.470989, -0.176590, -0.368311, 0.845184, 0.561041, 0.702534, -0.010869
0.859620, 0.435831, -0.206886, -0.398086, 0.863674, 0.565544, 0.724857, 0.129586
0.864017, 0.396976, -0.241913, -0.419683, 0.875245, 0.567906, 0.738518, 0.248660
0.869594, 0.357048, -0.275485, -0.444030, 0.886912, 0.573771, 0.752895, 0.355235
0.874753, 0.314398, -0.307952, -0.469183, 0.897970, 0.578615, 0.766076, 0.450109
0.880034, 0.270332, -0.341005, -0.492491, 0.907558, 0.588928, 0.778873, 0.528478
0.884391, 0.224855, -0.368250, -0.514010, 0.915334, 0.595513, 0.789909, 0.590876
0.887239, 0.180170, -0.395068, -0.530955, 0.920841, 0.598873, 0.797549, 0.637327
0.890215, 0.137786, -0.420103, -0.546314, 0.925788, 0.601783, 0.804624, 0.674530
0.892051, 0.099016, -0.442232, -0.557777, 0.929218, 0.603991, 0.809513, 0.702663
0.893853, 0.064633, -0.461532, -0.569319, 0.932320, 0.606866, 0.814020, 0.725084
0.894848, 0.032556, -0.478518, -0.577734, 0.934584, 0.607836, 0.816919, 0.741545
0.895698, 0.004977, -0.493672, -0.585296, 0.936463, 0.608910, 0.819345, 0.754946
0.896759, -0.020072, -0.508960, -0.591088, 0.938210, 0.610843, 0.821595, 0.766858
0.897312, -0.038025, -0.520400, -0.596054, 0.939292, 0.612355, 0.823084, 0.775303
0.897832, -0.052922, -0.529234, -0.599460, 0.940174, 0.613635, 0.824097, 0.782016
0.898417, -0.065747, -0.538190, -0.602947, 0.941128, 0.614966, 0.825264, 0.788781
0.898779, -0.076670, -0.544905, -0.604971, 0.941770, 0.615722, 0.825836, 0.793551


0.000000, 0.000000, 0.000000, 0.000000, 0.000000, 0.000000, 0.000000, 0.000000
0.000000, 0.000000, 0.000000, 0.000000, 0.000000, 0.000000, 0.000000, 0.000000
0.000000, 0.000000, 0.000000, 0.000000, 0.000000, 0.000000, 0.000000, 0.000000
0.000000, 0.000000, 0.000000, 0.000000, 0.000000, 0.000000, 0.000000, 0.000000
0.000000, 0.000000, 0.000000, 0.000000, 0.000000, 0.000000, 0.000000, 0.000000
0.000000, 0.000000, 0.000000, 0.000000, 0.000000, 0.000000, 0.000000, 0.000000
0.000000, 0.000000, 0.000000, 0.000000, 0.000000, 0.000000, 0.000000, 0.000000
0.538609, -0.004176, -0.020073, 0.069545, -0.002386, 0.483230, 0.051378, 0.040014
0.905572, -0.004155, -0.202960, 0.032267, -0.026967, 0.710391, 0.652368, 0.010959
-0.472713, 0.017097, -0.278988, -0.011276, -0.000304, -0.250222, 0.823111, -0.016830
-0.946334, -0.005708, -0.519059, -0.017240, 0.024640, -0.508944, 0.815109, 0.063216
-0.836235, 0.001566, -0.722278, -0.003418, 0.047631, -0.348296, 0.914248, 0.139237
-0.632818, -0.000055, -0.908546, -0.075850, 0.118488, -0.182980, 0.976430, 0.253021
-0.111120, -0.004803, -0.950935, -0.140831, 0.203004, -0.040203, 0.987522, 0.335002
0.176538, 0.003919, -0.954988, -0.149535, 0.224804, 0.023583, 0.988529, 0.343723
0.369973, 0.004098, -0.953810, -0.155474, 0.244862, 0.136721, 0.988197, 0.343153
0.656398, 0.008840, -0.948228, -0.237925, 0.399353, 0.458741, 0.986734, 0.321954
0.794626, 0.007076, -0.935522, -0.375157, 0.559614, 0.653989, 0.982620, 0.285122
0.866341, 0.010567, -0.918145, -0.507777, 0.657419, 0.714535, 0.975668, 0.239395
0.873553, 0.022044, -0.901282, -0.665457, 0.725093, 0.682675, 0.967669, 0.199231
0.730226, 0.026257, -0.879823, -0.758779, 0.736448, 0.512740, 0.957753, 0.163342
0.159149, 0.013013, -0.873456, -0.824189, 0.735857, 0.285838, 0.953543, 0.152638
-0.518023, -0.007078, -0.881860, -0.872328, 0.726475, 0.088627, 0.955182, 0.159951
-0.713801, -0.025941, -0.884862, -0.894739, 0.682829, -0.033104, 0.953738, 0.176766
-0.733637, -0.033914, -0.883389, -0.905214, 0.618874, -0.072249, 0.950147, 0.187855
-0.687924, -0.035130, -0.884892, -0.913843, 0.561325, -0.049722, 0.948084, 0.192291
-0.586915, -0.032912, -0.888722, -0.922163, 0.527606, 0.015483, 0.947603, 0.196297
-0.407258, -0.028871, -0.892841, -0.929218, 0.522362, 0.109105, 0.947310, 0.197672
-0.149143, -0.022850, -0.895467, -0.935356, 0.539722, 0.206399, 0.946310, 0.181760
0.097351, -0.016220, -0.896595, -0.940031, 0.569883, 0.274541, 0.944136, 0.150408
0.251220, -0.007503, -0.893461, -0.943266, 0.597702, 0.303685, 0.939856, 0.134908
0.293193, 0.008569, -0.888799, -0.945496, 0.615459, 0.301208, 0.934523, 0.133221
0.253960, 0.023128, -0.882883, -0.947496, 0.622007, 0.274376, 0.928697, 0.112993
0.165054, 0.037045, -0.876774, -0.948878, 0.620118, 0.238277, 0.922991, 0.058376
0.060946, 0.045160, -0.867402, -0.948572, 0.602168, 0.194272, 0.914799, -0.046111
-0.024857, 0.056759, -0.855169, -0.946709, 0.573294, 0.150831, 0.904541, -0.185960
-0.078028, 0.061212, -0.842985, -0.944225, 0.542468, 0.122979, 0.893714, -0.335425
-0.083283, 0.075101, -0.828240, -0.939816, 0.502749, 0.106318, 0.880379, -0.463275
-0.023298, 0.104460, -0.780293, -0.920862, 0.441363, 0.118019, 0.840368, -0.542939
0.014866, 0.122059, -0.746131, -0.906909, 0.406370, 0.118215, 0.812673, -0.601802
0.089489, 0.162780, -0.664842, -0.874523, 0.352527, 0.139255, 0.745615, -0.635915
0.143203, 0.196232, -0.633171, -0.856657, 0.331751, 0.139041, 0.715314, -0.670682
0.166296, 0.253354, -0.567096, -0.822703, 0.295040, 0.154582, 0.646650, -0.693495
0.209121, 0.270926, -0.526369, -0.796647, 0.253025, 0.166314, 0.597967, -0.720800
0.240482, 0.305691, -0.469625, -0.756253, 0.230543, 0.169249, 0.530314, -0.738891
0.260694, 0.325628, -0.442873, -0.741568, 0.228994, 0.184151, 0.490683, -0.766420
0.273366, 0.348643, -0.418425, -0.727603, 0.221348, 0.184681, 0.435474, -0.796680
0.302910, 0.377036, -0.376721, -0.707783, 0.215649, 0.162579, 0.425401, -0.820057
0.346696, 0.408062, -0.321753, -0.694785, 0.222803, 0.175220, 0.414608, -0.843723
0.380447, 0.429469, -0.279623, -0.691987, 0.248008, 0.210014, 0.428615, -0.861824
0.421721, 0.468970, -0.233363, -0.702504, 0.277766, 0.228002, 0.442087, -0.878391
0.479690, 0.505767, -0.196193, -0.710944, 0.310253, 0.249744, 0.452241, -0.896270
0.506656, 0.540837, -0.151949, -0.713046, 0.345372, 0.266434, 0.468295, -0.905767
0.547141, 0.581701, -0.126695, -0.724109, 0.376475, 0.317567, 0.483893, -0.910049
0.555889, 0.581669, -0.094621, -0.732076, 0.392755, 0.348010, 0.484766, -0.909346
0.559648, 0.585330, -0.094080, -0.752379, 0.439009, 0.354083, 0.505159, -0.906811
0.578877, 0.598107, -0.090441, -0.771429, 0.480262, 0.350557, 0.537408, -0.900480
0.582125, 0.581674, -0.105517, -0.789846, 0.499895, 0.342078, 0.559217, -0.888087
0.569432, 0.549947, -0.113006, -0.796875, 0.516034, 0.342825, 0.562336, -0.872069
0.554753, 0.515371, -0.132183, -0.804351, 0.527909, 0.342218, 0.560233, -0.856668
0.544585, 0.489695, -0.155277, -0.823684, 0.555403, 0.347850, 0.572384, -0.844553
0.535784, 0.457104, -0.169625, -0.845064, 0.596300, 0.355786, 0.592412, -0.834581
0.545454, 0.421285, -0.200263, -0.869571, 0.641903, 0.357593, 0.624171, -0.829003
0.550399, 0.386025, -0.240448, -0.887310, 0.680079, 0.358088, 0.648150, -0.823014
0.557161, 0.345805, -0.285345, -0.901793, 0.714224, 0.360034, 0.671130, -0.817623
0.562070, 0.304300, -0.326070, -0.912675, 0.741728, 0.363285, 0.690325, -0.811743
0.567683, 0.262212, -0.364976, -0.922501, 0.767826, 0.367997, 0.706811, -0.806808
0.574399, 0.219112, -0.402714, -0.930369, 0.789923, 0.374187, 0.720307, -0.801639
0.582545, 0.174246, -0.437074, -0.937538, 0.810691, 0.383679, 0.735012, -0.798190
0.588793, 0.132548, -0.467537, -0.942574, 0.826753, 0.389486, 0.746180, -0.793177
0.593348, 0.090802, -0.494494, -0.946212, 0.838510, 0.392874, 0.754097, -0.787281
0.597249, 0.051904, -0.519184, -0.949440, 0.849186, 0.396198, 0.761601, -0.781658
0.603889, 0.016315, -0.542550, -0.952412, 0.858487, 0.402504, 0.768727, -0.777501
0.607834, -0.012084, -0.561756, -0.954458, 0.865462, 0.407653, 0.774156, -0.772330
0.611450, -0.037626, -0.576799, -0.955882, 0.870801, 0.411898, 0.777828, -0.766621
0.615979, -0.060523, -0.592277, -0.957268, 0.875852, 0.416279, 0.780891, -0.760691
0.619653, -0.078525, -0.604230, -0.958262, 0.879680, 0.420751, 0.783095, -0.754784
0.622618, -0.093211, -0.613818, -0.958965, 0.882729, 0.423420, 0.784633, -0.748458
0.625140, -0.105391, -0.621283, -0.959486, 0.885142, 0.426068, 0.785766, -0.742075
0.627620, -0.116657, -0.628645, -0.959973, 0.887224, 0.428763, 0.786707, -0.736237


0.000000, 0.000000, 0.000000, 0.000000, 0.000000, 0.000000, 0.000000, 0.000000
0.000000, 0.000000, 0.000000, 0.000000, 0.000000, 0.000000, 0.000000, 0.000000
0.000000, 0.000000, 0.000000, 0.000000, 0.000000, 0.000000, 0.000000, 0.000000
0.000000, 0.000000, 0.000000, 0.000000, 0.000000, 0.000000, 0.000000, 0.000000
0.000000, 0.000000, 0.000000, 0.000000, 0.000000, 0.000000, 0.000000, 0.000000
0.000000, 0.000000, 0.000000, 0.000000, 0.000000, 0.000000, 0.000000, 0.000000
0.000000, 0.000000, 0.000000, 0.000000, 0.000000, 0.000000, 0.000000, 0.000000
0.852631, -0.053773, -0.155866, 0.056255, -0.000161, 0.848387, 0.509411, 0.035860
0.991045, 0.017461, -0.277677, 0.032137, -0.015059, 0.963723, 0.789239, -0.012070
0.996185, 0.012493, -0.224673, 0.030402, -0.033558, 0.966184, 0.834866, -0.029659
0.996572, -0.000185, -0.009230, 0.051175, -0.066768, 0.947694, 0.873057, -0.095591
0.975670, -0.017932, 0.214642, 0.068269, -0.048782, 0.635558, 0.804909, -0.121720
0.875550, -0.001516, 0.329036, 0.079893, -0.019807, 0.263528, 0.824903, -0.139858
0.679984, 0.001196, 0.564429, 0.154935, -0.082506, 0.177122, 0.943715, -0.281578
0.133272, -0.021339, 0.843188, 0.349249, -0.227389, 0.029190, 0.989052, -0.574600
-0.364085, -0.042982, 0.875430, 0.401933, -0.262134, -0.094587, 0.991900, -0.628031
-0.438258, -0.049380, 0.874377, 0.402033, -0.259974, -0.118096, 0.991894, -0.627439
-0.391608, -0.050747, 0.875098, 0.401733, -0.249343, -0.082578, 0.992013, -0.629412
-0.122813, -0.049164, 0.873559, 0.392385, -0.203613, 0.045864, 0.992130, -0.633971
0.532787, -0.045230, 0.853732, 0.332949, -0.036298, 0.325250, 0.991224, -0.608140
0.844230, -0.029196, 0.758574, 0.181429, 0.198944, 0.535523, 0.985052, -0.489976
0.919674, -0.027920, 0.605803, 0.050754, 0.384146, 0.623155, 0.972343, -0.359217
0.954569, -0.004096, 0.506064, -0.022583, 0.555922, 0.684032, 0.964900, -0.305952
0.968147, 0.021175, 0.445465, -0.055651, 0.697203, 0.719302, 0.962730, -0.280517
0.966319, 0.031534, 0.386070, -0.050827, 0.762370, 0.692962, 0.957451, -0.258212
0.956791, 0.033176, 0.349951, -0.030743, 0.793254, 0.643130, 0.952807, -0.237773
0.945888, 0.037336, 0.338141, -0.007370, 0.822733, 0.605683, 0.953662, -0.233648
0.935922, 0.037322, 0.349198, 0.012606, 0.852268, 0.585762, 0.958095, -0.243519
0.927537, 0.029256, 0.364358, 0.021504, 0.876242, 0.577566, 0.962807, -0.228123
0.917405, 0.018994, 0.362383, 0.022435, 0.886817, 0.568070, 0.963962, -0.139518
0.904670, 0.017300, 0.332802, 0.004421, 0.885509, 0.557988, 0.961014, 0.013096
0.892097, 0.021079, 0.289366, -0.014037, 0.874614, 0.545948, 0.954105, 0.195810
0.881092, 0.030255, 0.239453, -0.031004, 0.857102, 0.527657, 0.942675, 0.367943
0.871444, 0.039299, 0.194242, -0.053576, 0.835482, 0.503327, 0.927081, 0.517399
0.861252, 0.040126, 0.161273, -0.072974, 0.814940, 0.481742, 0.908698, 0.635733
0.852675, 0.054293, 0.138747, -0.082444, 0.797171, 0.459400, 0.890489, 0.720960
0.844984, 0.054419, 0.123894, -0.089962, 0.787641, 0.439428, 0.874332, 0.783055
0.839600, 0.054370, 0.123119, -0.093159, 0.784342, 0.429363, 0.863269, 0.828957
0.837633, 0.051431, 0.123112, -0.099313, 0.786215, 0.423006, 0.856176, 0.863585
0.838532, 0.051739, 0.120181, -0.103153, 0.793916, 0.424438, 0.854329, 0.891293
0.843196, 0.055251, 0.118766, -0.111204, 0.804752, 0.427242, 0.858009, 0.912162
0.850054, 0.051846, 0.121583, -0.121444, 0.817767, 0.433194, 0.864506, 0.927768
0.858479, 0.049780, 0.122253, -0.125313, 0.829840, 0.443831, 0.871908, 0.939036
0.866561, 0.049886, 0.127529, -0.129346, 0.840257, 0.454276, 0.879229, 0.947072
0.873417, 0.050101, 0.130384, -0.132175, 0.848163, 0.463921, 0.885000, 0.952471
0.877501, 0.052087, 0.131721, -0.132282, 0.852463, 0.470402, 0.888244, 0.955357
0.878864, 0.052813, 0.132458, -0.132589, 0.854172, 0.472949, 0.889126, 0.956273
0.879380, 0.055325, 0.133647, -0.132777, 0.854630, 0.473796, 0.889278, 0.956347
0.879885, 0.059087, 0.134979, -0.133183, 0.854958, 0.474314, 0.889318, 0.956278
0.880232, 0.062880, 0.137067, -0.133348, 0.855200, 0.474906, 0.889407, 0.956186
0.880644, 0.066613, 0.138962, -0.133655, 0.855523, 0.475797, 0.889487, 0.956077
0.881017, 0.071860, 0.140662, -0.133882, 0.855737, 0.476359, 0.889467, 0.955958
0.881325, 0.076332, 0.142472, -0.134460, 0.855832, 0.476918, 0.889446, 0.955797
0.881660, 0.081203, 0.144735, -0.135716, 0.856033, 0.477600, 0.889463, 0.955644
0.882028, 0.086637, 0.148233, -0.135739, 0.856346, 0.478373, 0.889515, 0.955530
0.882339, 0.092124, 0.151215, -0.135609, 0.856582, 0.478950, 0.889555, 0.955400
0.882491, 0.097032, 0.154123, -0.136373, 0.856771, 0.479317, 0.889464, 0.955239
0.882745, 0.102725, 0.157906, -0.137624, 0.857124, 0.479534, 0.889391, 0.955122
0.882853, 0.107386, 0.161140, -0.137709, 0.857289, 0.479987, 0.889292, 0.954991
0.882891, 0.112627, 0.165391, -0.138035, 0.857371, 0.480034, 0.889136, 0.954857
0.882973, 0.117050, 0.170185, -0.138729, 0.857520, 0.480162, 0.889033, 0.954763
0.882916, 0.122309, 0.174305, -0.139585, 0.857532, 0.479949, 0.888835, 0.954641
0.882874, 0.125997, 0.178135, -0.140398, 0.857542, 0.480046, 0.888679, 0.954598
0.882818, 0.130396, 0.183041, -0.141151, 0.857648, 0.480289, 0.888549, 0.954555
0.882789, 0.134004, 0.186714, -0.141478, 0.857927, 0.480236, 0.888548, 0.954550
0.882624, 0.138235, 0.190429, -0.141754, 0.858174, 0.479991, 0.888408, 0.954524
0.882506, 0.141937, 0.194259, -0.142242, 0.858383, 0.479898, 0.888363, 0.954543
0.882427, 0.145425, 0.197712, -0.142945, 0.858597, 0.480356, 0.888339, 0.954559
0.882318, 0.147786, 0.201231, -0.143713, 0.858790, 0.480316, 0.888311, 0.954577
0.882269, 0.150399, 0.204861, -0.143780, 0.858984, 0.480457, 0.888238, 0.954614
0.882143, 0.152892, 0.208343, -0.144469, 0.859195, 0.480154, 0.888218, 0.954685
0.882023, 0.154875, 0.211235, -0.145126, 0.859406, 0.480123, 0.888222, 0.954730
0.881923, 0.157282, 0.213793, -0.145294, 0.859588, 0.480423, 0.888199, 0.954772
0.881805, 0.158596, 0.216207, -0.145683, 0.859828, 0.480701, 0.888197, 0.954818
0.881689, 0.160493, 0.219088, -0.146064, 0.859982, 0.480543, 0.888227, 0.954888
0.881592, 0.162537, 0.221682, -0.146376, 0.860290, 0.480494, 0.888230, 0.954964
0.881537, 0.163592, 0.223330, -0.146669, 0.860433, 0.480532, 0.888234, 0.955001
0.881468, 0.164859, 0.225438, -0.146937, 0.860584, 0.480603, 0.888259, 0.955049
0.881435, 0.166341, 0.227268, -0.147048, 0.860809, 0.480738, 0.888325, 0.955116
0.881436, 0.167633, 0.229257, -0.147547, 0.861027, 0.480746, 0.888390, 0.955183


0.000000, 0.000000, 0.000000, 0.000000, 0.000000, 0.000000, 0.000000, 0.000000
0.000000, 0.000000, 0.000000, 0.000000, 0.000000, 0.000000, 0.000000, 0.000000
0.000000, 0.000000, 0.000000, 0.000000, 0.000000, 0.000000, 0.000000, 0.000000
0.000000, 0.000000, 0.000000, 0.000000, 0.000000, 0.000000, 0.000000, 0.000000
0.000000, 0.000000, 0.000000, 0.000000, 0.000000, 0.000000, 0.000000, 0.000000
0.000000, 0.000000, 0.000000, 0.000000, 0.000000, 0.000000, 0.000000, 0.000000
0.000000, 0.000000, 0.000000, 0.000000, 0.000000, 0.000000, 0.000000, 0.000000
0.000000, 0.000000, 0.000000, 0.000000, 0.000000, 0.000000, 0.000000, 0.000000
0.101467, -0.012040, -0.034606, -0.015501, 0.007454, 0.090847, 0.037953, -0.046559
0.972000, -0.042744, -0.057211, 0.059200, -0.019344, 0.772570, 0.285877, -0.014738
0.996713, 0.001910, 0.241595, 0.024777, -0.032500, 0.950041, 0.404956, -0.068117
0.983574, -0.005356, 0.635754, 0.070752, -0.057131, 0.723507, 0.161657, -0.175989
0.893273, -0.022650, 0.723521, 0.115689, -0.032377, 0.284673, 0.193959, -0.238398
0.665182, 0.001409, 0.862866, 0.193633, -0.084023, 0.155274, 0.312740, -0.342085
0.042589, -0.007950, 0.969450, 0.430643, -0.231907, 0.040123, 0.600115, -0.646527
-0.471741, -0.021109, 0.979004, 0.513901, -0.278360, -0.081578, 0.669755, -0.717833
-0.528870, -0.022118, 0.978751, 0.515340, -0.275105, -0.100762, 0.667080, -0.715216
-0.658386, -0.022792, 0.977401, 0.530740, -0.293142, -0.181957, 0.651859, -0.701812
-0.592144, -0.034588, 0.975955, 0.594262, -0.333649, -0.188179, 0.629203, -0.688683
-0.040799, -0.039201, 0.969162, 0.683364, -0.281628, 0.034397, 0.569447, -0.635145
0.709981, -0.019831, 0.924154, 0.677943, -0.081978, 0.343558, 0.409372, -0.442779
0.905607, -0.007474, 0.861598, 0.700139, 0.074667, 0.513644, 0.328069, -0.328186
0.964425, 0.002253, 0.854752, 0.805849, 0.301409, 0.667114, 0.335172, -0.312129
0.975576, 0.006366, 0.836966, 0.859846, 0.520267, 0.716061, 0.326446, -0.297345
0.967173, 0.000476, 0.787948, 0.862757, 0.590036, 0.650417, 0.278708, -0.258850
0.952655, -0.005369, 0.764150, 0.869635, 0.628335, 0.574011, 0.257131, -0.249296
0.936859, -0.004854, 0.771032, 0.887720, 0.671080, 0.518172, 0.255483, -0.248219
0.922149, -0.008970, 0.795390, 0.909978, 0.719418, 0.481183, 0.267857, -0.264075
0.906490, -0.017397, 0.817532, 0.926017, 0.755003, 0.451317, 0.276983, -0.250662
0.887342, -0.029208, 0.828940, 0.935133, 0.771649, 0.415766, 0.281742, -0.171940
0.868618, -0.030249, 0.829387, 0.938966, 0.774550, 0.397782, 0.279361, -0.059933
0.856381, -0.030791, 0.820625, 0.939133, 0.769214, 0.390604, 0.269119, 0.074720
0.855036, -0.019649, 0.804038, 0.936658, 0.758991, 0.393194, 0.256316, 0.228670
0.857769, -0.006801, 0.778516, 0.931128, 0.741854, 0.397311, 0.241311, 0.390557
0.858641, 0.003384, 0.752832, 0.923483, 0.724142, 0.402301, 0.235218, 0.536225
0.857708, 0.017852, 0.725810, 0.915320, 0.713080, 0.401648, 0.228299, 0.652105
0.853981, 0.022877, 0.702042, 0.907100, 0.707066, 0.391588, 0.213145, 0.738349
0.849696, 0.024666, 0.688051, 0.901357, 0.706271, 0.387062, 0.202559, 0.799380
0.847256, 0.029184, 0.681882, 0.899132, 0.709521, 0.387456, 0.194717, 0.845558
0.845501, 0.035837, 0.680406, 0.899513, 0.715175, 0.387612, 0.189117, 0.877679
0.847730, 0.041435, 0.686106, 0.902939, 0.727124, 0.384792, 0.190851, 0.901399
0.852768, 0.041816, 0.695670, 0.907876, 0.741678, 0.388148, 0.193138, 0.918389
0.858988, 0.042345, 0.706672, 0.913202, 0.755194, 0.394897, 0.197767, 0.930568
0.865689, 0.041762, 0.719501, 0.918441, 0.765927, 0.405462, 0.202453, 0.939287
0.870709, 0.040307, 0.727369, 0.922164, 0.773747, 0.412365, 0.207636, 0.944664
0.873961, 0.040444, 0.731956, 0.924177, 0.778411, 0.417226, 0.209549, 0.947433
0.875207, 0.042415, 0.734103, 0.924778, 0.780189, 0.419889, 0.211653, 0.948281
0.875012, 0.044233, 0.734069, 0.924593, 0.779674, 0.419428, 0.211429, 0.948014
0.874886, 0.045162, 0.733931, 0.924492, 0.779399, 0.418717, 0.210667, 0.947804
0.874316, 0.044324, 0.733644, 0.924144, 0.778219, 0.417398, 0.209366, 0.947431
0.873375, 0.042428, 0.732585, 0.923693, 0.776798, 0.413724, 0.207977, 0.947031
0.872170, 0.038546, 0.731371, 0.923175, 0.774726, 0.409510, 0.207304, 0.946609
0.870643, 0.032897, 0.729568, 0.922599, 0.772280, 0.405879, 0.204134, 0.946136
0.868814, 0.025178, 0.727376, 0.921935, 0.769038, 0.400838, 0.201650, 0.945671
0.866702, 0.014704, 0.724576, 0.921071, 0.765669, 0.395795, 0.199531, 0.945289
0.864262, 0.001840, 0.720951, 0.920135, 0.761525, 0.389436, 0.197995, 0.944901
0.861645, -0.013491, 0.717091, 0.919184, 0.757273, 0.383431, 0.195805, 0.944554
0.858866, -0.030029, 0.712887, 0.918427, 0.752530, 0.377835, 0.193456, 0.944276
0.855603, -0.047795, 0.707867, 0.917354, 0.746831, 0.370245, 0.190836, 0.943890
0.851734, -0.067098, 0.701811, 0.916095, 0.740617, 0.362104, 0.187669, 0.943366
0.847709, -0.087870, 0.694239, 0.914763, 0.733072, 0.354668, 0.184565, 0.942795
0.843790, -0.108605, 0.686446, 0.913738, 0.726020, 0.347170, 0.182554, 0.942407
0.839089, -0.132160, 0.677073, 0.912321, 0.717639, 0.338789, 0.178374, 0.941747
0.834687, -0.153813, 0.666691, 0.910931, 0.709213, 0.330520, 0.174867, 0.941063
0.830150, -0.177401, 0.656761, 0.909701, 0.700324, 0.322937, 0.170931, 0.940466
0.825182, -0.200024, 0.645172, 0.908297, 0.690728, 0.315192, 0.167724, 0.939678
0.820695, -0.222458, 0.633460, 0.907092, 0.682173, 0.307018, 0.163951, 0.938995
0.815880, -0.245307, 0.620827, 0.905754, 0.672695, 0.298287, 0.159215, 0.938242
0.811130, -0.265613, 0.608521, 0.904473, 0.663012, 0.291823, 0.154679, 0.937416
0.806923, -0.286467, 0.596193, 0.903396, 0.654147, 0.284313, 0.150043, 0.936638
0.802905, -0.305148, 0.583366, 0.902136, 0.644324, 0.277628, 0.147677, 0.935781
0.798460, -0.322711, 0.569762, 0.900814, 0.634533, 0.271096, 0.144347, 0.934764
0.794211, -0.339977, 0.556375, 0.899426, 0.625000, 0.264488, 0.140378, 0.933747
0.790340, -0.356374, 0.543585, 0.898285, 0.616067, 0.258548, 0.136768, 0.932769
0.786730, -0.370718, 0.531329, 0.897192, 0.607621, 0.252653, 0.134686, 0.931841
0.783023, -0.384826, 0.517179, 0.896067, 0.597449, 0.246714, 0.130263, 0.930768
0.779662, -0.396518, 0.504313, 0.894850, 0.588646, 0.240630, 0.127998, 0.929680
0.776552, -0.407695, 0.492499, 0.893787, 0.580138, 0.236251, 0.126222, 0.928669
0.773784, -0.418835, 0.480396, 0.892907, 0.571639, 0.230529, 0.124524, 0.927661
0.771193, -0.428011, 0.469482, 0.892028, 0.564471, 0.226331, 0.121910, 0.926752


