0, 18.279100, 3.663278, 0.000000, 0.000000, 0.000000, 0.000000, 0.000000, 0.000000, 0.000000, 0.000000, 0.000000, 0.000000, 0.000000, 0.000000, 0.000000, 0.000000, 0.000000, 0.000000, 0.000000, 0.000000, 0.000000, 0.000000, 0.000000, 0.000000, 0.000000, 0.000000, 0.000000, 0.000000, 0.000000, 0.000000, 0.000000, 0.000000, 0.000000, 0.000000, 0.000000, 0.000000, 0.000000, 0.000000, 0.000000, 0.000000, 0.000000, 0.000000, 0.000000, 0.000000, 0.000000, 0.000000, 0.000000, 0.000000, 0.000000, 0.000000
1, 18.279100, 3.663278, 0.000000, 0.000000, 0.000000, 0.000000, 0.000000, 0.000000, 0.000000, 0.000000, 0.000000, 0.000000, 0.000000, 0.000000, 0.000000, 0.000000, 0.000000, 0.000000, 0.000000, 0.000000, 0.000000, 0.000000, 0.000000, 0.000000, 0.000000, 0.000000, 0.000000, 0.000000, 0.000000, 0.000000, 0.000000, 0.000000, 0.000000, 0.000000, 0.000000, 0.000000, 0.000000, 0.000000, 0.000000, 0.000000, 0.000000, 0.000000, 0.000000, 0.000000, 0.000000, 0.000000, 0.000000, 0.000000, 0.000000, 0.000000
2, 18.279100, 3.663278, 0.000000, 0.000000, 0.000000, 0.000000, 0.000000, 0.000000, 0.000000, 0.000000, 0.000000, 0.000000, 0.000000, 0.000000, 0.000000, 0.000000, 0.000000, 0.000000, 0.000000, 0.000000, 0.000000, 0.000000, 0.000000, 0.000000, 0.000000, 0.000000, 0.000000, 0.000000, 0.000000, 0.000000, 0.000000, 0.000000, 0.000000, 0.000000, 0.000000, 0.000000, 0.000000, 0.000000, 0.000000, 0.000000, 0.000000, 0.000000, 0.000000, 0.000000, 0.000000, 0.000000, 0.000000, 0.000000, 0.000000, 0.000000
3, 18.279100, 3.663278, 0.000000, 0.000000, 0.000000, 0.000000, 0.000000, 0.000000, 0.000000, 0.000000, 0.000000, 0.000000, 0.000000, 0.000000, 0.000000, 0.000000, 0.000000, 0.000000, 0.000000, 0.000000, 0.000000, 0.000000, 0.000000, 0.000000, 0.000000, 0.000000, 0.000000, 0.000000, 0.000000, 0.000000, 0.000000, 0.000000, 0.000000, 0.000000, 0.000000, 0.000000, 0.000000, 0.000000, 0.000000, 0.000000, 0.000000, 0.000000, 0.000000, 0.000000, 0.000000, 0.000000, 0.000000, 0.000000, 0.000000, 0.000000
4, 18.279100, 3.663278, 0.000000, 0.000000, 0.000000, 0.000000, 0.000000, 0.000000, 0.000000, 0.000000, 0.000000, 0.000000, 0.000000, 0.000000, 0.000000, 0.000000, 0.000000, 0.000000, 0.000000, 0.000000, 0.000000, 0.000000, 0.000000, 0.000000, 0.000000, 0.000000, 0.000000, 0.000000, 0.000000, 0.000000, 0.000000, 0.000000, 0.000000, 0.000000, 0.000000, 0.000000, 0.000000, 0.000000, 0.000000, 0.000000, 0.000000, 0.000000, 0.000000, 0.000000, 0.000000, 0.000000, 0.000000, 0.000000, 0.000000, 0.000000
5, 18.279100, 3.663278, 0.000000, 0.000000, 0.000000, 0.000000, 0.000000, 0.000000, 0.000000, 0.000000, 0.000000, 0.000000, 0.000000, 0.000000, 0.000000, 0.000000, 0.000000, 0.000000, 0.000000, 0.000000, 0.000000, 0.000000, 0.000000, 0.000000, 0.000000, 0.000000, 0.000000, 0.000000, 0.000000, 0.000000, 0.000000, 0.000000, 0.000000, 0.000000, 0.000000, 0.000000, 0.000000, 0.000000, 0.000000, 0.000000, 0.000000, 0.000000, 0.000000, 0.000000, 0.000000, 0.000000, 0.000000, 0.000000, 0.000000, 0.000000
6, 18.309600, 3.670524, 0.000000, 0.000000, 0.000000, 0.000000, 0.000000, 0.000000, 0.000000, 0.000000, 0.000000, 0.000000, 0.000000, 0.000000, 0.000000, 0.000000, 0.000000, 0.000000, 0.001900, 0.043548, 0.028600, 0.167875, 0.000000, 0.000000, 0.000000, 0.000000, 0.000000, 0.000000, 0.000000, 0.000000, 0.000000, 0.000000, 0.000000, 0.000000, 0.000000, 0.000000, 0.000000, 0.000000, 0.000000, 0.000000, 0.000000, 0.000000, 0.000000, 0.000000, 0.000000, 0.000000, 0.000000, 0.000000, 0.000000, 0.000000
7, 18.737700, 3.818363, 0.000000, 0.000000, 0.000000, 0.000000, 0.000001, 0.000000, 0.000000, 0.000000, 0.000000, 0.000000, 0.000000, 0.000000, 0.000000, 0.000000, 0.001700, 0.041196, 0.033700, 0.185915, 0.426600, 0.661674, 0.000000, 0.000000, 0.000000, 0.000000, 0.000000, 0.000000, 0.000000, 0.000000, 0.000000, 0.000000, 0.000000, 0.000000, 0.000000, 0.000000, 0.000000, 0.000000, 0.000000, 0.000000, 0.000000, 0.000000, 0.000000, 0.000000, 0.000000, 0.000000, 0.000000, 0.000000, 0.000000, 0.000000
8, 19.622600, 4.102459, 0.000000, 0.000000, 9.956600, 2.923443, 0.000023, 0.000006, 0.000000, 0.000000, 9.956600, 0.000000, 1.073652, 0.009585, 0.000000, 0.000000, 0.020300, 0.143833, 0.096000, 0.312384, 1.267800, 1.167597, 0.000000, 0.000000, 0.000000, 0.000000, 0.000000, 0.000000, 0.000000, 0.000000, 0.000000, 0.000000, 0.000000, 0.000000, 0.000000, 0.000000, 0.000000, 0.000000, 0.000000, 0.000000, 0.000000, 0.000000, 0.000000, 0.000000, 0.000000, 0.000000, 0.000000, 0.000000, 0.000000, 0.000000
9, 21.373700, 4.636707, 0.016100, 0.127439, 11.958500, 3.134067, 0.000301, 0.000090, 0.001100, 0.033148, 11.957400, 0.033148, 2.385257, 0.160415, 0.079772, 0.629178, 0.107200, 0.331825, 0.223800, 0.475934, 2.978000, 1.853299, 0.000000, 0.000000, 0.000000, 0.000000, 0.000000, 0.000000, 0.000000, 0.000000, 0.000000, 0.000000, 0.000000, 0.000000, 0.000000, 0.000000, 0.000000, 0.000000, 0.000000, 0.000000, 0.000000, 0.000000, 0.000000, 0.000000, 0.000000, 0.000000, 0.000000, 0.000000, 0.000000, 0.000000
10, 24.108000, 5.435912, 5.833900, 2.296674, 6.061700, 2.366959, 0.002400, 0.000923, 0.239200, 0.497778, 5.822500, 0.497778, 4.324223, 0.593738, 5.976765, 0.569723, 0.490400, 0.733558, 0.450100, 0.673283, 5.869200, 2.815687, 0.000000, 0.000000, 0.000000, 0.000000, 0.000000, 0.000000, 0.000000, 0.000000, 0.000000, 0.000000, 0.000000, 0.000000, 0.000000, 0.000000, 0.000000, 0.000000, 0.000000, 0.000000, 0.000000, 0.000000, 0.000000, 0.000000, 0.000000, 0.000000, 0.000000, 0.000000, 0.000000, 0.000000
11, 27.321500, 6.358753, 6.355900, 2.312366, 5.309000, 2.224706, 0.008246, 0.004436, 0.548500, 0.779004, 4.760500, 0.779004, 5.808482, 1.169572, 8.441604, 1.458665, 1.342400, 1.345274, 0.739300, 0.864833, 9.645500, 4.016843, 0.000000, 0.000000, 0.000000, 0.000000, 0.000000, 0.000000, 0.000000, 0.000000, 0.000000, 0.000000, 0.000000, 0.000000, 0.000000, 0.000000, 0.000000, 0.000000, 0.000000, 0.000000, 0.000000, 0.000000, 0.000000, 0.000000, 0.000000, 0.000000, 0.000000, 0.000000, 0.000000, 0.000000
12, 30.741600, 7.328440, 6.331700, 2.281244, 5.220900, 2.207058, 0.012129, 0.007873, 0.689200, 0.897331, 4.531700, 0.897331, 6.254401, 1.415934, 9.230292, 1.932694, 1.865700, 1.735415, 1.021500, 1.032394, 13.306700, 5.151547, 0.000000, 0.000000, 0.000000, 0.000000, 0.000000, 0.000000, 0.000000, 0.000000, 0.000000, 0.000000, 0.000000, 0.000000, 0.000000, 0.000000, 0.000000, 0.000000, 0.000000, 0.000000, 0.000000, 0.000000, 0.000000, 0.000000, 0.000000, 0.000000, 0.000000, 0.000000, 0.000000, 0.000000
13, 34.001900, 8.281817, 6.326600, 2.275771, 5.209000, 2.202208, 0.012886, 0.008711, 0.710500, 0.915363, 4.498500, 0.915363, 6.317288, 1.454095, 9.341927, 2.007239, 1.993100, 1.837676, 1.273600, 1.172324, 16.442300, 6.129606, 0.000000, 0.000000, 0.000000, 0.000000, 0.000000, 0.000000, 0.000000, 0.000000, 0.000000, 0.000000, 0.000000, 0.000000, 0.000000, 0.000000, 0.000000, 0.000000, 0.000000, 0.000000, 0.000000, 0.000000, 0.000000, 0.000000, 0.000000, 0.000000, 0.000000, 0.000000, 0.000000, 0.000000
14, 36.779000, 9.125424, 6.331100, 2.276241, 5.203300, 2.201947, 0.012982, 0.008822, 0.713800, 0.920483, 4.489500, 0.920483, 6.324442, 1.457862, 9.350790, 2.014324, 2.015100, 1.860664, 1.471500, 1.275691, 19.043500, 6.962471, 0.000000, 0.000000, 0.000000, 0.000000, 0.000000, 0.000000, 0.000000, 0.000000, 0.000000, 0.000000, 0.000000, 0.000000, 0.000000, 0.000000, 0.000000, 0.000000, 0.000000, 0.000000, 0.000000, 0.000000, 0.000000, 0.000000, 0.000000, 0.000000, 0.000000, 0.000000, 0.000000, 0.000000
15, 39.064300, 9.853597, 6.331100, 2.276109, 5.203600, 2.201533, 0.012994, 0.008835, 0.714200, 0.920716, 4.489400, 0.920716, 6.325486, 1.458388, 9.352935, 2.015681, 2.018900, 1.863691, 1.635100, 1.358141, 21.169000, 7.655275, 0.000000, 0.000000, 0.000000, 0.000000, 0.000000, 0.000000, 0.000000, 0.000000, 0.000000, 0.000000, 0.000000, 0.000000, 0.000000, 0.000000, 0.000000, 0.000000, 0.000000, 0.000000, 0.000000, 0.000000, 0.000000, 0.000000, 0.000000, 0.000000, 0.000000, 0.000000, 0.000000, 0.000000
16, 40.923300, 10.421383, 6.332500, 2.276432, 5.403100, 2.273370, 0.012997, 0.008837, 0.773500, 0.963742, 4.629600, 0.963742, 6.250998, 1.449728, 9.354520, 2.015816, 2.023100, 1.865949, 1.771800, 1.415671, 22.895500, 8.199206, 0.000000, 0.000000, 0.000000, 0.000000, 0.000000, 0.000000, 0.000000, 0.000000, 0.000000, 0.000000, 0.000000, 0.000000, 0.000000, 0.000000, 0.000000, 0.000000, 0.000000, 0.000000, 0.000000, 0.000000, 0.000000, 0.000000, 0.000000, 0.000000, 0.000000, 0.000000, 0.000000, 0.000000
17, 42.482800, 10.880860, 6.363500, 2.284944, 5.783300, 2.403901, 0.013016, 0.008839, 0.904000, 1.060370, 4.879300, 1.060370, 6.130812, 1.418022, 9.345998, 2.007239, 2.037500, 1.869838, 1.881600, 1.469007, 24.359600, 8.639797, 0.000000, 0.000000, 0.000000, 0.000000, 0.000000, 0.000000, 0.000000, 0.000000, 0.000000, 0.000000, 0.000000, 0.000000, 0.000000, 0.000000, 0.000000, 0.000000, 0.000000, 0.000000, 0.000000, 0.000000, 0.000000, 0.000000, 0.000000, 0.000000, 0.000000, 0.000000, 0.000000, 0.000000
18, 43.738700, 11.262922, 6.474000, 2.310784, 6.361500, 2.605267, 0.013101, 0.008845, 1.139200, 1.220173, 5.222300, 1.220173, 5.976399, 1.374089, 9.328177, 1.989843, 2.079600, 1.884055, 1.973400, 1.512115, 25.565800, 9.010120, 0.000000, 0.000000, 0.000000, 0.000000, 0.000000, 0.000000, 0.000000, 0.000000, 0.000000, 0.000000, 0.000000, 0.000000, 0.000000, 0.000000, 0.000000, 0.000000, 0.000000, 0.000000, 0.000000, 0.000000, 0.000000, 0.000000, 0.000000, 0.000000, 0.000000, 0.000000, 0.000000, 0.000000
19, 45.121400, 11.706821, 6.719000, 2.374666, 7.396900, 2.942171, 0.013389, 0.008905, 1.666600, 1.493400, 5.730300, 1.493400, 5.758548, 1.290738, 9.325028, 1.955858, 2.202600, 1.941585, 2.075400, 1.555350, 26.969500, 9.473424, 0.000000, 0.000000, 0.000000, 0.000000, 0.000000, 0.000000, 0.000000, 0.000000, 0.000000, 0.000000, 0.000000, 0.000000, 0.000000, 0.000000, 0.000000, 0.000000, 0.000000, 0.000000, 0.000000, 0.000000, 0.000000, 0.000000, 0.000000, 0.000000, 0.000000, 0.000000, 0.000000, 0.000000
20, 46.667800, 12.213584, 7.157300, 2.519277, 8.697100, 3.267346, 0.014010, 0.009062, 2.531900, 1.903939, 6.165200, 1.903939, 5.577894, 1.160611, 9.385526, 1.933468, 2.464000, 2.088469, 2.202300, 1.618325, 28.650400, 10.048372, 0.000000, 0.000000, 0.000000, 0.000000, 0.000000, 0.000000, 0.000000, 0.000000, 0.000000, 0.000000, 0.000000, 0.000000, 0.000000, 0.000000, 0.000000, 0.000000, 0.000000, 0.000000, 0.000000, 0.000000, 0.000000, 0.000000, 0.000000, 0.000000, 0.000000, 0.000000, 0.000000, 0.000000
21, 48.419000, 12.812386, 7.781500, 2.718337, 9.784800, 3.540606, 0.015175, 0.009429, 3.475500, 2.315556, 6.309300, 2.315556, 5.576401, 1.069968, 9.542997, 1.908725, 2.930200, 2.368909, 2.353800, 1.686780, 30.716300, 10.805092, 0.000000, 0.000000, 0.000000, 0.000000, 0.000000, 0.000000, 0.000000, 0.000000, 0.000000, 0.000000, 0.000000, 0.000000, 0.000000, 0.000000, 0.000000, 0.000000, 0.000000, 0.000000, 0.000000, 0.000000, 0.000000, 0.000000, 0.000000, 0.000000, 0.000000, 0.000000, 0.000000, 0.000000
22, 50.483200, 13.534848, 8.488200, 2.953686, 10.301200, 3.719150, 0.017041, 0.010128, 4.105300, 2.586583, 6.195900, 2.586583, 5.774872, 1.085659, 9.832531, 1.942187, 3.638700, 2.787393, 2.547600, 1.777620, 33.295200, 11.774169, 0.000000, 0.000000, 0.000000, 0.000000, 0.000000, 0.000000, 0.000000, 0.000000, 0.000000, 0.000000, 0.000000, 0.000000, 0.000000, 0.000000, 0.000000, 0.000000, 0.000000, 0.000000, 0.000000, 0.000000, 0.000000, 0.000000, 0.000000, 0.000000, 0.000000, 0.000000, 0.000000, 0.000000
23, 52.818900, 14.346536, 9.071000, 3.137955, 10.505200, 3.802259, 0.019594, 0.011258, 4.529500, 2.745893, 5.975700, 2.745893, 6.043618, 1.142751, 10.214022, 2.026638, 4.569200, 3.342815, 2.775600, 1.870413, 36.333400, 12.910757, 0.000000, 0.000000, 0.000000, 0.000000, 0.000000, 0.000000, 0.000000, 0.000000, 0.000000, 0.000000, 0.000000, 0.000000, 0.000000, 0.000000, 0.000000, 0.000000, 0.000000, 0.000000, 0.000000, 0.000000, 0.000000, 0.000000, 0.000000, 0.000000, 0.000000, 0.000000, 0.000000, 0.000000
24, 55.456200, 15.300075, 9.530200, 3.286531, 10.567600, 3.848198, 0.022380, 0.012658, 4.810800, 2.838169, 5.756800, 2.838169, 6.298156, 1.199658, 10.562005, 2.098152, 5.529300, 3.917619, 3.022100, 1.970434, 39.684300, 14.181976, 0.000000, 0.000000, 0.000000, 0.000000, 0.000000, 0.000000, 0.000000, 0.000000, 0.000000, 0.000000, 0.000000, 0.000000, 0.000000, 0.000000, 0.000000, 0.000000, 0.000000, 0.000000, 0.000000, 0.000000, 0.000000, 0.000000, 0.000000, 0.000000, 0.000000, 0.000000, 0.000000, 0.000000
25, 58.238400, 16.272946, 9.849900, 3.374014, 10.604600, 3.846565, 0.024999, 0.014127, 5.023400, 2.892482, 5.581200, 2.892482, 6.508223, 1.255228, 10.861142, 2.169130, 6.407100, 4.436662, 3.277300, 2.084659, 43.089100, 15.438341, 0.000000, 0.000000, 0.000000, 0.000000, 0.000000, 0.000000, 0.000000, 0.000000, 0.000000, 0.000000, 0.000000, 0.000000, 0.000000, 0.000000, 0.000000, 0.000000, 0.000000, 0.000000, 0.000000, 0.000000, 0.000000, 0.000000, 0.000000, 0.000000, 0.000000, 0.000000, 0.000000, 0.000000
26, 61.103200, 17.297183, 10.094100, 3.455553, 10.652800, 3.845680, 0.027234, 0.015419, 5.212100, 2.960965, 5.440700, 2.960965, 6.658747, 1.288793, 11.090203, 2.235173, 7.175000, 4.919672, 3.533800, 2.194825, 46.465300, 16.698012, 0.000000, 0.000000, 0.000000, 0.000000, 0.000000, 0.000000, 0.000000, 0.000000, 0.000000, 0.000000, 0.000000, 0.000000, 0.000000, 0.000000, 0.000000, 0.000000, 0.000000, 0.000000, 0.000000, 0.000000, 0.000000, 0.000000, 0.000000, 0.000000, 0.000000, 0.000000, 0.000000, 0.000000
27, 63.879400, 18.315263, 10.292700, 3.500718, 10.756100, 3.896077, 0.029027, 0.016547, 5.388900, 3.020837, 5.367200, 3.020837, 6.761716, 1.316474, 11.252262, 2.279337, 7.800000, 5.304979, 3.771600, 2.298485, 49.628700, 17.903531, 0.000000, 0.000000, 0.000000, 0.000000, 0.000000, 0.000000, 0.000000, 0.000000, 0.000000, 0.000000, 0.000000, 0.000000, 0.000000, 0.000000, 0.000000, 0.000000, 0.000000, 0.000000, 0.000000, 0.000000, 0.000000, 0.000000, 0.000000, 0.000000, 0.000000, 0.000000, 0.000000, 0.000000
28, 66.579400, 19.281942, 10.463400, 3.557002, 10.968800, 3.970746, 0.030462, 0.017363, 5.616700, 3.094961, 5.352100, 3.094961, 6.813398, 1.325187, 11.374701, 2.302037, 8.315800, 5.615538, 3.996900, 2.399310, 52.619200, 18.991666, 0.000000, 0.000000, 0.000000, 0.000000, 0.000000, 0.000000, 0.000000, 0.000000, 0.000000, 0.000000, 0.000000, 0.000000, 0.000000, 0.000000, 0.000000, 0.000000, 0.000000, 0.000000, 0.000000, 0.000000, 0.000000, 0.000000, 0.000000, 0.000000, 0.000000, 0.000000, 0.000000, 0.000000
29, 69.113700, 20.177611, 10.642000, 3.609465, 11.312500, 4.085027, 0.031642, 0.018016, 5.942000, 3.207154, 5.370500, 3.207154, 6.815278, 1.314140, 11.458325, 2.324161, 8.769400, 5.895526, 4.209600, 2.488065, 55.394400, 19.994590, 0.000000, 0.000000, 0.000000, 0.000000, 0.000000, 0.000000, 0.000000, 0.000000, 0.000000, 0.000000, 0.000000, 0.000000, 0.000000, 0.000000, 0.000000, 0.000000, 0.000000, 0.000000, 0.000000, 0.000000, 0.000000, 0.000000, 0.000000, 0.000000, 0.000000, 0.000000, 0.000000, 0.000000
30, 71.553900, 21.075002, 10.849500, 3.674976, 11.806200, 4.248652, 0.032696, 0.018596, 6.388300, 3.389000, 5.417900, 3.389000, 6.782390, 1.288079, 11.514078, 2.304979, 9.205100, 6.119006, 4.412300, 2.567588, 58.067600, 20.972211, 0.000000, 0.000000, 0.000000, 0.000000, 0.000000, 0.000000, 0.000000, 0.000000, 0.000000, 0.000000, 0.000000, 0.000000, 0.000000, 0.000000, 0.000000, 0.000000, 0.000000, 0.000000, 0.000000, 0.000000, 0.000000, 0.000000, 0.000000, 0.000000, 0.000000, 0.000000, 0.000000, 0.000000
31, 73.926500, 21.952642, 11.074400, 3.753167, 12.437800, 4.451037, 0.033738, 0.019149, 6.951900, 3.625988, 5.485900, 3.625988, 6.734382, 1.253964, 11.585344, 2.297868, 9.657700, 6.370630, 4.604500, 2.645199, 60.700600, 21.961383, 0.000000, 0.000000, 0.000000, 0.000000, 0.000000, 0.000000, 0.000000, 0.000000, 0.000000, 0.000000, 0.000000, 0.000000, 0.000000, 0.000000, 0.000000, 0.000000, 0.000000, 0.000000, 0.000000, 0.000000, 0.000000, 0.000000, 0.000000, 0.000000, 0.000000, 0.000000, 0.000000, 0.000000
32, 76.262900, 22.822751, 11.351200, 3.839487, 13.158600, 4.686432, 0.034889, 0.019617, 7.599600, 3.878335, 5.559000, 3.878335, 6.680907, 1.203781, 11.648409, 2.292584, 10.199400, 6.650191, 4.797400, 2.717858, 63.385800, 22.971185, 0.000000, 0.000000, 0.000000, 0.000000, 0.000000, 0.000000, 0.000000, 0.000000, 0.000000, 0.000000, 0.000000, 0.000000, 0.000000, 0.000000, 0.000000, 0.000000, 0.000000, 0.000000, 0.000000, 0.000000, 0.000000, 0.000000, 0.000000, 0.000000, 0.000000, 0.000000, 0.000000, 0.000000
33, 78.610100, 23.634079, 11.665300, 3.943612, 13.926600, 4.941034, 0.036311, 0.020167, 8.321900, 4.147346, 5.604700, 4.147346, 6.638075, 1.157666, 11.721666, 2.283493, 10.884400, 6.988765, 5.010800, 2.806507, 66.204600, 23.988062, 0.000000, 0.000000, 0.000000, 0.000000, 0.000000, 0.000000, 0.000000, 0.000000, 0.000000, 0.000000, 0.000000, 0.000000, 0.000000, 0.000000, 0.000000, 0.000000, 0.000000, 0.000000, 0.000000, 0.000000, 0.000000, 0.000000, 0.000000, 0.000000, 0.000000, 0.000000, 0.000000, 0.000000
34, 81.031100, 24.497190, 12.008200, 4.066637, 14.590500, 5.122071, 0.038024, 0.020968, 9.004500, 4.385280, 5.586000, 4.385280, 6.632572, 1.124128, 11.813097, 2.271842, 11.728200, 7.434469, 5.235400, 2.895132, 69.244800, 25.147315, 0.000000, 0.000000, 0.000000, 0.000000, 0.000000, 0.000000, 0.000000, 0.000000, 0.000000, 0.000000, 0.000000, 0.000000, 0.000000, 0.000000, 0.000000, 0.000000, 0.000000, 0.000000, 0.000000, 0.000000, 0.000000, 0.000000, 0.000000, 0.000000, 0.000000, 0.000000, 0.000000, 0.000000
35, 83.529400, 25.407895, 12.343900, 4.167809, 15.128600, 5.283849, 0.040055, 0.021801, 9.581800, 4.591330, 5.546800, 4.591330, 6.658473, 1.105626, 11.925628, 2.283457, 12.699600, 7.955650, 5.469000, 2.997772, 72.480900, 26.399542, 0.000000, 0.000000, 0.000000, 0.000000, 0.000000, 0.000000, 0.000000, 0.000000, 0.000000, 0.000000, 0.000000, 0.000000, 0.000000, 0.000000, 0.000000, 0.000000, 0.000000, 0.000000, 0.000000, 0.000000, 0.000000, 0.000000, 0.000000, 0.000000, 0.000000, 0.000000, 0.000000, 0.000000
36, 86.174900, 26.447959, 12.642000, 4.281523, 15.567400, 5.439693, 0.042350, 0.022798, 10.096300, 4.790660, 5.471100, 4.790660, 6.707319, 1.097434, 12.067274, 2.309763, 13.805800, 8.550257, 5.729900, 3.107659, 75.971700, 27.782108, 0.000000, 0.000000, 0.000000, 0.000000, 0.000000, 0.000000, 0.000000, 0.000000, 0.000000, 0.000000, 0.000000, 0.000000, 0.000000, 0.000000, 0.000000, 0.000000, 0.000000, 0.000000, 0.000000, 0.000000, 0.000000, 0.000000, 0.000000, 0.000000, 0.000000, 0.000000, 0.000000, 0.000000
37, 88.380900, 27.301055, 13.034200, 4.388488, 15.686800, 5.514119, 0.045517, 0.024059, 10.430500, 4.902527, 5.256300, 4.902527, 6.856375, 1.110121, 12.264535, 2.317646, 15.455400, 9.331335, 6.001800, 3.238919, 79.555400, 29.176767, 0.000000, 0.000000, 0.000000, 0.000000, 0.000000, 0.000000, 0.000000, 0.000000, 0.000000, 0.000000, 0.000000, 0.000000, 0.000000, 0.000000, 0.000000, 0.000000, 0.000000, 0.000000, 0.000000, 0.000000, 0.000000, 0.000000, 0.000000, 0.000000, 0.000000, 0.000000, 0.000000, 0.000000
38, 90.261100, 28.022190, 13.436100, 4.460192, 15.403800, 5.454553, 0.050416, 0.025915, 10.555800, 4.886296, 4.848000, 4.886296, 7.128033, 1.146167, 12.583119, 2.333751, 17.710500, 10.439516, 6.296200, 3.362658, 83.396300, 30.696326, 0.000000, 0.000000, 0.000000, 0.000000, 0.000000, 0.000000, 0.000000, 0.000000, 0.000000, 0.000000, 0.000000, 0.000000, 0.000000, 0.000000, 0.000000, 0.000000, 0.000000, 0.000000, 0.000000, 0.000000, 0.000000, 0.000000, 0.000000, 0.000000, 0.000000, 0.000000, 0.000000, 0.000000
39, 92.638800, 28.965326, 13.708000, 4.517426, 26.870900, 7.796258, 0.054800, 0.027874, 18.513200, 7.455362, 8.357700, 7.455362, 5.592361, 0.825800, 12.847671, 2.363470, 19.638100, 11.459290, 6.593700, 3.491106, 87.404100, 32.248082, 0.000000, 0.000000, 0.000000, 0.000000, 0.000000, 0.000000, 0.000000, 0.000000, 0.000000, 0.000000, 0.000000, 0.000000, 0.000000, 0.000000, 0.000000, 0.000000, 0.000000, 0.000000, 0.000000, 0.000000, 0.000000, 0.000000, 0.000000, 0.000000, 0.000000, 0.000000, 0.000000, 0.000000
40, 95.412100, 30.055912, 14.074700, 4.612171, 25.726400, 7.453519, 0.058813, 0.029893, 17.906400, 7.099115, 7.820000, 7.099115, 6.233987, 0.851635, 13.074452, 2.359362, 21.381400, 12.372014, 6.906000, 3.624329, 91.608400, 33.834386, 0.000000, 0.000000, 0.000000, 0.000000, 0.000000, 0.000000, 0.000000, 0.000000, 0.000000, 0.000000, 0.000000, 0.000000, 0.000000, 0.000000, 0.000000, 0.000000, 0.000000, 0.000000, 0.000000, 0.000000, 0.000000, 0.000000, 0.000000, 0.000000, 0.000000, 0.000000, 0.000000, 0.000000
41, 97.931300, 31.045476, 17.655500, 5.134688, 20.749200, 6.720647, 0.065233, 0.032122, 15.064300, 6.231739, 5.684900, 6.231739, 6.907385, 0.915727, 12.212827, 1.957209, 23.640700, 13.402463, 7.241700, 3.754049, 96.051200, 35.545295, 0.000000, 0.000000, 0.000000, 0.000000, 0.000000, 0.000000, 0.000000, 0.000000, 0.000000, 0.000000, 0.000000, 0.000000, 0.000000, 0.000000, 0.000000, 0.000000, 0.000000, 0.000000, 0.000000, 0.000000, 0.000000, 0.000000, 0.000000, 0.000000, 0.000000, 0.000000, 0.000000, 0.000000
42, 99.945900, 31.852315, 17.229300, 4.989441, 20.603300, 6.726093, 0.074282, 0.035141, 15.478800, 6.292754, 5.124500, 6.292754, 7.217227, 0.973133, 13.000183, 2.069073, 26.451400, 14.675402, 7.569900, 3.885912, 100.548300, 37.234791, 0.000000, 0.000000, 0.000000, 0.000000, 0.000000, 0.000000, 0.000000, 0.000000, 0.000000, 0.000000, 0.000000, 0.000000, 0.000000, 0.000000, 0.000000, 0.000000, 0.000000, 0.000000, 0.000000, 0.000000, 0.000000, 0.000000, 0.000000, 0.000000, 0.000000, 0.000000, 0.000000, 0.000000
43, 102.529400, 32.915360, 17.228900, 5.010460, 20.973300, 6.878574, 0.079845, 0.038529, 15.956300, 6.437328, 5.017000, 6.437328, 7.270304, 0.985200, 13.230045, 2.128318, 28.553300, 15.943192, 7.894600, 4.010647, 104.909000, 38.861512, 0.000000, 0.000000, 0.000000, 0.000000, 0.000000, 0.000000, 0.000000, 0.000000, 0.000000, 0.000000, 0.000000, 0.000000, 0.000000, 0.000000, 0.000000, 0.000000, 0.000000, 0.000000, 0.000000, 0.000000, 0.000000, 0.000000, 0.000000, 0.000000, 0.000000, 0.000000, 0.000000, 0.000000
44, 105.620300, 34.160327, 17.368700, 5.064204, 21.535500, 7.098010, 0.083257, 0.041383, 16.551600, 6.681328, 4.983900, 6.681328, 7.259558, 0.980816, 13.321693, 2.140551, 30.073000, 16.993783, 8.212500, 4.132619, 109.201700, 40.454471, 0.000000, 0.000000, 0.000000, 0.000000, 0.000000, 0.000000, 0.000000, 0.000000, 0.000000, 0.000000, 0.000000, 0.000000, 0.000000, 0.000000, 0.000000, 0.000000, 0.000000, 0.000000, 0.000000, 0.000000, 0.000000, 0.000000, 0.000000, 0.000000, 0.000000, 0.000000, 0.000000, 0.000000
45, 108.883000, 35.435272, 17.542200, 5.120978, 22.141700, 7.308107, 0.086194, 0.043886, 17.183600, 6.899949, 4.958100, 6.899949, 7.239275, 0.969034, 13.394549, 2.154232, 31.421300, 17.897207, 8.532000, 4.259856, 113.493200, 42.052036, 0.000000, 0.000000, 0.000000, 0.000000, 0.000000, 0.000000, 0.000000, 0.000000, 0.000000, 0.000000, 0.000000, 0.000000, 0.000000, 0.000000, 0.000000, 0.000000, 0.000000, 0.000000, 0.000000, 0.000000, 0.000000, 0.000000, 0.000000, 0.000000, 0.000000, 0.000000, 0.000000, 0.000000
46, 112.176400, 36.721902, 17.714700, 5.179759, 22.601700, 7.462001, 0.089144, 0.046305, 17.686900, 7.067098, 4.914800, 7.067098, 7.244809, 0.958925, 13.470893, 2.158207, 32.803900, 18.746404, 8.843300, 4.384375, 117.857900, 43.692012, 0.000000, 0.000000, 0.000000, 0.000000, 0.000000, 0.000000, 0.000000, 0.000000, 0.000000, 0.000000, 0.000000, 0.000000, 0.000000, 0.000000, 0.000000, 0.000000, 0.000000, 0.000000, 0.000000, 0.000000, 0.000000, 0.000000, 0.000000, 0.000000, 0.000000, 0.000000, 0.000000, 0.000000
47, 115.491200, 38.004541, 17.879800, 5.231706, 22.787800, 7.533762, 0.092211, 0.048656, 17.929500, 7.144070, 4.858300, 7.144070, 7.280922, 0.960294, 13.549118, 2.183619, 34.239600, 19.588154, 9.163400, 4.490267, 122.288300, 45.388902, 0.000000, 0.000000, 0.000000, 0.000000, 0.000000, 0.000000, 0.000000, 0.000000, 0.000000, 0.000000, 0.000000, 0.000000, 0.000000, 0.000000, 0.000000, 0.000000, 0.000000, 0.000000, 0.000000, 0.000000, 0.000000, 0.000000, 0.000000, 0.000000, 0.000000, 0.000000, 0.000000, 0.000000
48, 118.686900, 39.196156, 17.962500, 5.253389, 23.254200, 7.698882, 0.095244, 0.050625, 18.441600, 7.319289, 4.812600, 7.319289, 7.275684, 0.949678, 13.649801, 2.203343, 35.713800, 20.401257, 9.477400, 4.602096, 126.644200, 47.000343, 0.000000, 0.000000, 0.000000, 0.000000, 0.000000, 0.000000, 0.000000, 0.000000, 0.000000, 0.000000, 0.000000, 0.000000, 0.000000, 0.000000, 0.000000, 0.000000, 0.000000, 0.000000, 0.000000, 0.000000, 0.000000, 0.000000, 0.000000, 0.000000, 0.000000, 0.000000, 0.000000, 0.000000
49, 121.947300, 40.483312, 18.056000, 5.279589, 23.829800, 7.913383, 0.098174, 0.052737, 19.026700, 7.515849, 4.803100, 7.515849, 7.253163, 0.946432, 13.723197, 2.221004, 37.123100, 21.180490, 9.796500, 4.724054, 130.994800, 48.679696, 0.000000, 0.000000, 0.000000, 0.000000, 0.000000, 0.000000, 0.000000, 0.000000, 0.000000, 0.000000, 0.000000, 0.000000, 0.000000, 0.000000, 0.000000, 0.000000, 0.000000, 0.000000, 0.000000, 0.000000, 0.000000, 0.000000, 0.000000, 0.000000, 0.000000, 0.000000, 0.000000, 0.000000
50, 125.150500, 41.757821, 18.172600, 5.328134, 24.465100, 8.111460, 0.101113, 0.054735, 19.642600, 7.728471, 4.822500, 7.728471, 7.218817, 0.932831, 13.785717, 2.247458, 38.536600, 21.986411, 10.114600, 4.849337, 135.293400, 50.325402, 0.000000, 0.000000, 0.000000, 0.000000, 0.000000, 0.000000, 0.000000, 0.000000, 0.000000, 0.000000, 0.000000, 0.000000, 0.000000, 0.000000, 0.000000, 0.000000, 0.000000, 0.000000, 0.000000, 0.000000, 0.000000, 0.000000, 0.000000, 0.000000, 0.000000, 0.000000, 0.000000, 0.000000
51, 128.360900, 43.068142, 18.308900, 5.376475, 25.144400, 8.370087, 0.104114, 0.056999, 20.328500, 7.982330, 4.815900, 7.982330, 7.181567, 0.920477, 13.836858, 2.262654, 39.969700, 22.761274, 10.430100, 4.976677, 139.621400, 51.983871, 0.000000, 0.000000, 0.000000, 0.000000, 0.000000, 0.000000, 0.000000, 0.000000, 0.000000, 0.000000, 0.000000, 0.000000, 0.000000, 0.000000, 0.000000, 0.000000, 0.000000, 0.000000, 0.000000, 0.000000, 0.000000, 0.000000, 0.000000, 0.000000, 0.000000, 0.000000, 0.000000, 0.000000
52, 131.475200, 44.327876, 18.441800, 5.434668, 25.706000, 8.547980, 0.107244, 0.059303, 20.906000, 8.175596, 4.800000, 8.175596, 7.163203, 0.913572, 13.896244, 2.282705, 41.515200, 23.567545, 10.751500, 5.104561, 143.959800, 53.630461, 0.000000, 0.000000, 0.000000, 0.000000, 0.000000, 0.000000, 0.000000, 0.000000, 0.000000, 0.000000, 0.000000, 0.000000, 0.000000, 0.000000, 0.000000, 0.000000, 0.000000, 0.000000, 0.000000, 0.000000, 0.000000, 0.000000, 0.000000, 0.000000, 0.000000, 0.000000, 0.000000, 0.000000
53, 134.598000, 45.573966, 18.583500, 5.500384, 26.187700, 8.694646, 0.110560, 0.061592, 21.409700, 8.325914, 4.778000, 8.325914, 7.153871, 0.909564, 13.953632, 2.292112, 43.122900, 24.412910, 11.082200, 5.225117, 148.359600, 55.283197, 0.000000, 0.000000, 0.000000, 0.000000, 0.000000, 0.000000, 0.000000, 0.000000, 0.000000, 0.000000, 0.000000, 0.000000, 0.000000, 0.000000, 0.000000, 0.000000, 0.000000, 0.000000, 0.000000, 0.000000, 0.000000, 0.000000, 0.000000, 0.000000, 0.000000, 0.000000, 0.000000, 0.000000
54, 137.702900, 46.804043, 18.691300, 5.548297, 26.698600, 8.885728, 0.114116, 0.064140, 21.961500, 8.527638, 4.737100, 8.527638, 7.142787, 0.906873, 14.022122, 2.303178, 44.830700, 25.325778, 11.409600, 5.344626, 152.844900, 56.946279, 0.000000, 0.000000, 0.000000, 0.000000, 0.000000, 0.000000, 0.000000, 0.000000, 0.000000, 0.000000, 0.000000, 0.000000, 0.000000, 0.000000, 0.000000, 0.000000, 0.000000, 0.000000, 0.000000, 0.000000, 0.000000, 0.000000, 0.000000, 0.000000, 0.000000, 0.000000, 0.000000, 0.000000
55, 140.788000, 48.082692, 18.779900, 5.577495, 27.242400, 9.125417, 0.117826, 0.067000, 22.513000, 8.771809, 4.729400, 8.771809, 7.127318, 0.906128, 14.091663, 2.325043, 46.594700, 26.223338, 11.732800, 5.470960, 157.370800, 58.648099, 0.000000, 0.000000, 0.000000, 0.000000, 0.000000, 0.000000, 0.000000, 0.000000, 0.000000, 0.000000, 0.000000, 0.000000, 0.000000, 0.000000, 0.000000, 0.000000, 0.000000, 0.000000, 0.000000, 0.000000, 0.000000, 0.000000, 0.000000, 0.000000, 0.000000, 0.000000, 0.000000, 0.000000
56, 143.827600, 49.347846, 18.873800, 5.621875, 27.734700, 9.289915, 0.121590, 0.069846, 23.030800, 8.941077, 4.703900, 8.941077, 7.116730, 0.901115, 14.161539, 2.348641, 48.416000, 27.186028, 12.066400, 5.598517, 161.898100, 60.364467, 0.000000, 0.000000, 0.000000, 0.000000, 0.000000, 0.000000, 0.000000, 0.000000, 0.000000, 0.000000, 0.000000, 0.000000, 0.000000, 0.000000, 0.000000, 0.000000, 0.000000, 0.000000, 0.000000, 0.000000, 0.000000, 0.000000, 0.000000, 0.000000, 0.000000, 0.000000, 0.000000, 0.000000
57, 146.845900, 50.596774, 18.952800, 5.672475, 28.253000, 9.451719, 0.125373, 0.072794, 23.575500, 9.114927, 4.677500, 9.114927, 7.103296, 0.899842, 14.237294, 2.381006, 50.295700, 28.190542, 12.402100, 5.723479, 166.460400, 62.104000, 0.000000, 0.000000, 0.000000, 0.000000, 0.000000, 0.000000, 0.000000, 0.000000, 0.000000, 0.000000, 0.000000, 0.000000, 0.000000, 0.000000, 0.000000, 0.000000, 0.000000, 0.000000, 0.000000, 0.000000, 0.000000, 0.000000, 0.000000, 0.000000, 0.000000, 0.000000, 0.000000, 0.000000
58, 149.878500, 51.853591, 19.062400, 5.708757, 28.734300, 9.678197, 0.129184, 0.075744, 24.077500, 9.352641, 4.656800, 9.352641, 7.094725, 0.901268, 14.292980, 2.395285, 52.195900, 29.264387, 12.740600, 5.852308, 171.054700, 63.850152, 0.000000, 0.000000, 0.000000, 0.000000, 0.000000, 0.000000, 0.000000, 0.000000, 0.000000, 0.000000, 0.000000, 0.000000, 0.000000, 0.000000, 0.000000, 0.000000, 0.000000, 0.000000, 0.000000, 0.000000, 0.000000, 0.000000, 0.000000, 0.000000, 0.000000, 0.000000, 0.000000, 0.000000
59, 152.840600, 53.085817, 19.149600, 5.746218, 29.207500, 9.857456, 0.133007, 0.078729, 24.572800, 9.524427, 4.634700, 9.524427, 7.084875, 0.900390, 14.354343, 2.400787, 54.119100, 30.380403, 13.078100, 5.978946, 175.602500, 65.574105, 0.000000, 0.000000, 0.000000, 0.000000, 0.000000, 0.000000, 0.000000, 0.000000, 0.000000, 0.000000, 0.000000, 0.000000, 0.000000, 0.000000, 0.000000, 0.000000, 0.000000, 0.000000, 0.000000, 0.000000, 0.000000, 0.000000, 0.000000, 0.000000, 0.000000, 0.000000, 0.000000, 0.000000
60, 155.818900, 54.264630, 19.233600, 5.792463, 29.651700, 9.996179, 0.136901, 0.081881, 25.038800, 9.654216, 4.612900, 9.654216, 7.077198, 0.900591, 14.417339, 2.416347, 56.049900, 31.464660, 13.417400, 6.104259, 180.172300, 67.284561, 0.000000, 0.000000, 0.000000, 0.000000, 0.000000, 0.000000, 0.000000, 0.000000, 0.000000, 0.000000, 0.000000, 0.000000, 0.000000, 0.000000, 0.000000, 0.000000, 0.000000, 0.000000, 0.000000, 0.000000, 0.000000, 0.000000, 0.000000, 0.000000, 0.000000, 0.000000, 0.000000, 0.000000
61, 158.760800, 55.471180, 19.311000, 5.827030, 30.099500, 10.147413, 0.140841, 0.084983, 25.508100, 9.818561, 4.591400, 9.818561, 7.067098, 0.900218, 14.476760, 2.440725, 58.025000, 32.569697, 13.751400, 6.235415, 184.755300, 69.031351, 0.000000, 0.000000, 0.000000, 0.000000, 0.000000, 0.000000, 0.000000, 0.000000, 0.000000, 0.000000, 0.000000, 0.000000, 0.000000, 0.000000, 0.000000, 0.000000, 0.000000, 0.000000, 0.000000, 0.000000, 0.000000, 0.000000, 0.000000, 0.000000, 0.000000, 0.000000, 0.000000, 0.000000
62, 161.587000, 56.600672, 19.377300, 5.864993, 30.591500, 10.335039, 0.145004, 0.088291, 26.020900, 10.021380, 4.570600, 10.021380, 7.053683, 0.900840, 14.543752, 2.473358, 60.054100, 33.700172, 14.080300, 6.364876, 189.281700, 70.709015, 0.000000, 0.000000, 0.000000, 0.000000, 0.000000, 0.000000, 0.000000, 0.000000, 0.000000, 0.000000, 0.000000, 0.000000, 0.000000, 0.000000, 0.000000, 0.000000, 0.000000, 0.000000, 0.000000, 0.000000, 0.000000, 0.000000, 0.000000, 0.000000, 0.000000, 0.000000, 0.000000, 0.000000
63, 164.387000, 57.738923, 19.449100, 5.884523, 31.050400, 10.492495, 0.149139, 0.091581, 26.502100, 10.181620, 4.548300, 10.181620, 7.043451, 0.900511, 14.601340, 2.483030, 62.121500, 34.884572, 14.412200, 6.491648, 193.817200, 72.436775, 0.000000, 0.000000, 0.000000, 0.000000, 0.000000, 0.000000, 0.000000, 0.000000, 0.000000, 0.000000, 0.000000, 0.000000, 0.000000, 0.000000, 0.000000, 0.000000, 0.000000, 0.000000, 0.000000, 0.000000, 0.000000, 0.000000, 0.000000, 0.000000, 0.000000, 0.000000, 0.000000, 0.000000
64, 167.161400, 58.854445, 19.526400, 5.912318, 31.527600, 10.707980, 0.153296, 0.094846, 26.992700, 10.392519, 4.534900, 10.392519, 7.031991, 0.901700, 14.653904, 2.480807, 64.213600, 36.100609, 14.741100, 6.600021, 198.354800, 74.167774, 0.000000, 0.000000, 0.000000, 0.000000, 0.000000, 0.000000, 0.000000, 0.000000, 0.000000, 0.000000, 0.000000, 0.000000, 0.000000, 0.000000, 0.000000, 0.000000, 0.000000, 0.000000, 0.000000, 0.000000, 0.000000, 0.000000, 0.000000, 0.000000, 0.000000, 0.000000, 0.000000, 0.000000
65, 169.926600, 59.991364, 19.606200, 5.951027, 31.930400, 10.895850, 0.157592, 0.098258, 27.406000, 10.578221, 4.524400, 10.578221, 7.029112, 0.907168, 14.710978, 2.494678, 66.364400, 37.289460, 15.069600, 6.715188, 202.942300, 75.887191, 0.000000, 0.000000, 0.000000, 0.000000, 0.000000, 0.000000, 0.000000, 0.000000, 0.000000, 0.000000, 0.000000, 0.000000, 0.000000, 0.000000, 0.000000, 0.000000, 0.000000, 0.000000, 0.000000, 0.000000, 0.000000, 0.000000, 0.000000, 0.000000, 0.000000, 0.000000, 0.000000, 0.000000
66, 172.628000, 61.176787, 19.670600, 5.977984, 32.373300, 11.070111, 0.162062, 0.101986, 27.863400, 10.744931, 4.509900, 10.744931, 7.020312, 0.904463, 14.768926, 2.502049, 68.576600, 38.511418, 15.406500, 6.851486, 207.519000, 77.595565, 0.000000, 0.000000, 0.000000, 0.000000, 0.000000, 0.000000, 0.000000, 0.000000, 0.000000, 0.000000, 0.000000, 0.000000, 0.000000, 0.000000, 0.000000, 0.000000, 0.000000, 0.000000, 0.000000, 0.000000, 0.000000, 0.000000, 0.000000, 0.000000, 0.000000, 0.000000, 0.000000, 0.000000
67, 175.265300, 62.292501, 19.739400, 6.033315, 32.821600, 11.252936, 0.166616, 0.105703, 28.320000, 10.921062, 4.501600, 10.921062, 7.009022, 0.905732, 14.827125, 2.538131, 70.866700, 39.787057, 15.735900, 6.958775, 212.117000, 79.324082, 0.000000, 0.000000, 0.000000, 0.000000, 0.000000, 0.000000, 0.000000, 0.000000, 0.000000, 0.000000, 0.000000, 0.000000, 0.000000, 0.000000, 0.000000, 0.000000, 0.000000, 0.000000, 0.000000, 0.000000, 0.000000, 0.000000, 0.000000, 0.000000, 0.000000, 0.000000, 0.000000, 0.000000
68, 177.887600, 63.448960, 19.809000, 6.085862, 33.228100, 11.398354, 0.171351, 0.109645, 28.751400, 11.054076, 4.476700, 11.054076, 7.002009, 0.903713, 14.882872, 2.558488, 73.165400, 41.082929, 16.061600, 7.088371, 216.712300, 81.020733, 0.000000, 0.000000, 0.000000, 0.000000, 0.000000, 0.000000, 0.000000, 0.000000, 0.000000, 0.000000, 0.000000, 0.000000, 0.000000, 0.000000, 0.000000, 0.000000, 0.000000, 0.000000, 0.000000, 0.000000, 0.000000, 0.000000, 0.000000, 0.000000, 0.000000, 0.000000, 0.000000, 0.000000
69, 180.489100, 64.599408, 19.860700, 6.116216, 33.626300, 11.571804, 0.176092, 0.113425, 29.180400, 11.240634, 4.445900, 11.240634, 6.997237, 0.909697, 14.942879, 2.575130, 75.498200, 42.334650, 16.385100, 7.200528, 221.323100, 82.729035, 0.000000, 0.000000, 0.000000, 0.000000, 0.000000, 0.000000, 0.000000, 0.000000, 0.000000, 0.000000, 0.000000, 0.000000, 0.000000, 0.000000, 0.000000, 0.000000, 0.000000, 0.000000, 0.000000, 0.000000, 0.000000, 0.000000, 0.000000, 0.000000, 0.000000, 0.000000, 0.000000, 0.000000
70, 183.010200, 65.675421, 19.914900, 6.150614, 34.012900, 11.752886, 0.180911, 0.117366, 29.591100, 11.420626, 4.421800, 11.420626, 6.992807, 0.913673, 15.001448, 2.595714, 77.888700, 43.648816, 16.720800, 7.319470, 225.899000, 84.391331, 0.000000, 0.000000, 0.000000, 0.000000, 0.000000, 0.000000, 0.000000, 0.000000, 0.000000, 0.000000, 0.000000, 0.000000, 0.000000, 0.000000, 0.000000, 0.000000, 0.000000, 0.000000, 0.000000, 0.000000, 0.000000, 0.000000, 0.000000, 0.000000, 0.000000, 0.000000, 0.000000, 0.000000
71, 185.514500, 66.803233, 19.952400, 6.192845, 34.413300, 11.945454, 0.185676, 0.121295, 30.008400, 11.607443, 4.404900, 11.607443, 6.986099, 0.915861, 15.065741, 2.626391, 80.276000, 44.941923, 17.041700, 7.438505, 230.469700, 86.067034, 0.000000, 0.000000, 0.000000, 0.000000, 0.000000, 0.000000, 0.000000, 0.000000, 0.000000, 0.000000, 0.000000, 0.000000, 0.000000, 0.000000, 0.000000, 0.000000, 0.000000, 0.000000, 0.000000, 0.000000, 0.000000, 0.000000, 0.000000, 0.000000, 0.000000, 0.000000, 0.000000, 0.000000
72, 187.942500, 67.916993, 19.988800, 6.218398, 34.777200, 12.115740, 0.190489, 0.124862, 30.389400, 11.781128, 4.387800, 11.781128, 6.983543, 0.918632, 15.128980, 2.647647, 82.744200, 46.234067, 17.371900, 7.562420, 235.035700, 87.729186, 0.000000, 0.000000, 0.000000, 0.000000, 0.000000, 0.000000, 0.000000, 0.000000, 0.000000, 0.000000, 0.000000, 0.000000, 0.000000, 0.000000, 0.000000, 0.000000, 0.000000, 0.000000, 0.000000, 0.000000, 0.000000, 0.000000, 0.000000, 0.000000, 0.000000, 0.000000, 0.000000, 0.000000
73, 190.364000, 69.012000, 20.022500, 6.235286, 35.158300, 12.271016, 0.195487, 0.128941, 30.792000, 11.926405, 4.366300, 11.926405, 6.976734, 0.927310, 15.187455, 2.685717, 85.219200, 47.555106, 17.698600, 7.686206, 239.605500, 89.408054, 0.000000, 0.000000, 0.000000, 0.000000, 0.000000, 0.000000, 0.000000, 0.000000, 0.000000, 0.000000, 0.000000, 0.000000, 0.000000, 0.000000, 0.000000, 0.000000, 0.000000, 0.000000, 0.000000, 0.000000, 0.000000, 0.000000, 0.000000, 0.000000, 0.000000, 0.000000, 0.000000, 0.000000
74, 192.743900, 70.094473, 20.050300, 6.263862, 35.571700, 12.489678, 0.200550, 0.133060, 31.227400, 12.135275, 4.344300, 12.135275, 6.968721, 0.932196, 15.245900, 2.691297, 87.678200, 48.854010, 18.028400, 7.814013, 244.114600, 91.045532, 0.000000, 0.000000, 0.000000, 0.000000, 0.000000, 0.000000, 0.000000, 0.000000, 0.000000, 0.000000, 0.000000, 0.000000, 0.000000, 0.000000, 0.000000, 0.000000, 0.000000, 0.000000, 0.000000, 0.000000, 0.000000, 0.000000, 0.000000, 0.000000, 0.000000, 0.000000, 0.000000, 0.000000
75, 195.335600, 71.313752, 20.092100, 6.312164, 35.978400, 12.681141, 0.206053, 0.137139, 31.655400, 12.308609, 4.323000, 12.308609, 6.962541, 0.936547, 15.312999, 2.737817, 90.397900, 50.301360, 18.382100, 7.953446, 249.072300, 92.904879, 0.000000, 0.000000, 0.000000, 0.000000, 0.000000, 0.000000, 0.000000, 0.000000, 0.000000, 0.000000, 0.000000, 0.000000, 0.000000, 0.000000, 0.000000, 0.000000, 0.000000, 0.000000, 0.000000, 0.000000, 0.000000, 0.000000, 0.000000, 0.000000, 0.000000, 0.000000, 0.000000, 0.000000
76, 197.682900, 72.398986, 20.135700, 6.361689, 36.338100, 12.818892, 0.211087, 0.140992, 32.029300, 12.452222, 4.308800, 12.452222, 6.955808, 0.934246, 15.368368, 2.748672, 92.899900, 51.637094, 18.709000, 8.076331, 253.594700, 94.564296, 0.000000, 0.000000, 0.000000, 0.000000, 0.000000, 0.000000, 0.000000, 0.000000, 0.000000, 0.000000, 0.000000, 0.000000, 0.000000, 0.000000, 0.000000, 0.000000, 0.000000, 0.000000, 0.000000, 0.000000, 0.000000, 0.000000, 0.000000, 0.000000, 0.000000, 0.000000, 0.000000, 0.000000
77, 199.987400, 73.491345, 20.153100, 6.372241, 36.734700, 13.013820, 0.216312, 0.145033, 32.454600, 12.643217, 4.280100, 12.643217, 6.948561, 0.936630, 15.432788, 2.788822, 95.449200, 53.009273, 19.038400, 8.203202, 258.119100, 96.238984, 0.000000, 0.000000, 0.000000, 0.000000, 0.000000, 0.000000, 0.000000, 0.000000, 0.000000, 0.000000, 0.000000, 0.000000, 0.000000, 0.000000, 0.000000, 0.000000, 0.000000, 0.000000, 0.000000, 0.000000, 0.000000, 0.000000, 0.000000, 0.000000, 0.000000, 0.000000, 0.000000, 0.000000
78, 202.204200, 74.519409, 20.177300, 6.388244, 37.067400, 13.154423, 0.221571, 0.148763, 32.803900, 12.786119, 4.263500, 12.786119, 6.945265, 0.938562, 15.490247, 2.814094, 98.043600, 54.381939, 19.358300, 8.318577, 262.610400, 97.897410, 0.000000, 0.000000, 0.000000, 0.000000, 0.000000, 0.000000, 0.000000, 0.000000, 0.000000, 0.000000, 0.000000, 0.000000, 0.000000, 0.000000, 0.000000, 0.000000, 0.000000, 0.000000, 0.000000, 0.000000, 0.000000, 0.000000, 0.000000, 0.000000, 0.000000, 0.000000, 0.000000, 0.000000
79, 204.435700, 75.585160, 20.187100, 6.395193, 37.397800, 13.329439, 0.226768, 0.152298, 33.151600, 12.938803, 4.246200, 12.938803, 6.944472, 0.949556, 15.554792, 2.836965, 100.654600, 55.703491, 19.689700, 8.444656, 267.121500, 99.567042, 0.000000, 0.000000, 0.000000, 0.000000, 0.000000, 0.000000, 0.000000, 0.000000, 0.000000, 0.000000, 0.000000, 0.000000, 0.000000, 0.000000, 0.000000, 0.000000, 0.000000, 0.000000, 0.000000, 0.000000, 0.000000, 0.000000, 0.000000, 0.000000, 0.000000, 0.000000, 0.000000, 0.000000
