0, 16.118300, 3.228576, 0.000000, 0.000000, 0.000000, 0.000000, 0.000000, 0.000000, 0.000000, 0.000000, 0.000000, 0.000000, 0.000000, 0.000000, 0.000000, 0.000000, 0.000000, 0.000000, 0.000000, 0.000000, 0.000000, 0.000000, 0.000000, 0.000000, 0.000000, 0.000000, 0.000000, 0.000000, 0.000000, 0.000000, 0.000000, 0.000000, 0.000000, 0.000000, 0.000000, 0.000000, 0.000000, 0.000000, 0.000000, 0.000000, 0.000000, 0.000000, 0.000000, 0.000000, 0.000000, 0.000000, 0.000000, 0.000000, 0.000000, 0.000000
1, 16.118300, 3.228576, 0.000000, 0.000000, 0.000000, 0.000000, 0.000000, 0.000000, 0.000000, 0.000000, 0.000000, 0.000000, 0.000000, 0.000000, 0.000000, 0.000000, 0.000000, 0.000000, 0.000000, 0.000000, 0.000000, 0.000000, 0.000000, 0.000000, 0.000000, 0.000000, 0.000000, 0.000000, 0.000000, 0.000000, 0.000000, 0.000000, 0.000000, 0.000000, 0.000000, 0.000000, 0.000000, 0.000000, 0.000000, 0.000000, 0.000000, 0.000000, 0.000000, 0.000000, 0.000000, 0.000000, 0.000000, 0.000000, 0.000000, 0.000000
2, 16.118300, 3.228576, 0.000000, 0.000000, 0.000000, 0.000000, 0.000000, 0.000000, 0.000000, 0.000000, 0.000000, 0.000000, 0.000000, 0.000000, 0.000000, 0.000000, 0.000000, 0.000000, 0.000000, 0.000000, 0.000000, 0.000000, 0.000000, 0.000000, 0.000000, 0.000000, 0.000000, 0.000000, 0.000000, 0.000000, 0.000000, 0.000000, 0.000000, 0.000000, 0.000000, 0.000000, 0.000000, 0.000000, 0.000000, 0.000000, 0.000000, 0.000000, 0.000000, 0.000000, 0.000000, 0.000000, 0.000000, 0.000000, 0.000000, 0.000000
3, 16.118300, 3.228576, 0.000000, 0.000000, 0.000000, 0.000000, 0.000000, 0.000000, 0.000000, 0.000000, 0.000000, 0.000000, 0.000000, 0.000000, 0.000000, 0.000000, 0.000000, 0.000000, 0.000000, 0.000000, 0.000000, 0.000000, 0.000000, 0.000000, 0.000000, 0.000000, 0.000000, 0.000000, 0.000000, 0.000000, 0.000000, 0.000000, 0.000000, 0.000000, 0.000000, 0.000000, 0.000000, 0.000000, 0.000000, 0.000000, 0.000000, 0.000000, 0.000000, 0.000000, 0.000000, 0.000000, 0.000000, 0.000000, 0.000000, 0.000000
4, 16.118300, 3.228576, 0.000000, 0.000000, 0.000000, 0.000000, 0.000000, 0.000000, 0.000000, 0.000000, 0.000000, 0.000000, 0.000000, 0.000000, 0.000000, 0.000000, 0.000000, 0.000000, 0.000000, 0.000000, 0.000000, 0.000000, 0.000000, 0.000000, 0.000000, 0.000000, 0.000000, 0.000000, 0.000000, 0.000000, 0.000000, 0.000000, 0.000000, 0.000000, 0.000000, 0.000000, 0.000000, 0.000000, 0.000000, 0.000000, 0.000000, 0.000000, 0.000000, 0.000000, 0.000000, 0.000000, 0.000000, 0.000000, 0.000000, 0.000000
5, 16.118300, 3.228576, 0.000000, 0.000000, 0.000000, 0.000000, 0.000000, 0.000000, 0.000000, 0.000000, 0.000000, 0.000000, 0.000000, 0.000000, 0.000000, 0.000000, 0.000000, 0.000000, 0.000000, 0.000000, 0.000000, 0.000000, 0.000000, 0.000000, 0.000000, 0.000000, 0.000000, 0.000000, 0.000000, 0.000000, 0.000000, 0.000000, 0.000000, 0.000000, 0.000000, 0.000000, 0.000000, 0.000000, 0.000000, 0.000000, 0.000000, 0.000000, 0.000000, 0.000000, 0.000000, 0.000000, 0.000000, 0.000000, 0.000000, 0.000000
6, 16.139000, 3.234730, 0.000000, 0.000000, 0.000000, 0.000000, 0.000000, 0.000000, 0.000000, 0.000000, 0.000000, 0.000000, 0.000000, 0.000000, 0.000000, 0.000000, 0.000000, 0.000000, 0.001400, 0.037390, 0.019300, 0.139023, 0.000000, 0.000000, 0.000000, 0.000000, 0.000000, 0.000000, 0.000000, 0.000000, 0.000000, 0.000000, 0.000000, 0.000000, 0.000000, 0.000000, 0.000000, 0.000000, 0.000000, 0.000000, 0.000000, 0.000000, 0.000000, 0.000000, 0.000000, 0.000000, 0.000000, 0.000000, 0.000000, 0.000000
7, 16.509300, 3.369438, 0.000000, 0.000000, 0.000000, 0.000000, 0.000002, 0.000001, 0.000000, 0.000000, 0.000000, 0.000000, 0.000000, 0.000000, 0.000000, 0.000000, 0.002200, 0.046853, 0.030400, 0.173424, 0.362800, 0.610390, 0.000000, 0.000000, 0.000000, 0.000000, 0.000000, 0.000000, 0.000000, 0.000000, 0.000000, 0.000000, 0.000000, 0.000000, 0.000000, 0.000000, 0.000000, 0.000000, 0.000000, 0.000000, 0.000000, 0.000000, 0.000000, 0.000000, 0.000000, 0.000000, 0.000000, 0.000000, 0.000000, 0.000000
8, 17.387900, 3.671489, 0.000000, 0.000000, 10.711000, 2.845712, 0.000048, 0.000013, 0.000000, 0.000000, 10.711000, 0.000000, 1.381532, 0.034102, 0.000000, 0.000000, 0.028300, 0.167030, 0.105900, 0.323242, 1.192000, 1.122825, 0.000000, 0.000000, 0.000000, 0.000000, 0.000000, 0.000000, 0.000000, 0.000000, 0.000000, 0.000000, 0.000000, 0.000000, 0.000000, 0.000000, 0.000000, 0.000000, 0.000000, 0.000000, 0.000000, 0.000000, 0.000000, 0.000000, 0.000000, 0.000000, 0.000000, 0.000000, 0.000000, 0.000000
9, 19.247700, 4.278171, 0.050300, 0.223540, 11.070000, 2.873378, 0.000775, 0.000250, 0.006800, 0.084580, 11.063200, 0.084580, 3.240923, 0.311244, 0.329408, 1.464934, 0.173400, 0.421583, 0.270000, 0.523355, 3.032800, 1.898348, 0.000000, 0.000000, 0.000000, 0.000000, 0.000000, 0.000000, 0.000000, 0.000000, 0.000000, 0.000000, 0.000000, 0.000000, 0.000000, 0.000000, 0.000000, 0.000000, 0.000000, 0.000000, 0.000000, 0.000000, 0.000000, 0.000000, 0.000000, 0.000000, 0.000000, 0.000000, 0.000000, 0.000000
10, 21.942600, 5.101775, 6.126600, 2.236643, 4.817800, 2.075958, 0.005361, 0.002453, 0.350500, 0.608153, 4.467300, 0.608153, 5.428965, 0.949713, 7.612025, 1.066145, 0.797400, 0.964548, 0.543400, 0.751476, 6.078300, 2.921535, 0.000000, 0.000000, 0.000000, 0.000000, 0.000000, 0.000000, 0.000000, 0.000000, 0.000000, 0.000000, 0.000000, 0.000000, 0.000000, 0.000000, 0.000000, 0.000000, 0.000000, 0.000000, 0.000000, 0.000000, 0.000000, 0.000000, 0.000000, 0.000000, 0.000000, 0.000000, 0.000000, 0.000000
11, 25.087300, 6.023594, 6.109800, 2.192474, 4.661600, 2.044477, 0.011134, 0.006990, 0.559300, 0.800802, 4.102300, 0.800802, 6.330436, 1.390951, 9.153294, 1.894094, 1.456500, 1.443367, 0.843500, 0.950688, 9.582000, 4.038252, 0.000000, 0.000000, 0.000000, 0.000000, 0.000000, 0.000000, 0.000000, 0.000000, 0.000000, 0.000000, 0.000000, 0.000000, 0.000000, 0.000000, 0.000000, 0.000000, 0.000000, 0.000000, 0.000000, 0.000000, 0.000000, 0.000000, 0.000000, 0.000000, 0.000000, 0.000000, 0.000000, 0.000000
12, 28.332600, 6.994839, 6.100400, 2.189000, 4.645400, 2.042464, 0.012394, 0.008362, 0.590600, 0.826675, 4.054800, 0.826675, 6.446604, 1.464067, 9.354725, 2.028754, 1.629400, 1.601080, 1.116600, 1.108875, 12.727100, 5.042799, 0.000000, 0.000000, 0.000000, 0.000000, 0.000000, 0.000000, 0.000000, 0.000000, 0.000000, 0.000000, 0.000000, 0.000000, 0.000000, 0.000000, 0.000000, 0.000000, 0.000000, 0.000000, 0.000000, 0.000000, 0.000000, 0.000000, 0.000000, 0.000000, 0.000000, 0.000000, 0.000000, 0.000000
13, 31.190500, 7.871023, 6.103600, 2.190403, 4.640100, 2.041316, 0.012517, 0.008512, 0.593200, 0.828441, 4.046900, 0.828441, 6.456334, 1.469855, 9.370215, 2.043009, 1.652000, 1.625453, 1.344700, 1.227062, 15.379500, 5.899430, 0.000000, 0.000000, 0.000000, 0.000000, 0.000000, 0.000000, 0.000000, 0.000000, 0.000000, 0.000000, 0.000000, 0.000000, 0.000000, 0.000000, 0.000000, 0.000000, 0.000000, 0.000000, 0.000000, 0.000000, 0.000000, 0.000000, 0.000000, 0.000000, 0.000000, 0.000000, 0.000000, 0.000000
14, 33.538600, 8.593329, 6.103200, 2.190194, 4.640100, 2.041561, 0.012528, 0.008527, 0.593500, 0.828527, 4.046600, 0.828527, 6.457691, 1.471537, 9.372483, 2.045091, 1.654800, 1.628569, 1.538100, 1.322781, 17.537000, 6.594834, 0.000000, 0.000000, 0.000000, 0.000000, 0.000000, 0.000000, 0.000000, 0.000000, 0.000000, 0.000000, 0.000000, 0.000000, 0.000000, 0.000000, 0.000000, 0.000000, 0.000000, 0.000000, 0.000000, 0.000000, 0.000000, 0.000000, 0.000000, 0.000000, 0.000000, 0.000000, 0.000000, 0.000000
15, 35.454400, 9.176553, 6.103400, 2.190002, 4.674000, 2.054002, 0.012529, 0.008528, 0.603600, 0.837656, 4.070400, 0.837656, 6.442232, 1.469247, 9.373166, 2.045530, 1.656200, 1.628620, 1.692600, 1.396104, 19.299700, 7.150936, 0.000000, 0.000000, 0.000000, 0.000000, 0.000000, 0.000000, 0.000000, 0.000000, 0.000000, 0.000000, 0.000000, 0.000000, 0.000000, 0.000000, 0.000000, 0.000000, 0.000000, 0.000000, 0.000000, 0.000000, 0.000000, 0.000000, 0.000000, 0.000000, 0.000000, 0.000000, 0.000000, 0.000000
16, 37.017100, 9.661367, 6.106400, 2.190315, 4.888000, 2.138096, 0.012533, 0.008528, 0.672500, 0.894787, 4.215500, 0.894787, 6.361132, 1.457672, 9.375390, 2.045393, 1.661300, 1.628982, 1.818200, 1.450637, 20.741900, 7.608540, 0.000000, 0.000000, 0.000000, 0.000000, 0.000000, 0.000000, 0.000000, 0.000000, 0.000000, 0.000000, 0.000000, 0.000000, 0.000000, 0.000000, 0.000000, 0.000000, 0.000000, 0.000000, 0.000000, 0.000000, 0.000000, 0.000000, 0.000000, 0.000000, 0.000000, 0.000000, 0.000000, 0.000000
17, 38.356000, 10.068389, 6.167800, 2.209127, 5.333700, 2.305330, 0.012571, 0.008532, 0.848400, 1.013616, 4.485300, 1.013616, 6.211333, 1.426381, 9.362352, 2.033153, 1.685200, 1.636307, 1.927300, 1.502336, 21.995600, 7.994722, 0.000000, 0.000000, 0.000000, 0.000000, 0.000000, 0.000000, 0.000000, 0.000000, 0.000000, 0.000000, 0.000000, 0.000000, 0.000000, 0.000000, 0.000000, 0.000000, 0.000000, 0.000000, 0.000000, 0.000000, 0.000000, 0.000000, 0.000000, 0.000000, 0.000000, 0.000000, 0.000000, 0.000000
18, 39.467100, 10.434382, 6.311200, 2.248723, 6.110800, 2.581225, 0.012721, 0.008559, 1.220800, 1.240664, 4.890000, 1.240664, 5.995664, 1.357697, 9.356915, 2.011730, 1.749100, 1.667438, 2.022400, 1.547287, 23.075500, 8.358289, 0.000000, 0.000000, 0.000000, 0.000000, 0.000000, 0.000000, 0.000000, 0.000000, 0.000000, 0.000000, 0.000000, 0.000000, 0.000000, 0.000000, 0.000000, 0.000000, 0.000000, 0.000000, 0.000000, 0.000000, 0.000000, 0.000000, 0.000000, 0.000000, 0.000000, 0.000000, 0.000000, 0.000000
19, 40.717400, 10.821457, 6.640100, 2.353587, 7.344300, 2.930726, 0.013159, 0.008667, 1.985000, 1.632414, 5.359300, 1.632414, 5.754925, 1.243829, 9.394455, 1.964014, 1.936900, 1.783625, 2.132900, 1.600637, 24.403100, 8.804602, 0.000000, 0.000000, 0.000000, 0.000000, 0.000000, 0.000000, 0.000000, 0.000000, 0.000000, 0.000000, 0.000000, 0.000000, 0.000000, 0.000000, 0.000000, 0.000000, 0.000000, 0.000000, 0.000000, 0.000000, 0.000000, 0.000000, 0.000000, 0.000000, 0.000000, 0.000000, 0.000000, 0.000000
20, 42.156300, 11.309344, 7.200200, 2.553844, 8.469700, 3.193819, 0.014126, 0.008964, 2.907200, 2.055234, 5.562500, 2.055234, 5.694002, 1.134705, 9.545836, 1.944479, 2.337900, 2.030154, 2.279200, 1.661760, 26.096700, 9.424126, 0.000000, 0.000000, 0.000000, 0.000000, 0.000000, 0.000000, 0.000000, 0.000000, 0.000000, 0.000000, 0.000000, 0.000000, 0.000000, 0.000000, 0.000000, 0.000000, 0.000000, 0.000000, 0.000000, 0.000000, 0.000000, 0.000000, 0.000000, 0.000000, 0.000000, 0.000000, 0.000000, 0.000000
21, 43.838800, 11.928328, 7.867400, 2.776476, 9.059500, 3.371937, 0.015867, 0.009605, 3.572500, 2.349924, 5.487000, 2.349924, 5.878772, 1.126348, 9.861317, 1.986367, 3.000900, 2.429218, 2.462300, 1.741373, 28.259100, 10.269185, 0.000000, 0.000000, 0.000000, 0.000000, 0.000000, 0.000000, 0.000000, 0.000000, 0.000000, 0.000000, 0.000000, 0.000000, 0.000000, 0.000000, 0.000000, 0.000000, 0.000000, 0.000000, 0.000000, 0.000000, 0.000000, 0.000000, 0.000000, 0.000000, 0.000000, 0.000000, 0.000000, 0.000000
22, 45.779400, 12.646317, 8.414700, 2.956708, 9.319200, 3.478378, 0.018400, 0.010824, 4.016800, 2.508330, 5.302400, 2.508330, 6.158701, 1.189608, 10.283625, 2.100906, 3.893700, 2.993259, 2.664300, 1.838153, 30.890500, 11.285340, 0.000000, 0.000000, 0.000000, 0.000000, 0.000000, 0.000000, 0.000000, 0.000000, 0.000000, 0.000000, 0.000000, 0.000000, 0.000000, 0.000000, 0.000000, 0.000000, 0.000000, 0.000000, 0.000000, 0.000000, 0.000000, 0.000000, 0.000000, 0.000000, 0.000000, 0.000000, 0.000000, 0.000000
23, 48.000000, 13.487928, 8.837700, 3.085864, 9.426900, 3.529569, 0.021170, 0.012420, 4.301300, 2.625399, 5.125600, 2.625399, 6.416969, 1.261766, 10.658530, 2.212470, 4.824800, 3.614513, 2.900500, 1.947408, 33.806000, 12.426671, 0.000000, 0.000000, 0.000000, 0.000000, 0.000000, 0.000000, 0.000000, 0.000000, 0.000000, 0.000000, 0.000000, 0.000000, 0.000000, 0.000000, 0.000000, 0.000000, 0.000000, 0.000000, 0.000000, 0.000000, 0.000000, 0.000000, 0.000000, 0.000000, 0.000000, 0.000000, 0.000000, 0.000000
24, 50.478200, 14.429391, 9.145000, 3.175213, 9.500000, 3.584494, 0.023624, 0.013818, 4.527800, 2.713564, 4.972200, 2.713564, 6.621950, 1.312783, 10.961127, 2.302882, 5.637300, 4.115623, 3.145200, 2.056676, 36.852000, 13.620128, 0.000000, 0.000000, 0.000000, 0.000000, 0.000000, 0.000000, 0.000000, 0.000000, 0.000000, 0.000000, 0.000000, 0.000000, 0.000000, 0.000000, 0.000000, 0.000000, 0.000000, 0.000000, 0.000000, 0.000000, 0.000000, 0.000000, 0.000000, 0.000000, 0.000000, 0.000000, 0.000000, 0.000000
25, 53.059000, 15.346802, 9.384600, 3.232318, 9.564100, 3.629696, 0.025701, 0.015087, 4.704900, 2.787439, 4.859200, 2.787439, 6.776396, 1.354602, 11.178687, 2.351971, 6.325600, 4.553327, 3.398500, 2.170092, 39.867800, 14.751777, 0.000000, 0.000000, 0.000000, 0.000000, 0.000000, 0.000000, 0.000000, 0.000000, 0.000000, 0.000000, 0.000000, 0.000000, 0.000000, 0.000000, 0.000000, 0.000000, 0.000000, 0.000000, 0.000000, 0.000000, 0.000000, 0.000000, 0.000000, 0.000000, 0.000000, 0.000000, 0.000000, 0.000000
26, 55.638900, 16.304193, 9.576100, 3.283871, 9.656500, 3.644133, 0.027353, 0.016078, 4.864600, 2.816250, 4.791900, 2.816250, 6.882018, 1.381556, 11.348496, 2.393684, 6.887200, 4.902599, 3.635900, 2.271504, 42.771900, 15.860128, 0.000000, 0.000000, 0.000000, 0.000000, 0.000000, 0.000000, 0.000000, 0.000000, 0.000000, 0.000000, 0.000000, 0.000000, 0.000000, 0.000000, 0.000000, 0.000000, 0.000000, 0.000000, 0.000000, 0.000000, 0.000000, 0.000000, 0.000000, 0.000000, 0.000000, 0.000000, 0.000000, 0.000000
27, 58.123400, 17.243444, 9.731100, 3.323822, 9.826500, 3.713112, 0.028664, 0.016777, 5.052900, 2.880191, 4.773600, 2.880191, 6.942237, 1.392284, 11.476350, 2.423659, 7.350400, 5.186600, 3.859700, 2.374998, 45.495800, 16.900473, 0.000000, 0.000000, 0.000000, 0.000000, 0.000000, 0.000000, 0.000000, 0.000000, 0.000000, 0.000000, 0.000000, 0.000000, 0.000000, 0.000000, 0.000000, 0.000000, 0.000000, 0.000000, 0.000000, 0.000000, 0.000000, 0.000000, 0.000000, 0.000000, 0.000000, 0.000000, 0.000000, 0.000000
28, 60.460700, 18.107133, 9.884100, 3.358254, 10.108500, 3.817634, 0.029716, 0.017302, 5.320300, 2.995281, 4.788200, 2.995281, 6.955584, 1.389798, 11.562950, 2.429950, 7.739800, 5.400972, 4.065800, 2.453298, 48.016400, 17.851076, 0.000000, 0.000000, 0.000000, 0.000000, 0.000000, 0.000000, 0.000000, 0.000000, 0.000000, 0.000000, 0.000000, 0.000000, 0.000000, 0.000000, 0.000000, 0.000000, 0.000000, 0.000000, 0.000000, 0.000000, 0.000000, 0.000000, 0.000000, 0.000000, 0.000000, 0.000000, 0.000000, 0.000000
29, 62.688600, 18.899768, 10.050900, 3.409913, 10.551000, 3.979447, 0.030663, 0.017807, 5.719000, 3.155731, 4.832000, 3.155731, 6.926719, 1.372897, 11.634638, 2.417471, 8.107900, 5.608231, 4.265400, 2.540741, 50.412800, 18.712359, 0.000000, 0.000000, 0.000000, 0.000000, 0.000000, 0.000000, 0.000000, 0.000000, 0.000000, 0.000000, 0.000000, 0.000000, 0.000000, 0.000000, 0.000000, 0.000000, 0.000000, 0.000000, 0.000000, 0.000000, 0.000000, 0.000000, 0.000000, 0.000000, 0.000000, 0.000000, 0.000000, 0.000000
30, 64.813900, 19.687150, 10.262600, 3.484199, 11.135600, 4.179978, 0.031597, 0.018247, 6.241200, 3.361580, 4.894400, 3.361580, 6.868313, 1.332786, 11.694400, 2.418938, 8.505900, 5.825733, 4.454600, 2.622659, 52.746900, 19.571766, 0.000000, 0.000000, 0.000000, 0.000000, 0.000000, 0.000000, 0.000000, 0.000000, 0.000000, 0.000000, 0.000000, 0.000000, 0.000000, 0.000000, 0.000000, 0.000000, 0.000000, 0.000000, 0.000000, 0.000000, 0.000000, 0.000000, 0.000000, 0.000000, 0.000000, 0.000000, 0.000000, 0.000000
31, 66.854400, 20.441913, 10.511500, 3.575146, 11.843200, 4.393383, 0.032678, 0.018701, 6.895300, 3.623222, 4.947900, 3.623222, 6.801515, 1.280203, 11.765013, 2.426260, 8.999200, 6.097475, 4.646800, 2.702675, 55.088500, 20.463970, 0.000000, 0.000000, 0.000000, 0.000000, 0.000000, 0.000000, 0.000000, 0.000000, 0.000000, 0.000000, 0.000000, 0.000000, 0.000000, 0.000000, 0.000000, 0.000000, 0.000000, 0.000000, 0.000000, 0.000000, 0.000000, 0.000000, 0.000000, 0.000000, 0.000000, 0.000000, 0.000000, 0.000000
32, 68.927300, 21.222338, 10.791500, 3.678074, 12.493300, 4.619562, 0.034051, 0.019233, 7.520600, 3.892091, 4.972700, 3.892091, 6.773429, 1.240619, 11.854169, 2.413143, 9.639000, 6.412385, 4.840900, 2.786967, 57.607100, 21.435553, 0.000000, 0.000000, 0.000000, 0.000000, 0.000000, 0.000000, 0.000000, 0.000000, 0.000000, 0.000000, 0.000000, 0.000000, 0.000000, 0.000000, 0.000000, 0.000000, 0.000000, 0.000000, 0.000000, 0.000000, 0.000000, 0.000000, 0.000000, 0.000000, 0.000000, 0.000000, 0.000000, 0.000000
33, 70.992700, 21.977430, 11.088200, 3.784788, 13.098100, 4.790144, 0.035740, 0.019888, 8.139000, 4.113305, 4.959100, 4.113305, 6.766116, 1.203917, 11.959759, 2.405452, 10.464400, 6.851798, 5.061300, 2.882315, 60.277500, 22.482569, 0.000000, 0.000000, 0.000000, 0.000000, 0.000000, 0.000000, 0.000000, 0.000000, 0.000000, 0.000000, 0.000000, 0.000000, 0.000000, 0.000000, 0.000000, 0.000000, 0.000000, 0.000000, 0.000000, 0.000000, 0.000000, 0.000000, 0.000000, 0.000000, 0.000000, 0.000000, 0.000000, 0.000000
34, 73.141100, 22.789932, 11.378400, 3.871978, 13.589200, 4.957847, 0.037687, 0.020712, 8.668100, 4.300110, 4.921100, 4.300110, 6.791248, 1.181483, 12.075577, 2.393664, 11.397900, 7.354929, 5.296900, 2.976668, 63.123800, 23.622889, 0.000000, 0.000000, 0.000000, 0.000000, 0.000000, 0.000000, 0.000000, 0.000000, 0.000000, 0.000000, 0.000000, 0.000000, 0.000000, 0.000000, 0.000000, 0.000000, 0.000000, 0.000000, 0.000000, 0.000000, 0.000000, 0.000000, 0.000000, 0.000000, 0.000000, 0.000000, 0.000000, 0.000000
35, 75.396100, 23.688487, 11.615700, 3.945277, 14.038500, 5.129290, 0.039839, 0.021792, 9.147800, 4.487778, 4.890700, 4.487778, 6.828999, 1.171435, 12.221502, 2.413131, 12.422000, 7.923807, 5.539100, 3.082186, 66.160700, 24.861357, 0.000000, 0.000000, 0.000000, 0.000000, 0.000000, 0.000000, 0.000000, 0.000000, 0.000000, 0.000000, 0.000000, 0.000000, 0.000000, 0.000000, 0.000000, 0.000000, 0.000000, 0.000000, 0.000000, 0.000000, 0.000000, 0.000000, 0.000000, 0.000000, 0.000000, 0.000000, 0.000000, 0.000000
36, 77.738300, 24.615625, 11.846300, 4.026720, 14.364500, 5.234486, 0.042067, 0.022943, 9.539400, 4.620113, 4.825100, 4.620113, 6.879315, 1.163557, 12.353137, 2.420997, 13.497400, 8.553011, 5.785300, 3.181918, 69.332100, 26.130668, 0.000000, 0.000000, 0.000000, 0.000000, 0.000000, 0.000000, 0.000000, 0.000000, 0.000000, 0.000000, 0.000000, 0.000000, 0.000000, 0.000000, 0.000000, 0.000000, 0.000000, 0.000000, 0.000000, 0.000000, 0.000000, 0.000000, 0.000000, 0.000000, 0.000000, 0.000000, 0.000000, 0.000000
37, 80.139100, 25.557601, 12.038400, 4.091470, 14.652900, 5.306413, 0.044317, 0.024207, 9.882300, 4.723055, 4.770600, 4.723055, 6.930442, 1.167940, 12.495274, 2.452277, 14.553800, 9.188020, 6.046500, 3.285748, 72.528100, 27.429240, 0.000000, 0.000000, 0.000000, 0.000000, 0.000000, 0.000000, 0.000000, 0.000000, 0.000000, 0.000000, 0.000000, 0.000000, 0.000000, 0.000000, 0.000000, 0.000000, 0.000000, 0.000000, 0.000000, 0.000000, 0.000000, 0.000000, 0.000000, 0.000000, 0.000000, 0.000000, 0.000000, 0.000000
38, 82.764700, 26.611601, 12.170100, 4.133880, 14.880600, 5.358838, 0.045943, 0.025451, 10.141400, 4.795916, 4.739200, 4.795916, 6.952175, 1.164827, 12.577237, 2.481514, 15.354300, 9.759107, 6.296000, 3.384876, 75.704700, 28.727466, 0.000000, 0.000000, 0.000000, 0.000000, 0.000000, 0.000000, 0.000000, 0.000000, 0.000000, 0.000000, 0.000000, 0.000000, 0.000000, 0.000000, 0.000000, 0.000000, 0.000000, 0.000000, 0.000000, 0.000000, 0.000000, 0.000000, 0.000000, 0.000000, 0.000000, 0.000000, 0.000000, 0.000000
39, 85.650100, 27.789787, 12.173200, 4.136400, 15.193400, 5.446430, 0.046052, 0.025773, 10.381500, 4.884973, 4.811900, 4.884973, 6.892484, 1.148433, 12.579031, 2.488547, 15.457300, 9.987371, 6.520900, 3.463923, 78.468200, 29.850544, 0.000000, 0.000000, 0.000000, 0.000000, 0.000000, 0.000000, 0.000000, 0.000000, 0.000000, 0.000000, 0.000000, 0.000000, 0.000000, 0.000000, 0.000000, 0.000000, 0.000000, 0.000000, 0.000000, 0.000000, 0.000000, 0.000000, 0.000000, 0.000000, 0.000000, 0.000000, 0.000000, 0.000000
40, 88.119600, 28.820099, 12.176400, 4.137183, 15.452900, 5.520216, 0.046106, 0.026031, 10.582700, 4.959855, 4.870200, 4.959855, 6.846576, 1.135236, 12.580478, 2.489051, 15.502900, 10.119644, 6.704600, 3.540839, 80.799600, 30.804708, 0.000000, 0.000000, 0.000000, 0.000000, 0.000000, 0.000000, 0.000000, 0.000000, 0.000000, 0.000000, 0.000000, 0.000000, 0.000000, 0.000000, 0.000000, 0.000000, 0.000000, 0.000000, 0.000000, 0.000000, 0.000000, 0.000000, 0.000000, 0.000000, 0.000000, 0.000000, 0.000000, 0.000000
41, 90.229000, 29.728074, 12.180500, 4.139531, 15.719100, 5.595355, 0.046123, 0.026120, 10.789200, 5.032491, 4.929900, 5.032491, 6.800568, 1.122981, 12.581823, 2.490686, 15.526500, 10.174542, 6.869000, 3.614947, 82.768200, 31.626936, 0.000000, 0.000000, 0.000000, 0.000000, 0.000000, 0.000000, 0.000000, 0.000000, 0.000000, 0.000000, 0.000000, 0.000000, 0.000000, 0.000000, 0.000000, 0.000000, 0.000000, 0.000000, 0.000000, 0.000000, 0.000000, 0.000000, 0.000000, 0.000000, 0.000000, 0.000000, 0.000000, 0.000000
42, 92.024200, 30.464087, 12.186700, 4.141937, 15.996000, 5.670290, 0.046136, 0.026176, 11.005300, 5.112638, 4.990700, 5.112638, 6.752919, 1.107244, 12.581565, 2.489163, 15.545800, 10.204945, 7.002500, 3.665937, 84.449200, 32.304978, 0.000000, 0.000000, 0.000000, 0.000000, 0.000000, 0.000000, 0.000000, 0.000000, 0.000000, 0.000000, 0.000000, 0.000000, 0.000000, 0.000000, 0.000000, 0.000000, 0.000000, 0.000000, 0.000000, 0.000000, 0.000000, 0.000000, 0.000000, 0.000000, 0.000000, 0.000000, 0.000000, 0.000000
43, 93.550700, 31.090790, 12.192500, 4.144978, 16.253000, 5.746389, 0.046143, 0.026185, 11.208400, 5.189332, 5.044600, 5.189332, 6.710893, 1.093670, 12.582772, 2.488958, 15.564700, 10.221684, 7.117300, 3.716899, 85.879800, 32.877420, 0.000000, 0.000000, 0.000000, 0.000000, 0.000000, 0.000000, 0.000000, 0.000000, 0.000000, 0.000000, 0.000000, 0.000000, 0.000000, 0.000000, 0.000000, 0.000000, 0.000000, 0.000000, 0.000000, 0.000000, 0.000000, 0.000000, 0.000000, 0.000000, 0.000000, 0.000000, 0.000000, 0.000000
44, 94.880100, 31.670787, 12.200300, 4.146418, 16.484600, 5.834600, 0.046150, 0.026186, 11.390200, 5.275618, 5.094400, 5.275618, 6.675632, 1.081324, 12.582329, 2.487002, 15.586900, 10.228541, 7.216900, 3.759688, 87.131800, 33.413471, 0.000000, 0.000000, 0.000000, 0.000000, 0.000000, 0.000000, 0.000000, 0.000000, 0.000000, 0.000000, 0.000000, 0.000000, 0.000000, 0.000000, 0.000000, 0.000000, 0.000000, 0.000000, 0.000000, 0.000000, 0.000000, 0.000000, 0.000000, 0.000000, 0.000000, 0.000000, 0.000000, 0.000000
45, 96.023700, 32.148856, 12.209500, 4.149724, 16.719100, 5.907977, 0.046158, 0.026187, 11.578900, 5.353595, 5.140200, 5.353595, 6.640791, 1.072469, 12.582517, 2.486164, 15.608100, 10.234848, 7.302500, 3.797472, 88.211000, 33.856094, 0.000000, 0.000000, 0.000000, 0.000000, 0.000000, 0.000000, 0.000000, 0.000000, 0.000000, 0.000000, 0.000000, 0.000000, 0.000000, 0.000000, 0.000000, 0.000000, 0.000000, 0.000000, 0.000000, 0.000000, 0.000000, 0.000000, 0.000000, 0.000000, 0.000000, 0.000000, 0.000000, 0.000000
46, 97.063600, 32.584753, 12.218500, 4.152392, 16.970500, 5.985034, 0.046167, 0.026189, 11.785700, 5.431830, 5.184800, 5.431830, 6.603013, 1.060983, 12.583125, 2.484019, 15.629600, 10.240283, 7.375900, 3.829830, 89.199000, 34.268980, 0.000000, 0.000000, 0.000000, 0.000000, 0.000000, 0.000000, 0.000000, 0.000000, 0.000000, 0.000000, 0.000000, 0.000000, 0.000000, 0.000000, 0.000000, 0.000000, 0.000000, 0.000000, 0.000000, 0.000000, 0.000000, 0.000000, 0.000000, 0.000000, 0.000000, 0.000000, 0.000000, 0.000000
47, 97.993200, 32.993787, 12.231300, 4.156850, 17.199100, 6.066025, 0.046179, 0.026190, 11.977200, 5.512919, 5.221900, 5.512919, 6.571373, 1.051407, 12.583657, 2.483358, 15.659900, 10.248260, 7.444400, 3.862837, 90.090400, 34.653133, 0.000000, 0.000000, 0.000000, 0.000000, 0.000000, 0.000000, 0.000000, 0.000000, 0.000000, 0.000000, 0.000000, 0.000000, 0.000000, 0.000000, 0.000000, 0.000000, 0.000000, 0.000000, 0.000000, 0.000000, 0.000000, 0.000000, 0.000000, 0.000000, 0.000000, 0.000000, 0.000000, 0.000000
48, 98.844800, 33.348531, 12.247900, 4.161015, 20.354200, 6.762702, 0.046194, 0.026193, 14.130000, 6.264655, 6.224200, 6.264655, 6.029017, 0.942483, 12.581979, 2.478664, 15.694800, 10.260383, 7.511200, 3.893286, 90.910100, 34.992234, 0.000000, 0.000000, 0.000000, 0.000000, 0.000000, 0.000000, 0.000000, 0.000000, 0.000000, 0.000000, 0.000000, 0.000000, 0.000000, 0.000000, 0.000000, 0.000000, 0.000000, 0.000000, 0.000000, 0.000000, 0.000000, 0.000000, 0.000000, 0.000000, 0.000000, 0.000000, 0.000000, 0.000000
49, 99.641700, 33.690686, 12.266300, 4.169051, 27.649900, 8.426039, 0.046212, 0.026195, 19.174000, 8.018923, 8.475900, 8.018923, 5.134229, 0.757859, 12.583755, 2.477475, 15.736000, 10.274303, 7.571100, 3.918360, 91.688300, 35.320110, 0.000000, 0.000000, 0.000000, 0.000000, 0.000000, 0.000000, 0.000000, 0.000000, 0.000000, 0.000000, 0.000000, 0.000000, 0.000000, 0.000000, 0.000000, 0.000000, 0.000000, 0.000000, 0.000000, 0.000000, 0.000000, 0.000000, 0.000000, 0.000000, 0.000000, 0.000000, 0.000000, 0.000000
50, 100.363200, 34.003204, 12.287000, 4.179118, 29.793400, 9.074895, 0.046237, 0.026199, 20.845200, 8.663212, 8.948200, 8.663212, 4.974465, 0.707332, 12.586461, 2.475408, 15.780500, 10.281154, 7.626700, 3.940983, 92.398700, 35.623084, 0.000000, 0.000000, 0.000000, 0.000000, 0.000000, 0.000000, 0.000000, 0.000000, 0.000000, 0.000000, 0.000000, 0.000000, 0.000000, 0.000000, 0.000000, 0.000000, 0.000000, 0.000000, 0.000000, 0.000000, 0.000000, 0.000000, 0.000000, 0.000000, 0.000000, 0.000000, 0.000000, 0.000000
51, 101.030300, 34.273707, 12.311400, 4.184260, 31.650300, 9.722140, 0.046267, 0.026204, 22.356900, 9.274455, 9.293400, 9.274455, 4.861552, 0.665376, 12.586430, 2.467920, 15.833500, 10.297552, 7.678700, 3.961649, 93.066800, 35.891293, 0.000000, 0.000000, 0.000000, 0.000000, 0.000000, 0.000000, 0.000000, 0.000000, 0.000000, 0.000000, 0.000000, 0.000000, 0.000000, 0.000000, 0.000000, 0.000000, 0.000000, 0.000000, 0.000000, 0.000000, 0.000000, 0.000000, 0.000000, 0.000000, 0.000000, 0.000000, 0.000000, 0.000000
52, 101.656800, 34.546936, 12.344200, 4.195536, 33.530300, 10.349468, 0.046303, 0.026209, 23.925600, 9.887278, 9.604700, 9.887278, 4.756795, 0.620398, 12.584497, 2.461177, 15.895700, 10.313100, 7.727700, 3.982782, 93.706500, 36.170197, 0.000000, 0.000000, 0.000000, 0.000000, 0.000000, 0.000000, 0.000000, 0.000000, 0.000000, 0.000000, 0.000000, 0.000000, 0.000000, 0.000000, 0.000000, 0.000000, 0.000000, 0.000000, 0.000000, 0.000000, 0.000000, 0.000000, 0.000000, 0.000000, 0.000000, 0.000000, 0.000000, 0.000000
53, 102.252600, 34.799106, 12.373900, 4.201464, 35.480800, 11.029979, 0.046344, 0.026216, 25.563000, 10.544839, 9.917800, 10.544839, 4.656272, 0.578528, 12.585918, 2.456279, 15.959800, 10.330285, 7.772200, 4.003562, 94.321900, 36.425371, 0.000000, 0.000000, 0.000000, 0.000000, 0.000000, 0.000000, 0.000000, 0.000000, 0.000000, 0.000000, 0.000000, 0.000000, 0.000000, 0.000000, 0.000000, 0.000000, 0.000000, 0.000000, 0.000000, 0.000000, 0.000000, 0.000000, 0.000000, 0.000000, 0.000000, 0.000000, 0.000000, 0.000000
54, 102.797700, 35.030846, 12.404900, 4.216249, 37.491400, 11.733700, 0.046388, 0.026223, 27.258700, 11.223563, 10.232700, 11.223563, 4.559507, 0.542579, 12.588191, 2.452263, 16.031600, 10.353985, 7.818400, 4.025745, 94.892600, 36.664466, 0.000000, 0.000000, 0.000000, 0.000000, 0.000000, 0.000000, 0.000000, 0.000000, 0.000000, 0.000000, 0.000000, 0.000000, 0.000000, 0.000000, 0.000000, 0.000000, 0.000000, 0.000000, 0.000000, 0.000000, 0.000000, 0.000000, 0.000000, 0.000000, 0.000000, 0.000000, 0.000000, 0.000000
55, 103.304100, 35.260040, 12.439400, 4.231918, 39.586100, 12.488762, 0.046434, 0.026232, 29.023300, 11.960115, 10.562800, 11.960115, 4.464817, 0.509327, 12.589753, 2.447626, 16.106000, 10.380172, 7.861600, 4.043049, 95.430200, 36.909068, 0.000000, 0.000000, 0.000000, 0.000000, 0.000000, 0.000000, 0.000000, 0.000000, 0.000000, 0.000000, 0.000000, 0.000000, 0.000000, 0.000000, 0.000000, 0.000000, 0.000000, 0.000000, 0.000000, 0.000000, 0.000000, 0.000000, 0.000000, 0.000000, 0.000000, 0.000000, 0.000000, 0.000000
56, 103.779000, 35.464931, 12.472000, 4.241629, 41.530700, 13.185145, 0.046480, 0.026241, 30.664000, 12.626825, 10.866700, 12.626825, 4.386799, 0.485418, 12.590243, 2.441094, 16.178200, 10.405135, 7.902100, 4.062329, 95.936800, 37.127192, 0.000000, 0.000000, 0.000000, 0.000000, 0.000000, 0.000000, 0.000000, 0.000000, 0.000000, 0.000000, 0.000000, 0.000000, 0.000000, 0.000000, 0.000000, 0.000000, 0.000000, 0.000000, 0.000000, 0.000000, 0.000000, 0.000000, 0.000000, 0.000000, 0.000000, 0.000000, 0.000000, 0.000000
57, 104.205100, 35.641521, 12.511700, 4.259514, 43.172200, 13.802005, 0.046526, 0.026250, 32.039100, 13.203589, 11.133100, 13.203589, 4.330830, 0.468386, 12.586890, 2.440180, 16.250700, 10.425452, 7.940000, 4.077058, 96.397500, 37.322022, 0.000000, 0.000000, 0.000000, 0.000000, 0.000000, 0.000000, 0.000000, 0.000000, 0.000000, 0.000000, 0.000000, 0.000000, 0.000000, 0.000000, 0.000000, 0.000000, 0.000000, 0.000000, 0.000000, 0.000000, 0.000000, 0.000000, 0.000000, 0.000000, 0.000000, 0.000000, 0.000000, 0.000000
58, 104.584800, 35.804427, 12.544200, 4.272499, 44.535400, 14.329485, 0.046571, 0.026260, 33.174900, 13.693908, 11.360500, 13.693908, 4.292095, 0.456048, 12.586260, 2.433267, 16.323300, 10.448693, 7.976500, 4.088881, 96.813300, 37.504848, 0.000000, 0.000000, 0.000000, 0.000000, 0.000000, 0.000000, 0.000000, 0.000000, 0.000000, 0.000000, 0.000000, 0.000000, 0.000000, 0.000000, 0.000000, 0.000000, 0.000000, 0.000000, 0.000000, 0.000000, 0.000000, 0.000000, 0.000000, 0.000000, 0.000000, 0.000000, 0.000000, 0.000000
59, 104.927800, 35.947793, 12.578700, 4.285698, 45.641900, 14.734805, 0.046614, 0.026270, 34.101200, 14.079352, 11.540700, 14.079352, 4.266089, 0.446777, 12.583307, 2.425883, 16.388000, 10.466148, 8.005100, 4.099375, 97.192400, 37.670105, 0.000000, 0.000000, 0.000000, 0.000000, 0.000000, 0.000000, 0.000000, 0.000000, 0.000000, 0.000000, 0.000000, 0.000000, 0.000000, 0.000000, 0.000000, 0.000000, 0.000000, 0.000000, 0.000000, 0.000000, 0.000000, 0.000000, 0.000000, 0.000000, 0.000000, 0.000000, 0.000000, 0.000000
60, 105.245600, 36.086641, 12.612600, 4.295733, 46.557500, 15.082198, 0.046655, 0.026279, 34.850800, 14.399401, 11.706700, 14.399401, 4.248728, 0.439379, 12.577632, 2.410061, 16.453800, 10.484754, 8.031300, 4.112702, 97.549800, 37.830376, 0.000000, 0.000000, 0.000000, 0.000000, 0.000000, 0.000000, 0.000000, 0.000000, 0.000000, 0.000000, 0.000000, 0.000000, 0.000000, 0.000000, 0.000000, 0.000000, 0.000000, 0.000000, 0.000000, 0.000000, 0.000000, 0.000000, 0.000000, 0.000000, 0.000000, 0.000000, 0.000000, 0.000000
61, 105.526400, 36.212151, 12.638900, 4.303755, 47.298200, 15.384391, 0.046694, 0.026288, 35.462800, 14.670502, 11.835400, 14.670502, 4.238403, 0.434711, 12.576801, 2.407743, 16.514700, 10.502561, 8.056000, 4.124156, 97.866800, 37.976362, 0.000000, 0.000000, 0.000000, 0.000000, 0.000000, 0.000000, 0.000000, 0.000000, 0.000000, 0.000000, 0.000000, 0.000000, 0.000000, 0.000000, 0.000000, 0.000000, 0.000000, 0.000000, 0.000000, 0.000000, 0.000000, 0.000000, 0.000000, 0.000000, 0.000000, 0.000000, 0.000000, 0.000000
62, 105.781200, 36.335480, 12.668000, 4.316222, 47.951200, 15.630042, 0.046730, 0.026297, 36.000200, 14.900161, 11.951000, 14.900161, 4.229822, 0.431523, 12.572807, 2.401178, 16.569400, 10.522157, 8.079700, 4.134942, 98.152600, 38.116533, 0.000000, 0.000000, 0.000000, 0.000000, 0.000000, 0.000000, 0.000000, 0.000000, 0.000000, 0.000000, 0.000000, 0.000000, 0.000000, 0.000000, 0.000000, 0.000000, 0.000000, 0.000000, 0.000000, 0.000000, 0.000000, 0.000000, 0.000000, 0.000000, 0.000000, 0.000000, 0.000000, 0.000000
63, 106.021400, 36.436459, 12.696600, 4.328458, 48.518000, 15.863747, 0.046764, 0.026305, 36.452500, 15.102958, 12.065500, 15.102958, 4.223111, 0.428316, 12.568767, 2.397437, 16.616300, 10.536644, 8.099500, 4.145504, 98.419900, 38.231591, 0.000000, 0.000000, 0.000000, 0.000000, 0.000000, 0.000000, 0.000000, 0.000000, 0.000000, 0.000000, 0.000000, 0.000000, 0.000000, 0.000000, 0.000000, 0.000000, 0.000000, 0.000000, 0.000000, 0.000000, 0.000000, 0.000000, 0.000000, 0.000000, 0.000000, 0.000000, 0.000000, 0.000000
64, 106.233400, 36.525571, 12.721700, 4.337701, 49.042700, 16.076314, 0.046794, 0.026312, 36.877200, 15.292623, 12.165500, 15.292623, 4.216019, 0.425637, 12.563374, 2.384761, 16.660200, 10.550229, 8.117500, 4.154070, 98.657800, 38.334059, 0.000000, 0.000000, 0.000000, 0.000000, 0.000000, 0.000000, 0.000000, 0.000000, 0.000000, 0.000000, 0.000000, 0.000000, 0.000000, 0.000000, 0.000000, 0.000000, 0.000000, 0.000000, 0.000000, 0.000000, 0.000000, 0.000000, 0.000000, 0.000000, 0.000000, 0.000000, 0.000000, 0.000000
65, 106.427500, 36.606368, 12.749500, 4.346901, 49.482500, 16.253273, 0.046821, 0.026319, 37.221600, 15.444050, 12.260900, 15.444050, 4.211159, 0.423223, 12.555677, 2.378353, 16.701600, 10.561683, 8.133900, 4.161943, 98.876900, 38.427456, 0.000000, 0.000000, 0.000000, 0.000000, 0.000000, 0.000000, 0.000000, 0.000000, 0.000000, 0.000000, 0.000000, 0.000000, 0.000000, 0.000000, 0.000000, 0.000000, 0.000000, 0.000000, 0.000000, 0.000000, 0.000000, 0.000000, 0.000000, 0.000000, 0.000000, 0.000000, 0.000000, 0.000000
66, 106.605900, 36.691953, 12.774600, 4.356443, 49.929700, 16.436835, 0.046845, 0.026324, 37.576600, 15.604542, 12.353100, 15.604542, 4.204009, 0.420797, 12.548676, 2.371811, 16.739800, 10.572866, 8.151000, 4.170827, 99.076400, 38.519044, 0.000000, 0.000000, 0.000000, 0.000000, 0.000000, 0.000000, 0.000000, 0.000000, 0.000000, 0.000000, 0.000000, 0.000000, 0.000000, 0.000000, 0.000000, 0.000000, 0.000000, 0.000000, 0.000000, 0.000000, 0.000000, 0.000000, 0.000000, 0.000000, 0.000000, 0.000000, 0.000000, 0.000000
67, 106.768100, 36.764406, 12.796600, 4.365779, 50.347500, 16.586017, 0.046867, 0.026330, 37.902100, 15.741211, 12.445400, 15.741211, 4.196617, 0.418150, 12.542598, 2.366408, 16.771200, 10.586220, 8.167000, 4.175441, 99.254000, 38.600281, 0.000000, 0.000000, 0.000000, 0.000000, 0.000000, 0.000000, 0.000000, 0.000000, 0.000000, 0.000000, 0.000000, 0.000000, 0.000000, 0.000000, 0.000000, 0.000000, 0.000000, 0.000000, 0.000000, 0.000000, 0.000000, 0.000000, 0.000000, 0.000000, 0.000000, 0.000000, 0.000000, 0.000000
68, 106.912200, 36.827141, 12.817200, 4.375498, 50.728200, 16.723963, 0.046886, 0.026334, 38.200600, 15.863775, 12.527600, 15.863775, 4.189641, 0.415362, 12.537685, 2.365517, 16.803700, 10.599395, 8.180100, 4.180630, 99.417500, 38.672212, 0.000000, 0.000000, 0.000000, 0.000000, 0.000000, 0.000000, 0.000000, 0.000000, 0.000000, 0.000000, 0.000000, 0.000000, 0.000000, 0.000000, 0.000000, 0.000000, 0.000000, 0.000000, 0.000000, 0.000000, 0.000000, 0.000000, 0.000000, 0.000000, 0.000000, 0.000000, 0.000000, 0.000000
69, 107.056800, 36.900295, 12.832900, 4.383489, 51.109000, 16.872449, 0.046904, 0.026339, 38.493600, 15.990477, 12.615400, 15.990477, 4.182048, 0.413412, 12.533959, 2.362674, 16.827600, 10.609122, 8.193400, 4.186717, 99.572700, 38.751858, 0.000000, 0.000000, 0.000000, 0.000000, 0.000000, 0.000000, 0.000000, 0.000000, 0.000000, 0.000000, 0.000000, 0.000000, 0.000000, 0.000000, 0.000000, 0.000000, 0.000000, 0.000000, 0.000000, 0.000000, 0.000000, 0.000000, 0.000000, 0.000000, 0.000000, 0.000000, 0.000000, 0.000000
70, 107.184400, 36.961778, 12.853200, 4.390473, 51.469700, 17.026335, 0.046919, 0.026342, 38.777800, 16.114013, 12.691900, 16.114013, 4.174638, 0.412174, 12.527135, 2.360335, 16.849700, 10.615503, 8.204000, 4.192396, 99.711800, 38.819731, 0.000000, 0.000000, 0.000000, 0.000000, 0.000000, 0.000000, 0.000000, 0.000000, 0.000000, 0.000000, 0.000000, 0.000000, 0.000000, 0.000000, 0.000000, 0.000000, 0.000000, 0.000000, 0.000000, 0.000000, 0.000000, 0.000000, 0.000000, 0.000000, 0.000000, 0.000000, 0.000000, 0.000000
71, 107.304800, 37.012880, 12.868200, 4.399685, 51.829100, 17.168293, 0.046933, 0.026346, 39.062900, 16.242443, 12.766200, 16.242443, 4.166599, 0.410441, 12.523203, 2.358245, 16.871900, 10.622904, 8.213300, 4.193686, 99.845100, 38.876920, 0.000000, 0.000000, 0.000000, 0.000000, 0.000000, 0.000000, 0.000000, 0.000000, 0.000000, 0.000000, 0.000000, 0.000000, 0.000000, 0.000000, 0.000000, 0.000000, 0.000000, 0.000000, 0.000000, 0.000000, 0.000000, 0.000000, 0.000000, 0.000000, 0.000000, 0.000000, 0.000000, 0.000000
72, 107.412300, 37.062031, 12.882500, 4.405099, 52.163600, 17.302989, 0.046946, 0.026349, 39.323800, 16.365499, 12.839800, 16.365499, 4.159389, 0.409484, 12.518949, 2.355697, 16.892700, 10.629684, 8.222300, 4.196699, 99.964400, 38.932628, 0.000000, 0.000000, 0.000000, 0.000000, 0.000000, 0.000000, 0.000000, 0.000000, 0.000000, 0.000000, 0.000000, 0.000000, 0.000000, 0.000000, 0.000000, 0.000000, 0.000000, 0.000000, 0.000000, 0.000000, 0.000000, 0.000000, 0.000000, 0.000000, 0.000000, 0.000000, 0.000000, 0.000000
73, 107.512200, 37.106450, 12.896700, 4.411579, 52.483900, 17.429961, 0.046958, 0.026352, 39.576900, 16.476780, 12.907000, 16.476780, 4.152265, 0.408203, 12.513955, 2.350075, 16.907900, 10.634548, 8.230000, 4.201464, 100.071800, 38.978926, 0.000000, 0.000000, 0.000000, 0.000000, 0.000000, 0.000000, 0.000000, 0.000000, 0.000000, 0.000000, 0.000000, 0.000000, 0.000000, 0.000000, 0.000000, 0.000000, 0.000000, 0.000000, 0.000000, 0.000000, 0.000000, 0.000000, 0.000000, 0.000000, 0.000000, 0.000000, 0.000000, 0.000000
74, 107.605400, 37.155415, 12.909000, 4.416935, 52.770300, 17.546382, 0.046969, 0.026354, 39.804600, 16.578185, 12.965700, 16.578185, 4.146379, 0.407405, 12.509724, 2.345942, 16.925100, 10.639967, 8.238000, 4.203612, 100.174200, 39.030235, 0.000000, 0.000000, 0.000000, 0.000000, 0.000000, 0.000000, 0.000000, 0.000000, 0.000000, 0.000000, 0.000000, 0.000000, 0.000000, 0.000000, 0.000000, 0.000000, 0.000000, 0.000000, 0.000000, 0.000000, 0.000000, 0.000000, 0.000000, 0.000000, 0.000000, 0.000000, 0.000000, 0.000000
75, 107.694800, 37.194153, 12.921100, 4.423853, 53.064200, 17.666790, 0.046980, 0.026357, 40.029700, 16.675755, 13.034500, 16.675755, 4.140245, 0.406877, 12.506431, 2.344978, 16.942700, 10.646230, 8.245300, 4.205155, 100.273900, 39.074251, 0.000000, 0.000000, 0.000000, 0.000000, 0.000000, 0.000000, 0.000000, 0.000000, 0.000000, 0.000000, 0.000000, 0.000000, 0.000000, 0.000000, 0.000000, 0.000000, 0.000000, 0.000000, 0.000000, 0.000000, 0.000000, 0.000000, 0.000000, 0.000000, 0.000000, 0.000000, 0.000000, 0.000000
76, 107.771400, 37.225853, 12.931200, 4.428958, 53.300100, 17.759967, 0.046989, 0.026359, 40.218400, 16.758828, 13.081700, 16.758828, 4.135655, 0.405968, 12.502862, 2.342826, 16.956800, 10.650574, 8.252800, 4.209500, 100.357100, 39.109927, 0.000000, 0.000000, 0.000000, 0.000000, 0.000000, 0.000000, 0.000000, 0.000000, 0.000000, 0.000000, 0.000000, 0.000000, 0.000000, 0.000000, 0.000000, 0.000000, 0.000000, 0.000000, 0.000000, 0.000000, 0.000000, 0.000000, 0.000000, 0.000000, 0.000000, 0.000000, 0.000000, 0.000000
77, 107.846700, 37.264173, 12.942400, 4.432977, 53.531500, 17.863768, 0.046998, 0.026361, 40.398500, 16.844806, 13.133000, 16.844806, 4.131023, 0.404970, 12.498974, 2.342550, 16.970700, 10.656071, 8.259300, 4.213771, 100.439800, 39.149370, 0.000000, 0.000000, 0.000000, 0.000000, 0.000000, 0.000000, 0.000000, 0.000000, 0.000000, 0.000000, 0.000000, 0.000000, 0.000000, 0.000000, 0.000000, 0.000000, 0.000000, 0.000000, 0.000000, 0.000000, 0.000000, 0.000000, 0.000000, 0.000000, 0.000000, 0.000000, 0.000000, 0.000000
78, 107.912700, 37.290810, 12.951700, 4.437676, 53.728800, 17.944510, 0.047006, 0.026363, 40.555900, 16.915551, 13.172900, 16.915551, 4.127384, 0.403869, 12.496399, 2.343066, 16.983200, 10.659724, 8.265600, 4.216901, 100.512000, 39.179243, 0.000000, 0.000000, 0.000000, 0.000000, 0.000000, 0.000000, 0.000000, 0.000000, 0.000000, 0.000000, 0.000000, 0.000000, 0.000000, 0.000000, 0.000000, 0.000000, 0.000000, 0.000000, 0.000000, 0.000000, 0.000000, 0.000000, 0.000000, 0.000000, 0.000000, 0.000000, 0.000000, 0.000000
79, 107.974900, 37.322088, 12.960000, 4.441171, 53.908800, 18.023886, 0.047013, 0.026365, 40.693900, 16.978863, 13.214900, 16.978863, 4.124116, 0.402542, 12.493880, 2.342108, 16.994000, 10.662203, 8.271800, 4.218972, 100.578800, 39.211302, 0.000000, 0.000000, 0.000000, 0.000000, 0.000000, 0.000000, 0.000000, 0.000000, 0.000000, 0.000000, 0.000000, 0.000000, 0.000000, 0.000000, 0.000000, 0.000000, 0.000000, 0.000000, 0.000000, 0.000000, 0.000000, 0.000000, 0.000000, 0.000000, 0.000000, 0.000000, 0.000000, 0.000000
