0.000000, 0.000000, 0.000000, 0.000000, 0.000000, 0.000000, 0.000000, 0.000000, 0.000000, 0.000000, 0.000000, 0.000000, 0.000000, 0.000000, 0.000000, 0.000000, 0.000000, 0.000000, 0.000000, 0.000000
0.000000, 0.000000, 0.000000, 0.000000, 0.000000, 0.000000, 0.000000, 0.000000, 0.000000, 0.000000, 0.000000, 0.000000, 0.000000, 0.000000, 0.000000, 0.000000, 0.000000, 0.000000, 0.000000, 0.000000
0.000000, 0.000000, 0.000000, 0.000000, 0.000000, 0.000000, 0.000000, 0.000000, 0.000000, 0.000000, 0.000000, 0.000000, 0.000000, 0.000000, 0.000000, 0.000000, 0.000000, 0.000000, 0.000000, 0.000000
0.000000, 0.000000, 0.000000, 0.000000, 0.000000, 0.000000, 0.000000, 0.000000, 0.000000, 0.000000, 0.000000, 0.000000, 0.000000, 0.000000, 0.000000, 0.000000, 0.000000, 0.000000, 0.000000, 0.000000
0.000000, 0.000000, 0.000000, 0.000000, 0.000000, 0.000000, 0.000000, 0.000000, 0.000000, 0.000000, 0.000000, 0.000000, 0.000000, 0.000000, 0.000000, 0.000000, 0.000000, 0.000000, 0.000000, 0.000000
0.000000, 0.000000, 0.000000, 0.000000, 0.000000, 0.000000, 0.000000, 0.000000, 0.000000, 0.000000, 0.000000, 0.000000, 0.000000, 0.000000, 0.000000, 0.000000, 0.000000, 0.000000, 0.000000, 0.000000
0.000000, 0.000000, 0.000000, 0.000000, 0.000000, 0.000000, 0.000000, 0.000000, 0.000000, 0.000000, 0.000000, 0.000000, 0.000000, 0.000000, 0.000000, 0.000000, 0.000000, 0.000000, 0.000000, 0.000000
0.000000, 0.000000, 0.000000, 0.000000, 0.000000, 0.000000, 0.000000, 0.000000, 0.000000, 0.000000, 0.000000, 0.000000, 0.000000, 0.000000, 0.000000, 0.000000, 0.000000, 0.000000, 0.000000, 0.000000
0.000000, 0.000000, 0.000000, 0.000000, 0.000000, 0.000000, 0.000000, 0.000000, 0.000000, 0.000000, 0.000000, 0.000000, 0.000000, 0.000000, 0.000000, 0.000000, 0.000000, 0.000000, 0.000000, 0.000000
0.017700, 0.017500, 0.016100, 0.018800, 0.018800, 0.016400, 0.017900, 0.015800, 0.016300, 0.016400, 0.017000, 0.018600, 0.020000, 0.019100, 0.016900, 0.018400, 0.016300, 0.017800, 0.014400, 0.016700
0.018100, 6.415500, 6.343800, 6.380200, 6.426700, 6.380300, 6.398100, 6.358600, 6.324700, 6.345100, 6.349800, 6.296000, 6.322300, 6.285600, 6.273400, 6.231000, 6.231500, 6.218900, 6.233800, 6.201600
0.018700, 6.884200, 6.808800, 6.849500, 6.896800, 6.853900, 6.862400, 6.818100, 6.799800, 6.826200, 6.832400, 6.766300, 6.806100, 6.758000, 6.758400, 6.728700, 6.721500, 6.700500, 6.726700, 6.701200
0.019300, 6.884300, 6.765900, 6.800500, 6.839300, 6.808500, 6.811500, 6.761700, 6.757500, 6.773100, 6.794500, 6.722300, 6.761800, 6.723700, 6.715900, 6.690900, 6.675000, 6.657600, 6.693400, 6.657900
0.019600, 6.884400, 6.763600, 6.788000, 6.825700, 6.797400, 6.805100, 6.751000, 6.742600, 6.763600, 6.782700, 6.711000, 6.752400, 6.711900, 6.705200, 6.680600, 6.665300, 6.650800, 6.683800, 6.649200
0.020300, 6.884800, 6.763700, 6.790500, 6.828200, 6.799800, 6.808300, 6.753300, 6.744700, 6.765500, 6.784300, 6.712600, 6.755100, 6.715500, 6.708400, 6.681900, 6.667000, 6.654000, 6.686900, 6.651900
0.020500, 6.885300, 6.763800, 6.790800, 6.828100, 6.799700, 6.808300, 6.753500, 6.744500, 6.765300, 6.784100, 6.712400, 6.755300, 6.715500, 6.708300, 6.682000, 6.667200, 6.654400, 6.686800, 6.651800
0.020600, 6.885600, 6.764100, 6.790900, 6.828100, 6.800900, 6.809300, 6.754700, 6.745800, 6.766600, 6.785900, 6.712900, 6.756700, 6.716800, 6.709600, 6.683100, 6.669000, 6.655900, 6.688200, 6.652900
0.020700, 6.885800, 6.764100, 6.791100, 6.828400, 6.814100, 6.837500, 6.783800, 6.774600, 6.793000, 6.816700, 6.738100, 6.784700, 6.744500, 6.736600, 6.713400, 6.694500, 6.682600, 6.718000, 6.682800
0.020900, 6.885900, 6.764300, 6.791400, 6.829000, 6.814600, 6.949500, 6.890900, 6.881000, 6.906200, 6.926400, 6.839300, 6.891500, 6.850000, 6.844400, 6.826400, 6.800700, 6.795100, 6.830400, 6.788800
0.020900, 6.886400, 6.764800, 6.791800, 6.829300, 6.815700, 7.051000, 7.127500, 7.108500, 7.147200, 7.151600, 7.078700, 7.129500, 7.077900, 7.071400, 7.072000, 7.041500, 7.029100, 7.067100, 7.021600
0.021100, 6.886500, 6.765500, 6.792000, 6.829800, 6.817300, 7.053700, 7.558000, 7.548800, 7.573500, 7.582100, 7.504600, 7.578400, 7.515100, 7.501500, 7.513600, 7.476600, 7.450400, 7.494700, 7.448900
0.021100, 6.887600, 6.766000, 6.792900, 6.830600, 6.818700, 7.057400, 7.613900, 8.191600, 8.210300, 8.231700, 8.139800, 8.219800, 8.154600, 8.152100, 8.165400, 8.129600, 8.101200, 8.138900, 8.085800
0.021100, 6.889000, 6.767400, 6.794800, 6.831800, 6.820500, 7.059800, 7.616600, 8.702900, 8.918100, 8.957100, 8.866000, 8.938800, 8.888900, 8.867600, 8.883200, 8.866500, 8.804800, 8.856000, 8.817700
0.021200, 6.890700, 6.769400, 6.796300, 6.833900, 6.822300, 7.063700, 7.620100, 8.704700, 9.565700, 9.580200, 9.460600, 9.545800, 9.516200, 9.495300, 9.526500, 9.475200, 9.433700, 9.470100, 9.444000
0.021500, 6.892300, 6.771500, 6.797800, 6.835300, 6.825800, 7.068000, 7.623600, 8.708500, 9.711600, 10.019600, 9.906300, 10.000000, 9.961000, 9.935100, 9.968900, 9.910000, 9.873100, 9.913700, 9.910900
0.021600, 6.894600, 6.773800, 6.800100, 6.837700, 6.828900, 7.073600, 7.627000, 8.712900, 9.714300, 10.274800, 10.214400, 10.323100, 10.268300, 10.255600, 10.286400, 10.244100, 10.216800, 10.220600, 10.245700
0.021800, 6.897800, 6.776100, 6.802400, 6.841000, 6.831500, 7.079700, 7.632000, 8.716200, 9.716300, 10.276500, 10.467500, 10.566900, 10.526200, 10.480100, 10.537200, 10.483300, 10.477200, 10.466300, 10.501000
0.021800, 6.903000, 6.779800, 6.806700, 6.845600, 6.836600, 7.085200, 7.635600, 8.720600, 9.718100, 10.278200, 10.548400, 10.755800, 10.714400, 10.669200, 10.734100, 10.677200, 10.663000, 10.661700, 10.687600
0.022000, 6.907600, 6.783900, 6.812200, 6.849900, 6.842300, 7.089600, 7.639100, 8.725200, 9.722000, 10.281100, 10.549800, 10.924300, 10.876600, 10.847000, 10.892200, 10.837000, 10.844900, 10.837500, 10.853900
0.022500, 6.914300, 6.789600, 6.819900, 6.855300, 6.848600, 7.095700, 7.645700, 8.728600, 9.725400, 10.282700, 10.551500, 10.924400, 11.038000, 11.001900, 11.059900, 11.000600, 11.017200, 11.008300, 11.009800
0.024000, 6.923700, 6.796500, 6.826600, 6.863000, 6.855900, 7.103100, 7.653200, 8.733600, 9.729100, 10.285600, 10.554500, 10.926500, 11.148400, 11.196300, 11.258800, 11.187800, 11.193600, 11.189800, 11.195400
0.025600, 6.935000, 6.806900, 6.836000, 6.872300, 6.864200, 7.110600, 7.659500, 8.739300, 9.734100, 10.288500, 10.557800, 10.928500, 11.151500, 11.425800, 11.476400, 11.416900, 11.434100, 11.418200, 11.428300
0.026700, 6.948400, 6.815600, 6.846400, 6.882300, 6.873200, 7.120500, 7.667200, 8.745400, 9.738000, 10.291300, 10.560300, 10.930500, 11.153700, 11.476000, 11.768100, 11.691900, 11.708500, 11.709200, 11.708700
0.029600, 6.961700, 6.828100, 6.859200, 6.893600, 6.883800, 7.130600, 7.676100, 8.752800, 9.743900, 10.296000, 10.563300, 10.932800, 11.157100, 11.479000, 11.983800, 12.006200, 12.034600, 12.024700, 12.022700
0.034400, 6.976100, 6.840500, 6.873500, 6.907600, 6.895400, 7.141500, 7.684300, 8.760200, 9.750400, 10.300600, 10.567900, 10.936200, 11.160400, 11.482400, 11.987200, 12.337600, 12.369000, 12.391600, 12.366200
0.042600, 6.992900, 6.855700, 6.888200, 6.922000, 6.908900, 7.153000, 7.694600, 8.769500, 9.758200, 10.305600, 10.571500, 10.939800, 11.163900, 11.485700, 11.991800, 12.436400, 12.675900, 12.709100, 12.690800
0.056100, 7.008900, 6.870000, 6.904700, 6.936100, 6.922300, 7.166100, 7.705700, 8.780000, 9.764700, 10.311000, 10.575600, 10.944200, 11.168100, 11.490700, 11.997000, 12.439900, 12.955800, 12.988700, 12.987500
0.075700, 7.027300, 6.886200, 6.923700, 6.951100, 6.936900, 7.181900, 7.719200, 8.790800, 9.774200, 10.318300, 10.581200, 10.949000, 11.171700, 11.495200, 12.001400, 12.445100, 12.957600, 13.246000, 13.263300
0.100700, 7.044000, 6.903800, 6.940900, 6.967000, 6.951700, 7.198400, 7.732700, 8.803000, 9.784500, 10.326900, 10.587400, 10.954200, 11.175900, 11.499500, 12.006800, 12.449400, 12.960400, 13.365500, 13.475800
0.130300, 7.061700, 6.921800, 6.957600, 6.982000, 6.968200, 7.210800, 7.748600, 8.816100, 9.797100, 10.337100, 10.595400, 10.960500, 11.182800, 11.505700, 12.011300, 12.453000, 12.965200, 13.368000, 13.677800
0.164000, 7.079100, 6.937600, 6.973200, 6.999200, 6.983100, 7.226700, 7.766700, 8.833000, 9.811800, 10.347100, 10.605800, 10.968600, 11.191600, 11.512900, 12.017700, 12.457800, 12.969900, 13.369900, 13.675800
0.200600, 7.095300, 6.953400, 6.991200, 7.015000, 6.999800, 7.242700, 7.783300, 8.850300, 9.828300, 10.360200, 10.616800, 10.978400, 11.200500, 11.521900, 12.024800, 12.463400, 12.976300, 13.374500, 13.676900
0.236300, 7.114000, 6.969100, 7.006300, 7.031500, 7.015500, 7.260800, 7.803400, 8.867700, 9.846100, 10.375400, 10.630500, 10.988400, 11.211000, 11.531900, 12.034600, 12.469300, 12.981900, 13.379100, 13.680400
0.269100, 7.129900, 6.983100, 7.020300, 7.048200, 7.030100, 7.279700, 7.825900, 8.885200, 9.863600, 10.392400, 10.646100, 11.003000, 11.222000, 11.541700, 12.044300, 12.475500, 12.988700, 13.385000, 13.684600
0.297300, 7.146500, 6.998400, 7.036000, 7.063800, 7.046600, 7.298400, 7.843000, 8.903600, 9.885300, 10.411900, 10.664200, 11.016900, 11.236900, 11.554400, 12.054500, 12.485400, 12.996500, 13.391300, 13.688400
0.325000, 7.161800, 7.013700, 7.051200, 7.080400, 7.062300, 7.316600, 7.863900, 8.925700, 9.908500, 10.431900, 10.684000, 11.035700, 11.251700, 11.568000, 12.065600, 12.494400, 13.006100, 13.399000, 13.693000
0.351800, 7.176400, 7.027300, 7.065800, 7.094500, 7.076900, 7.334800, 7.883800, 8.954200, 9.929500, 10.453300, 10.702200, 11.054300, 11.269700, 11.582200, 12.079300, 12.505800, 13.016000, 13.405300, 13.698200
0.377700, 7.190500, 7.042300, 7.079900, 7.111600, 7.092200, 7.351600, 7.903500, 8.978100, 9.949900, 10.479100, 10.724800, 11.074500, 11.290300, 11.599500, 12.094500, 12.519100, 13.026600, 13.415200, 13.707300
0.398900, 7.204100, 7.055300, 7.091700, 7.124200, 7.107100, 7.367000, 7.926000, 9.002200, 9.975900, 10.503500, 10.746100, 11.096000, 11.309000, 11.616800, 12.112700, 12.535300, 13.040100, 13.426700, 13.714900
0.415700, 7.216700, 7.066000, 7.105300, 7.135200, 7.119900, 7.382800, 7.942800, 9.029500, 9.999100, 10.525100, 10.767600, 11.119800, 11.327600, 11.637200, 12.132900, 12.551200, 13.054800, 13.437500, 13.723600
0.428900, 7.227100, 7.078200, 7.115500, 7.145000, 7.131300, 7.399100, 7.963400, 9.052700, 10.025700, 10.550400, 10.791900, 11.145800, 11.348700, 11.661900, 12.152900, 12.569600, 13.072300, 13.451100, 13.736500
0.441000, 7.236000, 7.088800, 7.125600, 7.155000, 7.142200, 7.411800, 7.982900, 9.078700, 10.052200, 10.575300, 10.816700, 11.172000, 11.372900, 11.684900, 12.173200, 12.589800, 13.089100, 13.467100, 13.748800
0.452400, 7.246300, 7.098200, 7.135000, 7.164200, 7.152800, 7.423500, 7.999900, 9.102400, 10.078500, 10.602800, 10.838800, 11.197700, 11.399000, 11.711600, 12.199000, 12.610500, 13.111100, 13.484900, 13.763300
0.462900, 7.257000, 7.105700, 7.142800, 7.173600, 7.162800, 7.436400, 8.020700, 9.125900, 10.103700, 10.627600, 10.865200, 11.222300, 11.425000, 11.737500, 12.229300, 12.632500, 13.135200, 13.503800, 13.778500
0.471800, 7.265800, 7.113500, 7.149500, 7.181200, 7.171200, 7.449700, 8.036900, 9.150000, 10.130600, 10.651100, 10.891800, 11.250200, 11.454800, 11.764100, 12.257500, 12.657700, 13.157500, 13.527200, 13.800100
0.481700, 7.273700, 7.119800, 7.155800, 7.188000, 7.179400, 7.461000, 8.052600, 9.172400, 10.156100, 10.675700, 10.916700, 11.275300, 11.480600, 11.794600, 12.285200, 12.685000, 13.183200, 13.548600, 13.820500
0.489400, 7.282300, 7.127300, 7.160500, 7.195300, 7.187500, 7.471000, 8.066700, 9.191700, 10.177200, 10.700700, 10.943200, 11.301900, 11.506100, 11.822600, 12.314200, 12.712200, 13.210200, 13.578600, 13.841200
0.496400, 7.288000, 7.132500, 7.166800, 7.202000, 7.194100, 7.479500, 8.081500, 9.209900, 10.199200, 10.723500, 10.967300, 11.329800, 11.533400, 11.853100, 12.344200, 12.741300, 13.241300, 13.609200, 13.865600
0.503400, 7.295400, 7.138100, 7.173900, 7.208600, 7.202100, 7.489400, 8.097100, 9.229000, 10.220400, 10.745700, 10.989800, 11.354100, 11.558600, 11.880500, 12.369900, 12.771800, 13.269200, 13.642200, 13.896100
0.508400, 7.301800, 7.143800, 7.179200, 7.213800, 7.208900, 7.497200, 8.109200, 9.243700, 10.241000, 10.770100, 11.008800, 11.376900, 11.584000, 11.910600, 12.400500, 12.802000, 13.300300, 13.673700, 13.928700
0.513500, 7.306500, 7.149600, 7.183700, 7.219300, 7.215700, 7.502500, 8.119200, 9.256100, 10.259300, 10.789900, 11.028500, 11.398200, 11.609800, 11.938800, 12.427700, 12.835900, 13.332000, 13.709600, 13.963000
0.519700, 7.310200, 7.153900, 7.188700, 7.223400, 7.222400, 7.509400, 8.128700, 9.270800, 10.274700, 10.807600, 11.047600, 11.421700, 11.634500, 11.967700, 12.459300, 12.865300, 13.367500, 13.745100, 13.997700
0.524400, 7.314400, 7.157900, 7.192800, 7.227600, 7.227000, 7.516300, 8.137000, 9.283500, 10.289600, 10.822500, 11.064200, 11.442900, 11.656100, 11.992700, 12.486100, 12.901300, 13.405400, 13.779800, 14.031400
0.527600, 7.318700, 7.162300, 7.196700, 7.232500, 7.231700, 7.521200, 8.146000, 9.292800, 10.301200, 10.837600, 11.080700, 11.460100, 11.677500, 12.015200, 12.515400, 12.930900, 13.437100, 13.814300, 14.066800
0.531100, 7.322800, 7.166200, 7.199800, 7.236500, 7.235500, 7.526300, 8.152800, 9.302800, 10.314800, 10.852000, 11.096300, 11.475300, 11.697000, 12.037400, 12.542800, 12.959300, 13.470800, 13.849900, 14.099900
0.534000, 7.326100, 7.170000, 7.203700, 7.240000, 7.238600, 7.532100, 8.160900, 9.310000, 10.326600, 10.864000, 11.111200, 11.490900, 11.715700, 12.059600, 12.566600, 12.990200, 13.499100, 13.881100, 14.136600
0.536700, 7.329500, 7.173300, 7.207600, 7.243100, 7.242500, 7.537000, 8.167100, 9.318800, 10.336100, 10.879100, 11.123300, 11.503900, 11.733400, 12.079700, 12.591300, 13.018100, 13.533200, 13.915900, 14.171300
0.538900, 7.332900, 7.176000, 7.210000, 7.246300, 7.245900, 7.541300, 8.173300, 9.327700, 10.343700, 10.888600, 11.135200, 11.519200, 11.747000, 12.098300, 12.612000, 13.044200, 13.562000, 13.948500, 14.204000
0.541000, 7.336400, 7.179000, 7.213000, 7.249000, 7.249100, 7.545000, 8.178600, 9.336100, 10.353600, 10.897900, 11.146900, 11.529900, 11.760200, 12.117200, 12.633500, 13.068700, 13.593700, 13.980100, 14.239000
0.542700, 7.339400, 7.181300, 7.215500, 7.252100, 7.252000, 7.548000, 8.183900, 9.343800, 10.361500, 10.906600, 11.155800, 11.543600, 11.771000, 12.133700, 12.654100, 13.090800, 13.623100, 14.012000, 14.270700
0.544500, 7.341200, 7.183800, 7.217900, 7.255300, 7.254200, 7.551500, 8.188300, 9.351000, 10.369500, 10.914300, 11.168200, 11.554600, 11.781800, 12.146700, 12.669100, 13.113100, 13.647600, 14.043900, 14.305400
0.546100, 7.343000, 7.185700, 7.221500, 7.257700, 7.257200, 7.553800, 8.192200, 9.357400, 10.375700, 10.921600, 11.176800, 11.562600, 11.793800, 12.159500, 12.685800, 13.133300, 13.668100, 14.070000, 14.335300
0.548200, 7.344500, 7.187900, 7.223300, 7.261100, 7.259700, 7.557000, 8.194000, 9.361700, 10.383200, 10.928900, 11.183700, 11.570500, 11.803100, 12.173600, 12.697600, 13.150000, 13.688800, 14.095200, 14.361700
0.549700, 7.345400, 7.189400, 7.225500, 7.264000, 7.261500, 7.558700, 8.198600, 9.366200, 10.390200, 10.935600, 11.190900, 11.577800, 11.812400, 12.187000, 12.711200, 13.167900, 13.710300, 14.119200, 14.384700
0.551400, 7.346900, 7.190400, 7.226300, 7.266400, 7.263900, 7.560900, 8.201000, 9.370600, 10.396100, 10.942600, 11.196300, 11.585500, 11.821600, 12.199800, 12.722600, 13.184600, 13.730300, 14.140900, 14.409200
0.552600, 7.348300, 7.192000, 7.227600, 7.268100, 7.266200, 7.563100, 8.204500, 9.375100, 10.401300, 10.949100, 11.205200, 11.593700, 11.833000, 12.212000, 12.737500, 13.199200, 13.748100, 14.164600, 14.433400
0.553800, 7.349300, 7.193400, 7.229800, 7.270000, 7.268700, 7.565300, 8.207100, 9.378800, 10.406100, 10.953700, 11.211100, 11.600100, 11.840600, 12.220900, 12.746300, 13.212500, 13.767800, 14.182800, 14.452000
0.554800, 7.351400, 7.194300, 7.231100, 7.270200, 7.269900, 7.566700, 8.209400, 9.381900, 10.411600, 10.958500, 11.216800, 11.605800, 11.847800, 12.227700, 12.756500, 13.224100, 13.780900, 14.200300, 14.469700
0.555800, 7.352700, 7.194900, 7.232300, 7.271400, 7.270800, 7.568300, 8.212000, 9.384400, 10.415500, 10.962900, 11.221900, 11.610800, 11.855300, 12.235400, 12.765700, 13.236400, 13.793500, 14.212900, 14.488400
0.556500, 7.353900, 7.196200, 7.233400, 7.272400, 7.272200, 7.569500, 8.214000, 9.387600, 10.420100, 10.966400, 11.226900, 11.616500, 11.861600, 12.241300, 12.771600, 13.245000, 13.806500, 14.227000, 14.502600


0.000000, 0.000000, 0.000000, 0.000000, 0.000000, 0.000000, 0.000000, 0.000000, 0.000000, 0.000000, 0.000000, 0.000000, 0.000000, 0.000000, 0.000000, 0.000000, 0.000000, 0.000000, 0.000000, 0.000000
0.000000, 0.000000, 0.000000, 0.000000, 0.000000, 0.000000, 0.000000, 0.000000, 0.000000, 0.000000, 0.000000, 0.000000, 0.000000, 0.000000, 0.000000, 0.000000, 0.000000, 0.000000, 0.000000, 0.000000
0.000000, 0.000000, 0.000000, 0.000000, 0.000000, 0.000000, 0.000000, 0.000000, 0.000000, 0.000000, 0.000000, 0.000000, 0.000000, 0.000000, 0.000000, 0.000000, 0.000000, 0.000000, 0.000000, 0.000000
0.000000, 0.000000, 0.000000, 0.000000, 0.000000, 0.000000, 0.000000, 0.000000, 0.000000, 0.000000, 0.000000, 0.000000, 0.000000, 0.000000, 0.000000, 0.000000, 0.000000, 0.000000, 0.000000, 0.000000
0.000000, 0.000000, 0.000000, 0.000000, 0.000000, 0.000000, 0.000000, 0.000000, 0.000000, 0.000000, 0.000000, 0.000000, 0.000000, 0.000000, 0.000000, 0.000000, 0.000000, 0.000000, 0.000000, 0.000000
0.000000, 0.000000, 0.000000, 0.000000, 0.000000, 0.000000, 0.000000, 0.000000, 0.000000, 0.000000, 0.000000, 0.000000, 0.000000, 0.000000, 0.000000, 0.000000, 0.000000, 0.000000, 0.000000, 0.000000
0.000000, 0.000000, 0.000000, 0.000000, 0.000000, 0.000000, 0.000000, 0.000000, 0.000000, 0.000000, 0.000000, 0.000000, 0.000000, 0.000000, 0.000000, 0.000000, 0.000000, 0.000000, 0.000000, 0.000000
0.000000, 0.000000, 0.000000, 0.000000, 0.000000, 0.000000, 0.000000, 0.000000, 0.000000, 0.000000, 0.000000, 0.000000, 0.000000, 0.000000, 0.000000, 0.000000, 0.000000, 0.000000, 0.000000, 0.000000
10.326100, 10.319600, 10.233100, 10.292500, 10.340300, 10.245200, 10.315500, 10.265100, 10.240900, 10.254400, 10.276200, 10.223200, 10.254000, 10.200300, 10.215000, 10.218800, 10.192800, 10.173300, 10.210000, 10.121200
12.111600, 12.121500, 12.054900, 12.101200, 12.175400, 12.065700, 12.104600, 12.092800, 12.097200, 12.070700, 12.092900, 12.083300, 12.089100, 12.039000, 12.063200, 12.056100, 12.024200, 12.023300, 12.088900, 11.998300
12.155700, 5.637300, 5.642200, 5.652700, 5.684600, 5.621300, 5.648800, 5.670800, 5.700200, 5.660300, 5.678800, 5.721700, 5.709200, 5.696500, 5.724400, 5.766900, 5.721400, 5.736400, 5.789200, 5.739800
12.190000, 5.032800, 4.898100, 4.910000, 4.940700, 4.874000, 4.900400, 4.936200, 4.955500, 4.901900, 4.935400, 4.970600, 4.955600, 4.954600, 4.971300, 5.013200, 4.973500, 4.996600, 5.029100, 4.993000
12.222600, 5.056300, 4.802600, 4.822600, 4.855300, 4.781100, 4.809700, 4.846500, 4.863200, 4.812100, 4.839300, 4.883000, 4.866600, 4.864600, 4.880200, 4.925500, 4.888800, 4.909500, 4.936800, 4.907500
12.252200, 5.082000, 4.821700, 4.810600, 4.845400, 4.770400, 4.796300, 4.832400, 4.853000, 4.800300, 4.825700, 4.871100, 4.854000, 4.853100, 4.867800, 4.913900, 4.876000, 4.896700, 4.924900, 4.894100
12.275600, 5.106200, 4.845500, 4.813200, 4.839900, 4.765600, 4.790700, 4.827500, 4.847700, 4.796000, 4.821000, 4.866800, 4.849000, 4.846300, 4.861800, 4.910400, 4.871700, 4.891600, 4.919300, 4.888700
12.291500, 5.124000, 4.870700, 4.838500, 4.840300, 4.765600, 4.790500, 4.827200, 4.848100, 4.795900, 4.821400, 4.866800, 4.848300, 4.846200, 4.861600, 4.910500, 4.871700, 4.891000, 4.919300, 4.888900
12.307700, 5.139500, 4.891900, 4.861200, 4.914200, 4.954600, 4.976800, 5.015000, 5.031800, 4.988700, 5.013500, 5.053000, 5.039900, 5.040100, 5.054600, 5.107600, 5.053900, 5.082900, 5.118900, 5.085700
12.321400, 5.154900, 4.912600, 4.881200, 4.961500, 5.279800, 5.359000, 5.396700, 5.402600, 5.381600, 5.387500, 5.432900, 5.418000, 5.414000, 5.419300, 5.491600, 5.439800, 5.456500, 5.497300, 5.456600
12.334500, 5.166300, 4.928800, 4.900000, 5.010600, 5.365700, 5.937300, 5.976700, 5.995800, 5.968100, 5.970500, 6.024300, 6.004600, 5.993000, 6.009000, 6.083000, 6.027300, 6.034600, 6.071900, 6.048900
12.343900, 5.178900, 4.942500, 4.915800, 5.056200, 5.461100, 6.580200, 7.031800, 7.076500, 7.032700, 7.052100, 7.074800, 7.087900, 7.076400, 7.069300, 7.140100, 7.085300, 7.102000, 7.128900, 7.113000
12.355000, 5.191100, 4.957600, 4.931100, 5.115900, 5.576700, 6.764800, 8.409500, 8.414200, 8.402900, 8.422400, 8.432900, 8.426500, 8.422600, 8.434600, 8.489900, 8.430700, 8.452200, 8.508200, 8.466800
12.365300, 5.199900, 4.968500, 4.943400, 5.169000, 5.694000, 7.031800, 8.880200, 9.592900, 9.581600, 9.594500, 9.611400, 9.573300, 9.603100, 9.582700, 9.651700, 9.571200, 9.586400, 9.684500, 9.619900
12.376400, 5.207600, 4.978700, 4.953800, 5.229600, 5.826700, 7.274400, 9.234300, 10.213700, 10.191900, 10.163600, 10.178800, 10.164700, 10.178300, 10.192500, 10.235500, 10.113700, 10.172800, 10.254400, 10.194500
14.037800, 5.215600, 4.987600, 4.967400, 5.290200, 5.974000, 7.562800, 9.553800, 10.473300, 10.384600, 10.346000, 10.393800, 10.381500, 10.370000, 10.371400, 10.416600, 10.319600, 10.375500, 10.489700, 10.394800
15.920900, 5.228400, 4.995600, 4.990000, 5.362300, 6.122000, 7.847900, 9.942100, 10.738400, 10.577500, 10.416800, 10.419500, 10.423100, 10.423300, 10.427400, 10.476500, 10.417300, 10.451600, 10.553300, 10.435200
16.225200, 8.197700, 5.006800, 5.022300, 5.439100, 6.295800, 8.158500, 10.266100, 11.041000, 10.817200, 10.518800, 10.466900, 10.467600, 10.455700, 10.459700, 10.501200, 10.418300, 10.476800, 10.580400, 10.463800
16.331700, 8.875600, 6.141700, 5.057400, 5.519700, 6.473500, 8.479400, 10.632200, 11.297300, 11.036100, 10.680600, 10.517700, 10.494100, 10.495600, 10.519800, 10.517200, 10.441700, 10.526500, 10.629200, 10.495300
16.409200, 9.045600, 8.422900, 5.101700, 5.612100, 6.684400, 8.818200, 10.974100, 11.592000, 11.230200, 10.835100, 10.647000, 10.590100, 10.576400, 10.623600, 10.622400, 10.535000, 10.622800, 10.721400, 10.603500
16.701800, 9.337200, 8.989700, 7.830400, 5.728900, 6.893200, 9.153300, 11.330500, 11.842500, 11.446100, 11.013200, 10.785200, 10.782000, 10.779700, 10.809100, 10.847700, 10.748000, 10.830100, 10.925100, 10.806200
17.343400, 9.917000, 9.624000, 9.305400, 6.109500, 7.138900, 9.512700, 11.650400, 12.115300, 11.632400, 11.165200, 10.946900, 10.960500, 11.129000, 11.162500, 11.181700, 11.116100, 11.166100, 11.250200, 11.155700
18.675200, 11.061200, 10.710100, 10.511100, 10.038800, 7.402200, 9.867500, 11.978700, 12.355800, 11.837200, 11.321300, 11.076400, 11.116800, 11.514300, 11.670700, 11.690000, 11.636600, 11.682600, 11.777400, 11.668000
20.454800, 13.102100, 12.583200, 12.450300, 12.370400, 10.894700, 10.236600, 12.292200, 12.610400, 12.010700, 11.463900, 11.219100, 11.258400, 11.682100, 12.331700, 12.378300, 12.304600, 12.348700, 12.479400, 12.306500
22.138000, 16.095000, 15.257100, 15.170600, 15.190900, 14.791700, 10.665300, 12.626800, 12.837700, 12.196100, 11.617900, 11.352600, 11.425800, 11.888200, 12.688500, 13.110900, 13.059500, 13.096100, 13.251200, 13.077800
23.620700, 18.979200, 18.321600, 18.208900, 18.268900, 18.072000, 16.953500, 12.917000, 13.080600, 12.357000, 11.744500, 11.492400, 11.569700, 12.096000, 12.975100, 13.833900, 13.823000, 13.863500, 14.037700, 13.858800
24.902300, 21.510300, 21.144400, 21.097800, 21.172400, 20.980300, 20.411800, 16.215700, 13.291800, 12.526300, 11.879300, 11.621300, 11.740200, 12.296200, 13.225600, 14.109000, 14.479600, 14.566300, 14.693900, 14.541300
25.989500, 23.598000, 23.505900, 23.531900, 23.596700, 23.408400, 22.963300, 21.259000, 13.521700, 12.680200, 12.005900, 11.753800, 11.892900, 12.518500, 13.492100, 14.381300, 14.891800, 15.148800, 15.259600, 15.105500
26.865900, 25.274800, 25.439000, 25.455400, 25.585700, 25.398300, 24.979500, 23.567800, 19.744700, 12.854000, 12.135200, 11.881000, 12.062300, 12.725900, 13.760800, 14.701200, 15.212800, 15.615500, 15.742500, 15.592100
27.562000, 26.610300, 27.014900, 27.009800, 27.210500, 26.971500, 26.591800, 25.249300, 22.646500, 14.379800, 12.259800, 12.018000, 12.209400, 12.952400, 14.024800, 14.977000, 15.508800, 15.899400, 16.162000, 15.937000
28.137800, 27.673600, 28.215600, 28.228500, 28.442600, 28.275200, 27.911600, 26.570400, 24.160100, 20.701700, 12.392400, 12.149800, 12.387500, 13.161500, 14.304100, 15.287300, 15.791500, 16.154200, 16.521700, 16.276700
28.627400, 28.543300, 29.176800, 29.193600, 29.447200, 29.309400, 29.056600, 27.727800, 25.362800, 22.513200, 18.276400, 12.295900, 12.564700, 13.392600, 14.573400, 15.571700, 16.101000, 16.428200, 16.739000, 16.577100
29.022300, 29.238600, 29.944700, 29.965800, 30.223100, 30.167800, 30.131700, 28.836900, 26.489600, 23.757700, 21.320600, 12.992200, 12.742600, 13.618100, 14.841100, 15.876400, 16.381500, 16.705700, 17.015300, 16.845600
29.353000, 29.828000, 30.589000, 30.584200, 30.877400, 30.866800, 31.087800, 30.106400, 27.760000, 25.013200, 22.852500, 20.252300, 12.931000, 13.867400, 15.110200, 16.161200, 16.679200, 16.966700, 17.268900, 17.073400
29.633600, 30.335100, 31.121100, 31.115600, 31.415500, 31.470200, 31.929900, 31.449300, 29.313000, 26.514300, 24.415600, 22.591600, 17.924900, 14.112700, 15.397100, 16.474600, 16.938700, 17.237700, 17.531300, 17.291200
29.889900, 30.776300, 31.583000, 31.577900, 31.895100, 32.008900, 32.643300, 32.651700, 31.258000, 28.396400, 26.270300, 24.560400, 22.890400, 14.389900, 15.694900, 16.759200, 17.235900, 17.488300, 17.773300, 17.550500
30.130000, 31.170100, 32.003600, 31.996400, 32.328500, 32.477000, 33.284700, 33.764100, 33.124800, 30.693700, 28.448300, 26.735200, 25.507000, 22.758900, 15.987000, 17.072500, 17.507600, 17.741400, 18.011700, 17.780000
30.350800, 31.527000, 32.392100, 32.377200, 32.725600, 32.888900, 33.839600, 34.740900, 34.759500, 33.161800, 30.947200, 29.156600, 28.004500, 26.563100, 19.419000, 17.355700, 17.790500, 17.984400, 18.238800, 18.024800
30.555400, 31.881200, 32.745700, 32.744300, 33.082200, 33.275900, 34.335000, 35.581900, 36.138200, 35.350700, 33.643900, 31.735000, 30.567500, 29.313700, 27.338600, 17.669900, 18.051300, 18.242600, 18.461600, 18.243600
30.735900, 32.187200, 33.077500, 33.083200, 33.414800, 33.635300, 34.813100, 36.285800, 37.358600, 37.188500, 36.066400, 34.360600, 33.113800, 31.940200, 30.527500, 26.728000, 18.335100, 18.478600, 18.682600, 18.465300
30.908000, 32.486800, 33.391600, 33.410100, 33.740700, 33.978700, 35.226700, 36.886900, 38.367600, 38.729400, 38.115400, 36.825500, 35.580900, 34.423400, 33.146400, 31.148900, 20.620500, 18.734700, 18.916500, 18.670800
31.076500, 32.775500, 33.696200, 33.708000, 34.059200, 34.300500, 35.617400, 37.433900, 39.170700, 40.002700, 39.783000, 38.869500, 37.922700, 36.723700, 35.458100, 33.776700, 30.345200, 18.972500, 19.147600, 18.912700
31.251900, 33.049600, 33.986900, 33.998500, 34.364600, 34.602700, 35.969900, 37.914800, 39.866300, 41.025200, 41.142000, 40.559100, 39.935500, 38.864900, 37.631100, 36.008100, 33.480800, 26.985300, 19.390500, 19.131200
31.405200, 33.308300, 34.256200, 34.275100, 34.639500, 34.887000, 36.290900, 38.324700, 40.452900, 41.840400, 42.226400, 41.926500, 41.607700, 40.849000, 39.622800, 38.055000, 35.701800, 32.526600, 19.758900, 19.373500
31.542600, 33.548100, 34.509800, 34.538900, 34.906300, 35.151400, 36.599800, 38.700100, 40.946700, 42.529100, 43.103000, 43.041400, 42.981500, 42.506100, 41.565000, 39.967200, 37.649300, 35.004500, 30.936300, 19.605900
31.674700, 33.766700, 34.752200, 34.780800, 35.151200, 35.411400, 36.883400, 39.042400, 41.391400, 43.119700, 43.840200, 43.912400, 44.090600, 43.898400, 43.371900, 41.929900, 39.549300, 37.027200, 34.537700, 26.873200
31.791200, 33.975200, 34.974700, 35.002600, 35.374100, 35.645000, 37.131100, 39.360000, 41.782300, 43.629700, 44.442400, 44.627900, 44.996100, 45.036200, 44.901900, 43.889800, 41.510500, 39.017600, 36.789400, 33.644700
31.893300, 34.160200, 35.176500, 35.202900, 35.580100, 35.860000, 37.360400, 39.643700, 42.119700, 44.082900, 44.951900, 45.223600, 45.729500, 46.001500, 46.191000, 45.684100, 43.610400, 41.085100, 38.955200, 36.403900
31.987300, 34.323900, 35.363800, 35.389000, 35.758100, 36.051300, 37.574300, 39.911200, 42.451900, 44.472600, 45.419500, 45.737600, 46.371100, 46.791900, 47.272400, 47.231500, 45.770600, 43.349600, 41.205500, 38.783000
32.074200, 34.487000, 35.526900, 35.549900, 35.918500, 36.223900, 37.765000, 40.148700, 42.754100, 44.848900, 45.848800, 46.196300, 46.903800, 47.444600, 48.185600, 48.545400, 47.646200, 45.768300, 43.561500, 41.158500
32.148000, 34.624700, 35.689100, 35.706000, 36.073800, 36.384800, 37.939300, 40.364100, 43.030500, 45.185000, 46.237000, 46.629500, 47.383400, 48.036700, 48.955100, 49.624400, 49.267900, 48.023000, 46.038300, 43.583400
32.221700, 34.746900, 35.813400, 35.838400, 36.206000, 36.522400, 38.101400, 40.559300, 43.293200, 45.495600, 46.585700, 47.029600, 47.814700, 48.516900, 49.594300, 50.501000, 50.596500, 49.943500, 48.542000, 46.089400
32.282200, 34.858000, 35.932500, 35.961100, 36.331700, 36.645300, 38.257400, 40.733800, 43.543500, 45.796500, 46.923000, 47.394100, 48.195100, 48.970600, 50.152000, 51.250500, 51.659600, 51.531300, 50.734200, 48.627800
32.338500, 34.958300, 36.038400, 36.069800, 36.440000, 36.760600, 38.388700, 40.906300, 43.758700, 46.079600, 47.255600, 47.733300, 48.565900, 49.390700, 50.652700, 51.896800, 52.541900, 52.852800, 52.545600, 50.946200
32.385300, 35.048200, 36.136000, 36.169400, 36.541600, 36.865800, 38.502900, 41.062200, 43.970000, 46.346800, 47.557900, 48.081600, 48.911000, 49.770600, 51.102700, 52.449800, 53.299700, 53.926500, 54.047400, 52.895900
32.431200, 35.125800, 36.225600, 36.260500, 36.625600, 36.965900, 38.610200, 41.207300, 44.161600, 46.596100, 47.844800, 48.386800, 49.249700, 50.136600, 51.497700, 52.948600, 53.945700, 54.794500, 55.259400, 54.493800
32.474100, 35.203300, 36.302900, 36.341700, 36.710600, 37.049100, 38.708400, 41.335500, 44.338100, 46.816800, 48.107100, 48.682300, 49.572700, 50.473300, 51.882100, 53.379400, 54.482200, 55.542200, 56.239900, 55.811100
32.512000, 35.272300, 36.373400, 36.411200, 36.781900, 37.125300, 38.798700, 41.453600, 44.500400, 47.027500, 48.350900, 48.944100, 49.872100, 50.792800, 52.235700, 53.796700, 54.986200, 56.158200, 57.050300, 56.868000
32.546900, 35.328600, 36.437700, 36.476200, 36.847500, 37.194000, 38.884800, 41.563500, 44.647400, 47.233100, 48.564800, 49.201400, 50.141600, 51.092300, 52.565300, 54.164200, 55.433100, 56.691200, 57.749400, 57.736900
32.574800, 35.380900, 36.495200, 36.534800, 36.909300, 37.251200, 38.955900, 41.658700, 44.780300, 47.417400, 48.782500, 49.441900, 50.393600, 51.377600, 52.878500, 54.505700, 55.835000, 57.155500, 58.323900, 58.449800
32.606200, 35.431200, 36.545700, 36.592000, 36.967900, 37.307400, 39.019700, 41.744800, 44.902900, 47.575400, 48.963400, 49.656600, 50.638600, 51.625600, 53.158200, 54.843300, 56.203400, 57.585600, 58.853500, 59.043100
32.630100, 35.478700, 36.598500, 36.643800, 37.014600, 37.353200, 39.079900, 41.825200, 45.006500, 47.725000, 49.135300, 49.850500, 50.843000, 51.874800, 53.433500, 55.148300, 56.547400, 57.977700, 59.301000, 59.552300
32.653800, 35.521400, 36.643000, 36.692300, 37.061600, 37.399900, 39.135800, 41.894100, 45.110600, 47.852200, 49.294300, 50.022200, 51.042900, 52.096600, 53.683000, 55.424800, 56.877600, 58.357900, 59.695600, 60.003400
32.677000, 35.561200, 36.682900, 36.731100, 37.100600, 37.441900, 39.183000, 41.960500, 45.197800, 47.970900, 49.429400, 50.176100, 51.225100, 52.296800, 53.916600, 55.678600, 57.171600, 58.712300, 60.083000, 60.412900
32.698700, 35.595300, 36.719400, 36.767700, 37.138900, 37.482400, 39.229100, 42.020300, 45.278900, 48.073200, 49.557200, 50.317500, 51.388000, 52.485200, 54.116200, 55.937100, 57.464500, 59.033400, 60.442400, 60.798300
32.717800, 35.628600, 36.753800, 36.802600, 37.173000, 37.520500, 39.271300, 42.073400, 45.356700, 48.171600, 49.665400, 50.440000, 51.528300, 52.644100, 54.289000, 56.143000, 57.709700, 59.341100, 60.782600, 61.166200
32.731600, 35.658200, 36.783800, 36.831700, 37.203400, 37.549200, 39.309600, 42.123500, 45.424400, 48.252400, 49.771200, 50.562500, 51.661800, 52.781300, 54.463400, 56.350300, 57.955500, 59.614500, 61.110000, 61.507200
32.747500, 35.689200, 36.812400, 36.862600, 37.237400, 37.582900, 39.350000, 42.170900, 45.491000, 48.341500, 49.865500, 50.673000, 51.791600, 52.920900, 54.629700, 56.549200, 58.190500, 59.898600, 61.441400, 61.865400
32.761200, 35.713800, 36.836400, 36.885700, 37.260000, 37.608700, 39.376600, 42.207700, 45.543100, 48.411500, 49.953100, 50.759700, 51.901200, 53.032600, 54.769900, 56.719100, 58.393200, 60.126900, 61.722300, 62.168200
32.773300, 35.731800, 36.859600, 36.907600, 37.280400, 37.634600, 39.405600, 42.241200, 45.587800, 48.470300, 50.025600, 50.848500, 51.995900, 53.137000, 54.900900, 56.869900, 58.584000, 60.340900, 61.974600, 62.458300
32.782700, 35.751200, 36.881700, 36.925800, 37.301000, 37.655200, 39.428900, 42.271400, 45.633800, 48.531600, 50.091000, 50.925400, 52.082400, 53.228300, 55.012100, 57.013400, 58.738900, 60.549100, 62.209400, 62.704000
32.793100, 35.767600, 36.901200, 36.945500, 37.323800, 37.674500, 39.452100, 42.301300, 45.676100, 48.579800, 50.153500, 50.989700, 52.160900, 53.316500, 55.111600, 57.144800, 58.892700, 60.729000, 62.424100, 62.955700


0.000000, 0.000000, 0.000000, 0.000000, 0.000000, 0.000000, 0.000000, 0.000000, 0.000000, 0.000000, 0.000000, 0.000000, 0.000000, 0.000000, 0.000000, 0.000000, 0.000000, 0.000000, 0.000000, 0.000000
0.000000, 0.000000, 0.000000, 0.000000, 0.000000, 0.000000, 0.000000, 0.000000, 0.000000, 0.000000, 0.000000, 0.000000, 0.000000, 0.000000, 0.000000, 0.000000, 0.000000, 0.000000, 0.000000, 0.000000
0.000000, 0.000000, 0.000000, 0.000000, 0.000000, 0.000000, 0.000000, 0.000000, 0.000000, 0.000000, 0.000000, 0.000000, 0.000000, 0.000000, 0.000000, 0.000000, 0.000000, 0.000000, 0.000000, 0.000000
0.000000, 0.000000, 0.000000, 0.000000, 0.000000, 0.000000, 0.000000, 0.000000, 0.000000, 0.000000, 0.000000, 0.000000, 0.000000, 0.000000, 0.000000, 0.000000, 0.000000, 0.000000, 0.000000, 0.000000
0.000000, 0.000000, 0.000000, 0.000000, 0.000000, 0.000000, 0.000000, 0.000000, 0.000000, 0.000000, 0.000000, 0.000000, 0.000000, 0.000000, 0.000000, 0.000000, 0.000000, 0.000000, 0.000000, 0.000000
0.000000, 0.000000, 0.000000, 0.000000, 0.000000, 0.000000, 0.000000, 0.000000, 0.000000, 0.000000, 0.000000, 0.000000, 0.000000, 0.000000, 0.000000, 0.000000, 0.000000, 0.000000, 0.000000, 0.000000
0.000000, 0.000000, 0.000000, 0.000000, 0.000000, 0.000000, 0.000000, 0.000000, 0.000000, 0.000000, 0.000000, 0.000000, 0.000000, 0.000000, 0.000000, 0.000000, 0.000000, 0.000000, 0.000000, 0.000000
0.000000, 0.000000, 0.000000, 0.000000, 0.000000, 0.000000, 0.000000, 0.000000, 0.000000, 0.000000, 0.000000, 0.000000, 0.000000, 0.000000, 0.000000, 0.000000, 0.000000, 0.000000, 0.000000, 0.000000
0.000000, 0.000000, 0.000000, 0.000000, 0.000000, 0.000000, 0.000000, 0.000000, 0.000000, 0.000000, 0.000000, 0.000000, 0.000000, 0.000000, 0.000000, 0.000000, 0.000000, 0.000000, 0.000000, 0.000000
0.001200, 0.002100, 0.000800, 0.001200, 0.001000, 0.001300, 0.001200, 0.001200, 0.001600, 0.001200, 0.001400, 0.001200, 0.001400, 0.001200, 0.001200, 0.001000, 0.000800, 0.002000, 0.000700, 0.001200
0.001200, 0.241300, 0.233200, 0.227600, 0.235100, 0.233200, 0.224500, 0.227700, 0.231400, 0.235100, 0.227900, 0.240300, 0.236300, 0.225100, 0.228100, 0.221000, 0.223700, 0.220600, 0.232400, 0.216400
0.001200, 0.388700, 0.581800, 0.567700, 0.571600, 0.559600, 0.546800, 0.560600, 0.570900, 0.562100, 0.554200, 0.561000, 0.551100, 0.546300, 0.556100, 0.547200, 0.546300, 0.554000, 0.563900, 0.532900
0.001200, 0.390900, 0.744800, 0.722400, 0.740300, 0.711900, 0.701400, 0.724400, 0.732800, 0.722000, 0.701800, 0.713700, 0.705000, 0.695900, 0.699300, 0.702500, 0.699500, 0.696000, 0.712500, 0.685200
0.001200, 0.393500, 0.755000, 0.748500, 0.766200, 0.739000, 0.725500, 0.749500, 0.761000, 0.743600, 0.724400, 0.734300, 0.727700, 0.717600, 0.721500, 0.724500, 0.720800, 0.718400, 0.736000, 0.708400
0.001200, 0.396600, 0.759300, 0.754600, 0.769200, 0.742900, 0.727700, 0.752300, 0.763400, 0.745100, 0.727500, 0.737600, 0.731600, 0.720800, 0.724200, 0.728800, 0.723400, 0.722600, 0.739700, 0.710900
0.001200, 0.397900, 0.763600, 0.759900, 0.769700, 0.743300, 0.728300, 0.752700, 0.764100, 0.745400, 0.728200, 0.738000, 0.731400, 0.721700, 0.724500, 0.729300, 0.724400, 0.722600, 0.740200, 0.711500
0.001200, 0.399200, 0.767100, 0.763700, 0.789400, 0.807700, 0.790000, 0.816100, 0.822500, 0.809500, 0.793500, 0.802700, 0.797700, 0.784900, 0.788200, 0.797700, 0.782000, 0.784900, 0.807000, 0.775500
0.001200, 0.400700, 0.771300, 0.767900, 0.801700, 0.926800, 0.927600, 0.967300, 0.960500, 0.959900, 0.939100, 0.935400, 0.933100, 0.931700, 0.918900, 0.935500, 0.923500, 0.923600, 0.946900, 0.908400
0.001200, 0.401400, 0.774000, 0.770800, 0.815500, 0.956700, 1.187400, 1.219700, 1.226000, 1.217000, 1.192000, 1.190100, 1.183100, 1.178400, 1.169000, 1.190900, 1.170700, 1.166700, 1.187700, 1.161000
0.001200, 0.403100, 0.776000, 0.773100, 0.828500, 0.990100, 1.492700, 1.778900, 1.790300, 1.793000, 1.763600, 1.742200, 1.756200, 1.734300, 1.716200, 1.730400, 1.721600, 1.725700, 1.747300, 1.719500
0.001200, 0.404000, 0.778600, 0.776500, 0.846700, 1.031400, 1.578400, 2.700800, 2.699200, 2.708200, 2.695700, 2.671300, 2.677700, 2.649800, 2.640000, 2.649300, 2.623900, 2.648900, 2.676400, 2.618300
0.001300, 0.404300, 0.780400, 0.778500, 0.861800, 1.073700, 1.703300, 2.993900, 3.742600, 3.693600, 3.704700, 3.690100, 3.665900, 3.659700, 3.624200, 3.649300, 3.608400, 3.619800, 3.667700, 3.614400
0.001300, 0.405700, 0.782800, 0.781500, 0.884000, 1.123500, 1.813800, 3.196300, 4.359300, 4.403600, 4.386600, 4.364500, 4.353500, 4.336800, 4.326600, 4.341800, 4.292700, 4.295700, 4.357800, 4.296500
0.001400, 0.406800, 0.785300, 0.784300, 0.904600, 1.180200, 1.952100, 3.386300, 4.512400, 4.823700, 4.801000, 4.803500, 4.781500, 4.743800, 4.730000, 4.759600, 4.722000, 4.725600, 4.793200, 4.703300
0.001500, 0.408400, 0.786600, 0.791700, 0.932400, 1.239800, 2.096000, 3.620600, 4.676200, 5.026900, 5.078100, 5.052000, 5.060600, 5.040500, 5.017000, 5.050900, 5.031800, 5.012800, 5.085200, 4.967200
0.001500, 0.705600, 0.789600, 0.801100, 0.959800, 1.310300, 2.261900, 3.814900, 4.860800, 5.184200, 5.312500, 5.266500, 5.277500, 5.269100, 5.238300, 5.271500, 5.226800, 5.231100, 5.286900, 5.176200
0.001500, 0.770300, 0.997300, 0.811600, 0.989900, 1.383200, 2.427900, 4.033000, 5.023100, 5.325100, 5.413900, 5.452500, 5.433400, 5.436600, 5.438000, 5.427100, 5.385100, 5.404400, 5.472800, 5.351500
0.001700, 0.792800, 1.382100, 0.827700, 1.025400, 1.473600, 2.615100, 4.234000, 5.208500, 5.450100, 5.514000, 5.587700, 5.606500, 5.604500, 5.608900, 5.622100, 5.563400, 5.596000, 5.652100, 5.544900
0.001800, 0.866700, 1.521200, 1.345500, 1.071600, 1.572900, 2.799300, 4.451700, 5.367900, 5.588000, 5.630000, 5.680400, 5.832200, 5.836600, 5.829400, 5.864100, 5.792200, 5.826700, 5.886800, 5.776800
0.002600, 1.044300, 1.737000, 1.709600, 1.174700, 1.686800, 3.004900, 4.651500, 5.541500, 5.707400, 5.729300, 5.781600, 5.950000, 6.163500, 6.157100, 6.166100, 6.129800, 6.146900, 6.201400, 6.103800
0.003900, 1.440200, 2.171300, 2.175200, 2.129000, 1.819100, 3.211500, 4.854100, 5.694000, 5.843300, 5.828400, 5.864700, 6.052700, 6.477400, 6.626500, 6.604000, 6.596900, 6.606900, 6.658200, 6.560900
0.006400, 2.273800, 3.042500, 3.072900, 3.093200, 2.814100, 3.432600, 5.052900, 5.861400, 5.958800, 5.920400, 5.957900, 6.145500, 6.589600, 7.227000, 7.219100, 7.196100, 7.197800, 7.286500, 7.135200
0.007900, 3.693900, 4.484600, 4.527500, 4.565000, 4.478200, 3.673200, 5.262100, 6.003400, 6.084100, 6.021600, 6.044300, 6.255900, 6.728700, 7.511600, 7.908100, 7.897400, 7.895100, 8.001600, 7.838100
0.011500, 5.126300, 6.292300, 6.326500, 6.364400, 6.350100, 6.065800, 5.449500, 6.156500, 6.188500, 6.101600, 6.134100, 6.352800, 6.867200, 7.719900, 8.553300, 8.620800, 8.622300, 8.760000, 8.569900
0.014800, 6.364300, 8.014200, 8.076500, 8.130300, 8.092300, 7.919200, 6.792100, 6.295900, 6.301400, 6.187300, 6.218300, 6.466300, 7.003700, 7.903900, 8.756800, 9.287400, 9.319300, 9.410900, 9.275500
0.019300, 7.400700, 9.463300, 9.597300, 9.632300, 9.594800, 9.447400, 9.102900, 6.447000, 6.404300, 6.269200, 6.306400, 6.565200, 7.158700, 8.100400, 8.960400, 9.660300, 9.927600, 10.017400, 9.870400
0.027000, 8.230300, 10.643000, 10.792100, 10.863000, 10.835500, 10.672600, 10.416700, 9.229500, 6.522900, 6.358100, 6.391100, 6.682300, 7.308800, 8.301300, 9.203600, 9.906900, 10.464400, 10.556000, 10.425000
0.035300, 8.904900, 11.630500, 11.766300, 11.877200, 11.806400, 11.660300, 11.440300, 10.738700, 7.277600, 6.444500, 6.481100, 6.784400, 7.475700, 8.497700, 9.410900, 10.135300, 10.681500, 11.031900, 10.846300
0.049000, 9.440300, 12.375700, 12.532800, 12.659100, 12.604800, 12.481200, 12.249800, 11.638300, 10.370300, 6.536800, 6.570000, 6.905700, 7.625900, 8.704000, 9.648400, 10.352700, 10.875000, 11.389300, 11.257900
0.065700, 9.887200, 12.965600, 13.131700, 13.286800, 13.224700, 13.169900, 12.945300, 12.374700, 11.401800, 9.555800, 6.675800, 7.033000, 7.793000, 8.907000, 9.867900, 10.594700, 11.082400, 11.558200, 11.624700
0.085800, 10.248700, 13.435700, 13.600000, 13.759900, 13.739000, 13.799400, 13.609600, 13.077000, 12.177100, 11.214000, 7.077500, 7.163800, 7.965700, 9.116700, 10.104700, 10.818000, 11.295400, 11.774400, 11.840500
0.106900, 10.539800, 13.829700, 13.987400, 14.154800, 14.140200, 14.330800, 14.362900, 13.879300, 12.990400, 12.199000, 10.970700, 7.303100, 8.149900, 9.324300, 10.323000, 11.054000, 11.499200, 11.975600, 12.017000
0.130900, 10.789000, 14.140900, 14.301500, 14.481700, 14.488400, 14.802500, 15.139000, 14.874000, 14.007800, 13.256900, 12.421000, 10.119900, 8.337800, 9.546600, 10.571700, 11.254900, 11.715000, 12.179500, 12.188100
0.151500, 10.997000, 14.410500, 14.568700, 14.767900, 14.790800, 15.197000, 15.826100, 16.132700, 15.295900, 14.553800, 13.800500, 13.083900, 8.557500, 9.780000, 10.795700, 11.488100, 11.915000, 12.368400, 12.397400
0.172500, 11.174100, 14.658900, 14.814900, 15.012600, 15.051800, 15.544600, 16.482400, 17.363600, 16.922600, 16.150500, 15.398000, 14.925900, 13.489000, 10.013000, 11.044800, 11.703700, 12.118600, 12.559100, 12.578400
0.193400, 11.337400, 14.879900, 15.031200, 15.232700, 15.277900, 15.842900, 17.049100, 18.411900, 18.678300, 18.002000, 17.200500, 16.795500, 16.063300, 12.118700, 11.275200, 11.929500, 12.310300, 12.737300, 12.774500
0.212800, 11.495700, 15.074200, 15.238300, 15.432000, 15.486000, 16.108400, 17.525300, 19.306500, 20.243100, 20.034300, 19.170700, 18.769800, 18.120300, 17.132100, 11.528000, 12.138500, 12.518600, 12.914400, 12.948500
0.229200, 11.626100, 15.255400, 15.430400, 15.617200, 15.684100, 16.374600, 17.927600, 20.098300, 21.553600, 21.860400, 21.197400, 20.760300, 20.147800, 19.471300, 17.278000, 12.371400, 12.711300, 13.088700, 13.125700
0.245800, 11.763000, 15.428200, 15.606700, 15.804500, 15.863800, 16.605800, 18.270300, 20.745300, 22.642400, 23.406200, 23.100300, 22.692100, 22.087800, 21.509500, 20.372000, 13.891700, 12.913800, 13.282600, 13.293400
0.260300, 11.884000, 15.598100, 15.764800, 15.976200, 16.037300, 16.819700, 18.588600, 21.272300, 23.542200, 24.645500, 24.677700, 24.524800, 23.895000, 23.323400, 22.376200, 20.362200, 13.109100, 13.477000, 13.491900
0.273400, 12.004900, 15.748100, 15.921900, 16.145600, 16.204300, 17.014500, 18.866400, 21.718500, 24.273600, 25.650300, 25.976600, 26.088700, 25.584600, 25.039900, 24.116100, 22.671500, 18.488600, 13.677700, 13.669500
0.283600, 12.110300, 15.895800, 16.067100, 16.298300, 16.360000, 17.186100, 19.095600, 22.077400, 24.845300, 26.451200, 27.037800, 27.389400, 27.144100, 26.619000, 25.727800, 24.386300, 22.357700, 13.961000, 13.873000
0.294200, 12.206000, 16.029300, 16.210400, 16.444900, 16.499400, 17.353700, 19.310800, 22.387400, 25.318900, 27.101700, 27.896000, 28.453800, 28.439400, 28.150000, 27.251100, 25.943200, 24.258500, 21.633900, 14.070300
0.306200, 12.302800, 16.159500, 16.339300, 16.578000, 16.641900, 17.496900, 19.503600, 22.666100, 25.719400, 27.650400, 28.553800, 29.298200, 29.524500, 29.572100, 28.804600, 27.449100, 25.855100, 24.293600, 19.145400
0.317300, 12.391900, 16.278200, 16.462600, 16.694200, 16.769500, 17.622600, 19.685600, 22.916500, 26.071400, 28.084200, 29.095300, 30.001400, 30.394200, 30.762700, 30.361200, 29.018200, 27.464100, 26.073700, 24.004400
0.328400, 12.469500, 16.384500, 16.569900, 16.805800, 16.890400, 17.748300, 19.845100, 23.129900, 26.386300, 28.453100, 29.542900, 30.559000, 31.129700, 31.750600, 31.757900, 30.711300, 29.148400, 27.824200, 26.151700
0.336600, 12.536700, 16.482300, 16.669100, 16.904300, 16.989100, 17.859200, 19.991800, 23.333600, 26.645500, 28.779700, 29.910000, 31.036200, 31.748700, 32.567200, 32.973200, 32.462700, 30.992600, 29.662200, 28.091500
0.344000, 12.608100, 16.570000, 16.758800, 16.987900, 17.082900, 17.962400, 20.126500, 23.510400, 26.892500, 29.075900, 30.242500, 31.444100, 32.244400, 33.272300, 33.991400, 33.960800, 32.971800, 31.614100, 30.061400
0.352400, 12.663900, 16.654900, 16.844100, 17.071900, 17.167300, 18.051000, 20.243600, 23.684500, 27.113400, 29.340800, 30.554800, 31.795100, 32.689400, 33.850600, 34.839800, 35.264700, 34.806000, 33.677700, 32.085000
0.359700, 12.713500, 16.721700, 16.914700, 17.144900, 17.240800, 18.136800, 20.354800, 23.845600, 27.309100, 29.583800, 30.834900, 32.104300, 33.041300, 34.328500, 35.516000, 36.324700, 36.372700, 35.760300, 34.191900
0.364400, 12.756900, 16.785200, 16.980900, 17.209200, 17.300400, 18.214800, 20.449300, 24.004200, 27.505000, 29.819800, 31.087500, 32.380400, 33.379100, 34.752300, 36.094500, 37.164500, 37.664400, 37.573400, 36.337400
0.371700, 12.799700, 16.839300, 17.035900, 17.265300, 17.364800, 18.282800, 20.538100, 24.128100, 27.687900, 30.044200, 31.329700, 32.654100, 33.688700, 35.130500, 36.586100, 37.868300, 38.731000, 39.081200, 38.276300
0.375500, 12.840000, 16.891700, 17.085800, 17.320600, 17.417400, 18.342200, 20.622900, 24.251100, 27.863900, 30.252400, 31.578100, 32.898800, 33.973700, 35.467800, 36.998600, 38.455900, 39.598800, 40.322000, 39.910900
0.378500, 12.874200, 16.937300, 17.133800, 17.363000, 17.472800, 18.401300, 20.702600, 24.359500, 28.032200, 30.450600, 31.799800, 33.142300, 34.239000, 35.758200, 37.375700, 38.959400, 40.291700, 41.323900, 41.243200
0.382300, 12.906800, 16.974700, 17.179000, 17.408000, 17.515500, 18.456600, 20.774800, 24.463100, 28.177800, 30.627500, 32.001900, 33.375200, 34.474400, 36.047500, 37.688900, 39.377500, 40.884000, 42.123600, 42.340400
0.386000, 12.931300, 17.008000, 17.214300, 17.442500, 17.554500, 18.504500, 20.840300, 24.566600, 28.314000, 30.797900, 32.184700, 33.586800, 34.712400, 36.303100, 38.000400, 39.766100, 41.372700, 42.780200, 43.207300
0.389500, 12.953200, 17.038600, 17.249100, 17.474700, 17.586900, 18.545500, 20.901100, 24.651100, 28.450300, 30.942600, 32.365600, 33.781600, 34.929200, 36.546700, 38.271000, 40.103900, 41.774800, 43.341900, 43.916000
0.391900, 12.975200, 17.068600, 17.278000, 17.507200, 17.615500, 18.580000, 20.949400, 24.731600, 28.567500, 31.094700, 32.539400, 33.962700, 35.135100, 36.777300, 38.523600, 40.407200, 42.144200, 43.803100, 44.491400
0.396100, 12.996100, 17.094900, 17.304700, 17.535500, 17.643300, 18.611900, 20.992200, 24.803300, 28.668900, 31.213900, 32.690400, 34.141100, 35.314300, 36.979800, 38.769900, 40.688200, 42.479800, 44.232200, 44.968500
0.399400, 13.016500, 17.122900, 17.327800, 17.559500, 17.663900, 18.640000, 21.036600, 24.865000, 28.768000, 31.331700, 32.828200, 34.281700, 35.489800, 37.181100, 38.996200, 40.951000, 42.770500, 44.586500, 45.384400
0.402500, 13.033600, 17.144700, 17.352900, 17.583400, 17.688300, 18.666000, 21.073200, 24.926400, 28.850100, 31.440500, 32.950900, 34.424500, 35.650900, 37.356000, 39.196400, 41.201400, 43.063900, 44.898600, 45.743800
0.404500, 13.047200, 17.164900, 17.372800, 17.603500, 17.708000, 18.689400, 21.110000, 24.982600, 28.929600, 31.524400, 33.056400, 34.553100, 35.795100, 37.525500, 39.378300, 41.423200, 43.338900, 45.205100, 46.068200
0.407800, 13.059700, 17.184500, 17.393800, 17.619800, 17.726100, 18.711800, 21.142900, 25.028100, 28.991900, 31.609000, 33.158700, 34.668900, 35.933300, 37.668200, 39.570900, 41.643900, 43.583200, 45.492500, 46.367200
0.409800, 13.073700, 17.201000, 17.410700, 17.638500, 17.745200, 18.730500, 21.169100, 25.070000, 29.050900, 31.683500, 33.245500, 34.765800, 36.046700, 37.793400, 39.719100, 41.823200, 43.812300, 45.760500, 46.663600
0.412200, 13.086100, 17.219700, 17.425700, 17.655700, 17.759700, 18.746500, 21.196400, 25.108000, 29.102900, 31.753100, 33.326800, 34.863600, 36.141100, 37.914500, 39.873200, 42.005200, 44.024200, 46.013200, 46.929200
0.414100, 13.097600, 17.236000, 17.441500, 17.671900, 17.776500, 18.767200, 21.219900, 25.145800, 29.159800, 31.812000, 33.400200, 34.957100, 36.237100, 38.039500, 40.012900, 42.184800, 44.240100, 46.268600, 47.208300
0.415900, 13.109100, 17.247200, 17.453400, 17.683500, 17.789700, 18.779000, 21.240100, 25.176600, 29.203500, 31.872400, 33.461500, 35.032500, 36.314000, 38.142800, 40.136000, 42.329900, 44.411400, 46.485700, 47.447700
0.416600, 13.118500, 17.257600, 17.463400, 17.692100, 17.802700, 18.791300, 21.256700, 25.203600, 29.243500, 31.920900, 33.522900, 35.100700, 36.386000, 38.236600, 40.243600, 42.472700, 44.572600, 46.680500, 47.671500
0.418000, 13.124600, 17.269000, 17.472600, 17.701200, 17.813000, 18.802300, 21.270800, 25.228400, 29.278200, 31.966100, 33.576100, 35.159200, 36.448300, 38.310300, 40.346200, 42.585800, 44.730500, 46.865300, 47.861400
0.419300, 13.129700, 17.279300, 17.482900, 17.711900, 17.823200, 18.815500, 21.286700, 25.251400, 29.306800, 32.006700, 33.621900, 35.213700, 36.508000, 38.379500, 40.439500, 42.694600, 44.863600, 47.032400, 48.056400


0.000000, 0.000000, 0.000000, 0.000000, 0.000000, 0.000000, 0.000000, 0.000000, 0.000000, 0.000000, 0.000000, 0.000000, 0.000000, 0.000000, 0.000000, 0.000000, 0.000000, 0.000000, 0.000000, 0.000000
0.000000, 0.000000, 0.000000, 0.000000, 0.000000, 0.000000, 0.000000, 0.000000, 0.000000, 0.000000, 0.000000, 0.000000, 0.000000, 0.000000, 0.000000, 0.000000, 0.000000, 0.000000, 0.000000, 0.000000
0.000000, 0.000000, 0.000000, 0.000000, 0.000000, 0.000000, 0.000000, 0.000000, 0.000000, 0.000000, 0.000000, 0.000000, 0.000000, 0.000000, 0.000000, 0.000000, 0.000000, 0.000000, 0.000000, 0.000000
0.000000, 0.000000, 0.000000, 0.000000, 0.000000, 0.000000, 0.000000, 0.000000, 0.000000, 0.000000, 0.000000, 0.000000, 0.000000, 0.000000, 0.000000, 0.000000, 0.000000, 0.000000, 0.000000, 0.000000
0.000000, 0.000000, 0.000000, 0.000000, 0.000000, 0.000000, 0.000000, 0.000000, 0.000000, 0.000000, 0.000000, 0.000000, 0.000000, 0.000000, 0.000000, 0.000000, 0.000000, 0.000000, 0.000000, 0.000000
0.000000, 0.000000, 0.000000, 0.000000, 0.000000, 0.000000, 0.000000, 0.000000, 0.000000, 0.000000, 0.000000, 0.000000, 0.000000, 0.000000, 0.000000, 0.000000, 0.000000, 0.000000, 0.000000, 0.000000
0.000000, 0.000000, 0.000000, 0.000000, 0.000000, 0.000000, 0.000000, 0.000000, 0.000000, 0.000000, 0.000000, 0.000000, 0.000000, 0.000000, 0.000000, 0.000000, 0.000000, 0.000000, 0.000000, 0.000000
0.000000, 0.000000, 0.000000, 0.000000, 0.000000, 0.000000, 0.000000, 0.000000, 0.000000, 0.000000, 0.000000, 0.000000, 0.000000, 0.000000, 0.000000, 0.000000, 0.000000, 0.000000, 0.000000, 0.000000
10.326100, 10.319600, 10.233100, 10.292500, 10.340300, 10.245200, 10.315500, 10.265100, 10.240900, 10.254400, 10.276200, 10.223200, 10.254000, 10.200300, 10.215000, 10.218800, 10.192800, 10.173300, 10.210000, 10.121200
12.110400, 12.119400, 12.054100, 12.100000, 12.174400, 12.064400, 12.103400, 12.091600, 12.095600, 12.069500, 12.091500, 12.082100, 12.087700, 12.037800, 12.062000, 12.055100, 12.023400, 12.021300, 12.088200, 11.997100
12.154500, 5.396000, 5.409000, 5.425100, 5.449500, 5.388100, 5.424300, 5.443100, 5.468800, 5.425200, 5.450900, 5.481400, 5.472900, 5.471400, 5.496300, 5.545900, 5.497700, 5.515800, 5.556800, 5.523400
12.188800, 4.644100, 4.316300, 4.342300, 4.369100, 4.314400, 4.353600, 4.375600, 4.384600, 4.339800, 4.381200, 4.409600, 4.404500, 4.408300, 4.415200, 4.466000, 4.427200, 4.442600, 4.465200, 4.460100
12.221400, 4.665400, 4.057800, 4.100200, 4.115000, 4.069200, 4.108300, 4.122100, 4.130400, 4.090100, 4.137500, 4.169300, 4.161600, 4.168700, 4.180900, 4.223000, 4.189300, 4.213500, 4.224300, 4.222300
12.251000, 4.688500, 4.066700, 4.062100, 4.079200, 4.031400, 4.070800, 4.082900, 4.092000, 4.056700, 4.101300, 4.136800, 4.126300, 4.135500, 4.146300, 4.189400, 4.155200, 4.178300, 4.188900, 4.185700
12.274400, 4.709600, 4.086200, 4.058600, 4.070700, 4.022700, 4.063000, 4.075200, 4.084300, 4.050900, 4.093500, 4.129200, 4.117400, 4.125500, 4.137600, 4.181600, 4.148300, 4.169000, 4.179600, 4.177800
12.290300, 4.726100, 4.107100, 4.078600, 4.070600, 4.022300, 4.062200, 4.074500, 4.084000, 4.050500, 4.093200, 4.128800, 4.116900, 4.124500, 4.137100, 4.181200, 4.147300, 4.168400, 4.179100, 4.177400
12.306500, 4.740300, 4.124800, 4.097500, 4.124800, 4.146900, 4.186800, 4.198900, 4.209300, 4.179200, 4.220000, 4.250300, 4.242200, 4.255200, 4.266400, 4.309900, 4.271900, 4.298000, 4.311900, 4.310200
12.320200, 4.754200, 4.141300, 4.113300, 4.159800, 4.353000, 4.431400, 4.429400, 4.442100, 4.421700, 4.448400, 4.497500, 4.484900, 4.482300, 4.500400, 4.556100, 4.516300, 4.532900, 4.550400, 4.548200
12.333300, 4.764900, 4.154800, 4.129200, 4.195100, 4.409000, 4.749900, 4.757000, 4.769800, 4.751100, 4.778500, 4.834200, 4.821500, 4.814600, 4.840000, 4.892100, 4.856600, 4.867900, 4.884200, 4.887900
12.342700, 4.775800, 4.166500, 4.142700, 4.227700, 4.471000, 5.087500, 5.252900, 5.286200, 5.239700, 5.288500, 5.332600, 5.331700, 5.342100, 5.353100, 5.409700, 5.363700, 5.376300, 5.381600, 5.393500
12.353800, 4.787100, 4.179000, 4.154600, 4.269200, 4.545300, 5.186400, 5.708700, 5.715000, 5.694700, 5.726700, 5.761600, 5.748800, 5.772800, 5.794600, 5.840600, 5.806800, 5.803300, 5.831800, 5.848500
12.364000, 4.795600, 4.188100, 4.164900, 4.307200, 4.620300, 5.328500, 5.886300, 5.850300, 5.888000, 5.889800, 5.921300, 5.907400, 5.943400, 5.958500, 6.002400, 5.962800, 5.966600, 6.016800, 6.005500
12.375100, 4.801900, 4.195900, 4.172300, 4.345600, 4.703200, 5.460600, 6.038000, 5.854400, 5.788300, 5.777000, 5.814300, 5.811200, 5.841500, 5.865900, 5.893700, 5.821000, 5.877100, 5.896600, 5.898000
14.036400, 4.808800, 4.202300, 4.183100, 4.385600, 4.793800, 5.610700, 6.167500, 5.960900, 5.560900, 5.545000, 5.590300, 5.600000, 5.626200, 5.641400, 5.657000, 5.597600, 5.649900, 5.696500, 5.691500
15.919400, 4.820000, 4.209000, 4.198300, 4.429900, 4.882200, 5.751900, 6.321500, 6.062200, 5.550600, 5.338700, 5.367500, 5.362500, 5.382800, 5.410400, 5.425600, 5.385500, 5.438800, 5.468100, 5.468000
16.223700, 7.492100, 4.217200, 4.221200, 4.479300, 4.985500, 5.896600, 6.451200, 6.180200, 5.633000, 5.206300, 5.200400, 5.190100, 5.186600, 5.221400, 5.229700, 5.191500, 5.245700, 5.293500, 5.287600
16.330200, 8.105300, 5.144400, 4.245800, 4.529800, 5.090300, 6.051500, 6.599200, 6.274200, 5.711000, 5.266700, 5.065200, 5.060700, 5.059000, 5.081800, 5.090100, 5.056600, 5.122100, 5.156400, 5.143800
16.407500, 8.252800, 7.040800, 4.274000, 4.586700, 5.210800, 6.203100, 6.740100, 6.383500, 5.780100, 5.321100, 5.059300, 4.983600, 4.971900, 5.014700, 5.000300, 4.971600, 5.026800, 5.069300, 5.058600
16.700000, 8.470500, 7.468500, 6.484900, 4.657300, 5.320300, 6.354000, 6.878800, 6.474600, 5.858100, 5.383200, 5.104800, 4.949800, 4.943100, 4.979700, 4.983600, 4.955800, 5.003400, 5.038300, 5.029400
17.340800, 8.872700, 7.887000, 7.595800, 4.934800, 5.452100, 6.507800, 6.998900, 6.573800, 5.925000, 5.435900, 5.165300, 5.010500, 4.965500, 5.005400, 5.015600, 4.986300, 5.019200, 5.048800, 5.051900
18.671300, 9.621000, 8.538800, 8.335900, 7.909800, 5.583100, 6.656000, 7.124600, 6.661800, 5.993900, 5.492900, 5.211700, 5.064100, 5.036900, 5.044200, 5.086000, 5.039700, 5.075700, 5.119200, 5.107100
20.448400, 10.828300, 9.540700, 9.377400, 9.277200, 8.080600, 6.804000, 7.239300, 6.749000, 6.051900, 5.543500, 5.261200, 5.112900, 5.092500, 5.104700, 5.159200, 5.108500, 5.150900, 5.192900, 5.171300
22.130100, 12.401100, 10.772500, 10.643100, 10.625900, 10.313500, 6.992100, 7.364700, 6.834300, 6.112000, 5.596300, 5.308300, 5.169900, 5.159500, 5.176900, 5.202800, 5.162100, 5.201000, 5.249600, 5.239700
23.609200, 13.852900, 12.029300, 11.882400, 11.904500, 11.721900, 10.887700, 7.467500, 6.924100, 6.168500, 5.642900, 5.358300, 5.216900, 5.228800, 5.255200, 5.280600, 5.202200, 5.241200, 5.277700, 5.288900
24.887500, 15.146000, 13.130200, 13.021300, 13.042100, 12.888000, 12.492600, 9.423600, 6.995900, 6.224900, 5.692000, 5.403000, 5.273900, 5.292500, 5.321700, 5.352200, 5.192200, 5.247000, 5.283000, 5.265800
25.970200, 16.197300, 14.042600, 13.934600, 13.964400, 13.813600, 13.515900, 12.156100, 7.074700, 6.275900, 5.736700, 5.447400, 5.327700, 5.359800, 5.391700, 5.420900, 5.231500, 5.221200, 5.242200, 5.235100
26.838900, 17.044500, 14.796000, 14.663300, 14.722700, 14.562800, 14.306900, 13.151100, 10.515200, 6.331100, 5.777100, 5.489900, 5.380000, 5.417100, 5.459500, 5.497600, 5.305900, 5.151100, 5.186500, 5.167100
27.526700, 17.705400, 15.384400, 15.243500, 15.333300, 15.165100, 14.931500, 13.809000, 11.907800, 7.102200, 5.815300, 5.536900, 5.425000, 5.476700, 5.527100, 5.566100, 5.373500, 5.217900, 5.130100, 5.090700
28.088800, 18.233300, 15.839900, 15.695700, 15.783500, 15.670400, 15.430400, 14.320600, 12.521800, 10.331400, 5.855600, 5.579800, 5.481800, 5.535600, 5.600100, 5.638900, 5.438800, 5.279200, 5.132400, 5.018800
28.561700, 18.656100, 16.211200, 16.061900, 16.160400, 16.084700, 15.886700, 14.782500, 12.988100, 11.111400, 8.720600, 5.620100, 5.531700, 5.599600, 5.666400, 5.703800, 5.506300, 5.345800, 5.180800, 4.952400
28.936500, 18.989900, 16.509000, 16.365800, 16.463200, 16.428800, 16.332300, 15.227300, 13.412600, 11.580600, 10.106600, 5.914700, 5.578800, 5.652400, 5.724400, 5.771700, 5.563500, 5.410300, 5.240900, 5.005100
29.246100, 19.288200, 16.759300, 16.596800, 16.722600, 16.726600, 16.757000, 15.743500, 13.880700, 12.022800, 10.653500, 9.281600, 5.627900, 5.717500, 5.785900, 5.838200, 5.625200, 5.467500, 5.293300, 5.056400
29.502700, 19.546100, 16.980200, 16.814100, 16.933800, 16.981800, 17.127400, 16.310300, 14.439000, 12.506500, 11.158700, 10.170600, 7.805000, 5.774900, 5.850500, 5.902900, 5.683800, 5.522700, 5.351800, 5.103100
29.738400, 19.779300, 17.172500, 17.009200, 17.127200, 17.218100, 17.446300, 16.825600, 15.125300, 13.100500, 11.716500, 10.759900, 9.806500, 5.832400, 5.914900, 5.963500, 5.747800, 5.573300, 5.404900, 5.153100
29.957500, 19.996000, 17.344700, 17.181500, 17.315900, 17.425200, 17.740100, 17.281700, 15.761200, 13.771100, 12.297800, 11.337200, 10.581100, 9.269900, 5.974000, 6.027700, 5.803900, 5.622800, 5.452600, 5.201600
30.157400, 20.189600, 17.512200, 17.346000, 17.492900, 17.611000, 17.996700, 17.691800, 16.347600, 14.483500, 12.945200, 11.956100, 11.209000, 10.499800, 7.300300, 6.080500, 5.861000, 5.674100, 5.501500, 5.250300
30.342600, 20.385500, 17.671500, 17.506000, 17.650200, 17.789900, 18.226600, 18.056600, 16.831700, 15.107600, 13.609600, 12.564300, 11.797700, 11.193400, 10.206500, 6.141900, 5.912800, 5.724000, 5.547200, 5.295100
30.506700, 20.561100, 17.822100, 17.652800, 17.797600, 17.951200, 18.438500, 18.358200, 17.260300, 15.634900, 14.206000, 13.163200, 12.353500, 11.792400, 11.056200, 9.450000, 5.963700, 5.767300, 5.593900, 5.339600
30.662200, 20.723800, 17.963400, 17.803400, 17.936200, 18.114900, 18.620900, 18.616600, 17.622300, 16.087000, 14.709200, 13.725200, 12.888800, 12.335600, 11.636900, 10.776900, 6.728800, 5.820900, 5.633900, 5.377400
30.816200, 20.891500, 18.098100, 17.943200, 18.083000, 18.263200, 18.797700, 18.845300, 17.898400, 16.460500, 15.137500, 14.191800, 13.397900, 12.828700, 12.134700, 11.400500, 9.983000, 5.863400, 5.670600, 5.420800
30.978500, 21.044700, 18.238800, 18.076600, 18.219000, 18.398400, 18.955400, 19.048400, 18.147800, 16.751600, 15.491700, 14.582500, 13.846800, 13.280300, 12.591200, 11.892000, 10.809300, 8.496700, 5.712800, 5.461700
31.121600, 21.198000, 18.360400, 18.208000, 18.341200, 18.527000, 19.104800, 19.229100, 18.375500, 16.995100, 15.775200, 14.888700, 14.218300, 13.704900, 13.003800, 12.327200, 11.315500, 10.168900, 5.797900, 5.500500
31.248400, 21.342100, 18.480500, 18.328500, 18.461400, 18.652000, 19.246100, 19.389300, 18.559300, 17.210200, 16.001300, 15.145400, 14.527700, 14.066700, 13.415000, 12.716100, 11.706100, 10.746000, 9.302400, 5.535600
31.368500, 21.463900, 18.592700, 18.441500, 18.573200, 18.769500, 19.386500, 19.538800, 18.725300, 17.400300, 16.189800, 15.358600, 14.792400, 14.373900, 13.799800, 13.125300, 12.100200, 11.172100, 10.244100, 7.727800
31.473900, 21.583300, 18.696500, 18.540000, 18.679900, 18.875500, 19.508500, 19.674400, 18.865800, 17.558300, 16.358200, 15.532600, 14.994700, 14.642000, 14.139200, 13.528600, 12.492300, 11.553500, 10.715700, 9.640300
31.564900, 21.690700, 18.792000, 18.633000, 18.774300, 18.969600, 19.612100, 19.798600, 18.989800, 17.696600, 16.498800, 15.680700, 15.170500, 14.871800, 14.440400, 13.926200, 12.899100, 11.936700, 11.131000, 10.252200
31.650700, 21.787200, 18.881500, 18.719900, 18.853800, 19.062200, 19.715100, 19.919400, 19.118300, 17.827100, 16.639800, 15.827600, 15.334900, 15.043200, 14.705200, 14.258300, 13.307900, 12.357000, 11.543300, 10.691500
31.730200, 21.878900, 18.956900, 18.791100, 18.930600, 19.141000, 19.802600, 20.022200, 19.243700, 17.956400, 16.772900, 15.953800, 15.459700, 15.200200, 14.913300, 14.554000, 13.685400, 12.796500, 11.947400, 11.097100
31.795600, 21.960800, 19.034200, 18.861900, 19.001900, 19.217500, 19.888300, 20.120500, 19.346000, 18.071600, 16.896200, 16.074700, 15.588300, 15.347300, 15.104500, 14.784600, 14.003200, 13.217000, 12.360600, 11.498400
31.862000, 22.033400, 19.091700, 18.923700, 19.061100, 19.281600, 19.964600, 20.204500, 19.447600, 18.186500, 17.001900, 16.194700, 15.710400, 15.475600, 15.265800, 14.985000, 14.271800, 13.570800, 12.781700, 11.897500
31.917800, 22.101100, 19.147300, 18.980200, 19.122500, 19.344900, 20.042600, 20.284500, 19.539300, 18.291500, 17.103200, 16.306600, 15.814700, 15.591500, 15.399700, 15.156000, 14.495100, 13.866900, 13.160800, 12.290400
31.966800, 22.158600, 19.199100, 19.033900, 19.174700, 19.395800, 20.105900, 20.368200, 19.630600, 18.391700, 17.211400, 16.403600, 15.911800, 15.702000, 15.522200, 15.310700, 14.673600, 14.121800, 13.464400, 12.669900
32.009800, 22.208200, 19.244300, 19.083600, 19.221000, 19.448400, 20.160700, 20.439300, 19.718900, 18.482900, 17.305500, 16.503500, 16.012200, 15.796900, 15.634900, 15.451200, 14.843800, 14.327700, 13.725400, 12.985000
32.052700, 22.251600, 19.288300, 19.126700, 19.262600, 19.493100, 20.208900, 20.504700, 19.802100, 18.563900, 17.394200, 16.587000, 16.107400, 15.897600, 15.739500, 15.572900, 14.986300, 14.502800, 13.935500, 13.250600
32.091800, 22.296500, 19.328200, 19.162700, 19.302600, 19.533600, 20.251800, 20.560700, 19.875000, 18.639000, 17.479600, 16.680400, 16.197500, 15.998900, 15.834600, 15.690500, 15.104700, 14.658200, 14.116300, 13.470700
32.126000, 22.341000, 19.365400, 19.196900, 19.339400, 19.570800, 20.294200, 20.613300, 19.933800, 18.713500, 17.553000, 16.759400, 16.285300, 16.080400, 15.932600, 15.796300, 15.220100, 14.785500, 14.270100, 13.660700
32.157400, 22.375400, 19.399100, 19.227100, 19.372800, 19.607100, 20.339300, 20.662400, 19.996300, 18.782800, 17.622200, 16.835800, 16.360000, 16.163100, 16.018600, 15.893200, 15.329200, 14.916400, 14.407500, 13.820900
32.182900, 22.405700, 19.426600, 19.256800, 19.402100, 19.635700, 20.375900, 20.709300, 20.048700, 18.849900, 17.687800, 16.902500, 16.430900, 16.242500, 16.101200, 15.982100, 15.427800, 15.011300, 14.520800, 13.958400
32.210100, 22.435100, 19.450800, 19.287300, 19.432400, 19.664100, 20.407800, 20.752600, 20.099600, 18.906500, 17.749500, 16.966200, 16.497500, 16.311300, 16.178400, 16.073400, 15.515200, 15.105800, 14.621300, 14.074600
32.230700, 22.462200, 19.475600, 19.316000, 19.455100, 19.689300, 20.439900, 20.788600, 20.141500, 18.957000, 17.803600, 17.022300, 16.561300, 16.385000, 16.252400, 16.152100, 15.596400, 15.207200, 14.714500, 14.167900
32.251300, 22.487800, 19.498300, 19.339400, 19.478200, 19.711600, 20.469800, 20.820900, 20.184200, 19.002100, 17.853800, 17.071300, 16.618400, 16.445700, 16.327000, 16.228400, 15.676200, 15.294000, 14.797000, 14.259600
32.272500, 22.514000, 19.518000, 19.358300, 19.497100, 19.733900, 20.493600, 20.850500, 20.215200, 19.041300, 17.905000, 17.119700, 16.672000, 16.501700, 16.391100, 16.300300, 15.748400, 15.373400, 14.877900, 14.344700
32.290900, 22.535600, 19.534900, 19.373900, 19.519100, 19.756300, 20.517300, 20.877400, 20.250800, 19.081300, 17.948200, 17.158800, 16.719100, 16.551900, 16.448000, 16.366200, 15.820600, 15.450200, 14.949900, 14.431100
32.308000, 22.554900, 19.552800, 19.391900, 19.534500, 19.775300, 20.540800, 20.904300, 20.286700, 19.120700, 17.981900, 17.194500, 16.762500, 16.597400, 16.495600, 16.423900, 15.886500, 15.528800, 15.022100, 14.502600
32.319400, 22.572100, 19.564100, 19.406000, 19.547700, 19.789500, 20.563100, 20.927100, 20.316400, 19.149500, 18.018100, 17.235700, 16.798200, 16.640200, 16.548900, 16.477100, 15.950300, 15.590300, 15.096800, 14.578000
32.333400, 22.591600, 19.576400, 19.421100, 19.565500, 19.806400, 20.582800, 20.951000, 20.345200, 19.181700, 18.053500, 17.272800, 16.834500, 16.683800, 16.590200, 16.536300, 16.005700, 15.658500, 15.172800, 14.657100
32.345300, 22.604700, 19.589200, 19.432300, 19.576500, 19.819000, 20.597600, 20.967600, 20.366500, 19.208000, 18.080700, 17.298200, 16.868700, 16.718600, 16.627100, 16.583100, 16.063300, 15.715500, 15.236600, 14.720500
32.356700, 22.613300, 19.602000, 19.444200, 19.588300, 19.831900, 20.614300, 20.984500, 20.384200, 19.226800, 18.104700, 17.325600, 16.895200, 16.751000, 16.664300, 16.626300, 16.111300, 15.768300, 15.294100, 14.786800
32.364700, 22.626600, 19.612700, 19.453200, 19.599800, 19.842200, 20.626600, 21.000600, 20.405400, 19.253400, 18.124900, 17.349300, 16.923200, 16.780000, 16.701800, 16.667200, 16.153100, 15.818600, 15.344100, 14.842600
32.373800, 22.637900, 19.621900, 19.462600, 19.611900, 19.851300, 20.636600, 21.014600, 20.424700, 19.273000, 18.146800, 17.367800, 16.947200, 16.808500, 16.732100, 16.705300, 16.198100, 15.865400, 15.391700, 14.899300


0.000000, 0.000000, 0.000000, 0.000000, 0.000000, 0.000000, 0.000000, 0.000000, 0.000000, 0.000000, 0.000000, 0.000000, 0.000000, 0.000000, 0.000000, 0.000000, 0.000000, 0.000000, 0.000000, 0.000000
0.000000, 0.000000, 0.000000, 0.000000, 0.000000, 0.000000, 0.000000, 0.000000, 0.000000, 0.000000, 0.000000, 0.000000, 0.000000, 0.000000, 0.000000, 0.000000, 0.000000, 0.000000, 0.000000, 0.000000
0.000000, 0.000000, 0.000000, 0.000000, 0.000000, 0.000000, 0.000000, 0.000000, 0.000000, 0.000000, 0.000000, 0.000000, 0.000000, 0.000000, 0.000000, 0.000000, 0.000000, 0.000000, 0.000000, 0.000000
0.000000, 0.000000, 0.000000, 0.000000, 0.000000, 0.000000, 0.000000, 0.000000, 0.000000, 0.000000, 0.000000, 0.000000, 0.000000, 0.000000, 0.000000, 0.000000, 0.000000, 0.000000, 0.000000, 0.000000
0.000000, 0.000000, 0.000000, 0.000000, 0.000000, 0.000000, 0.000000, 0.000000, 0.000000, 0.000000, 0.000000, 0.000000, 0.000000, 0.000000, 0.000000, 0.000000, 0.000000, 0.000000, 0.000000, 0.000000
0.000000, 0.000000, 0.000000, 0.000000, 0.000000, 0.000000, 0.000000, 0.000000, 0.000000, 0.000000, 0.000000, 0.000000, 0.000000, 0.000000, 0.000000, 0.000000, 0.000000, 0.000000, 0.000000, 0.000000
0.000000, 0.000000, 0.000000, 0.000000, 0.000000, 0.000000, 0.000000, 0.000000, 0.000000, 0.000000, 0.000000, 0.000000, 0.000000, 0.000000, 0.000000, 0.000000, 0.000000, 0.000000, 0.000000, 0.000000
0.000001, 0.000001, 0.000001, 0.000001, 0.000002, 0.000001, 0.000001, 0.000001, 0.000001, 0.000001, 0.000001, 0.000001, 0.000001, 0.000001, 0.000001, 0.000001, 0.000001, 0.000001, 0.000001, 0.000001
0.000024, 0.000024, 0.000024, 0.000024, 0.000024, 0.000024, 0.000024, 0.000024, 0.000024, 0.000024, 0.000024, 0.000024, 0.000024, 0.000024, 0.000024, 0.000024, 0.000024, 0.000024, 0.000024, 0.000024
0.000319, 0.000318, 0.000315, 0.000317, 0.000319, 0.000316, 0.000317, 0.000316, 0.000315, 0.000316, 0.000316, 0.000315, 0.000315, 0.000314, 0.000314, 0.000313, 0.000313, 0.000312, 0.000313, 0.000310
0.000323, 0.002674, 0.002641, 0.002661, 0.002673, 0.002655, 0.002656, 0.002643, 0.002635, 0.002637, 0.002627, 0.002616, 0.002620, 0.002605, 0.002601, 0.002586, 0.002586, 0.002586, 0.002588, 0.002562
0.000326, 0.005777, 0.009603, 0.009642, 0.009684, 0.009629, 0.009612, 0.009564, 0.009534, 0.009520, 0.009426, 0.009397, 0.009403, 0.009329, 0.009321, 0.009244, 0.009242, 0.009237, 0.009251, 0.009122
0.000329, 0.005778, 0.014592, 0.014626, 0.014692, 0.014592, 0.014552, 0.014461, 0.014441, 0.014390, 0.014208, 0.014148, 0.014151, 0.014047, 0.014050, 0.013931, 0.013905, 0.013878, 0.013935, 0.013686
0.000332, 0.005778, 0.014801, 0.015627, 0.015687, 0.015581, 0.015534, 0.015442, 0.015446, 0.015377, 0.015156, 0.015098, 0.015090, 0.014981, 0.014993, 0.014853, 0.014842, 0.014794, 0.014848, 0.014607
0.000335, 0.005779, 0.014801, 0.015744, 0.015813, 0.015711, 0.015657, 0.015562, 0.015572, 0.015496, 0.015273, 0.015214, 0.015206, 0.015102, 0.015111, 0.014967, 0.014955, 0.014914, 0.014963, 0.014726
0.000337, 0.005779, 0.014802, 0.015744, 0.015827, 0.015730, 0.015672, 0.015577, 0.015588, 0.015510, 0.015289, 0.015228, 0.015224, 0.015117, 0.015126, 0.014981, 0.014967, 0.014928, 0.014978, 0.014741
0.000338, 0.005780, 0.014802, 0.015745, 0.015829, 0.015733, 0.015675, 0.015581, 0.015591, 0.015514, 0.015292, 0.015234, 0.015228, 0.015120, 0.015130, 0.014985, 0.014970, 0.014932, 0.014981, 0.014745
0.000340, 0.005781, 0.014803, 0.015745, 0.015829, 0.015744, 0.015693, 0.015598, 0.015608, 0.015531, 0.015310, 0.015251, 0.015245, 0.015138, 0.015147, 0.015003, 0.014987, 0.014950, 0.014999, 0.014762
0.000341, 0.005781, 0.014803, 0.015746, 0.015830, 0.015744, 0.015775, 0.015681, 0.015693, 0.015615, 0.015395, 0.015334, 0.015329, 0.015224, 0.015229, 0.015094, 0.015066, 0.015038, 0.015084, 0.014850
0.000343, 0.005782, 0.014804, 0.015746, 0.015830, 0.015746, 0.015884, 0.015974, 0.015982, 0.015902, 0.015689, 0.015617, 0.015621, 0.015514, 0.015521, 0.015396, 0.015346, 0.015338, 0.015373, 0.015145
0.000344, 0.005783, 0.014805, 0.015747, 0.015831, 0.015747, 0.015886, 0.016616, 0.016619, 0.016544, 0.016330, 0.016241, 0.016257, 0.016158, 0.016154, 0.016044, 0.015990, 0.015975, 0.016025, 0.015772
0.000346, 0.005784, 0.014805, 0.015748, 0.015832, 0.015748, 0.015889, 0.016711, 0.017816, 0.017764, 0.017570, 0.017447, 0.017487, 0.017389, 0.017331, 0.017259, 0.017194, 0.017167, 0.017227, 0.016945
0.000348, 0.005785, 0.014806, 0.015749, 0.015833, 0.015750, 0.015891, 0.016715, 0.019129, 0.019762, 0.019624, 0.019458, 0.019506, 0.019396, 0.019274, 0.019252, 0.019148, 0.019099, 0.019229, 0.018876
0.000351, 0.005787, 0.014808, 0.015750, 0.015834, 0.015752, 0.015895, 0.016719, 0.019133, 0.022518, 0.022444, 0.022224, 0.022282, 0.022157, 0.022002, 0.021997, 0.021838, 0.021766, 0.021974, 0.021563
0.000354, 0.005790, 0.014810, 0.015751, 0.015836, 0.015754, 0.015898, 0.016724, 0.019138, 0.023444, 0.025590, 0.025349, 0.025429, 0.025308, 0.025104, 0.025081, 0.024868, 0.024754, 0.025069, 0.024602
0.000358, 0.005793, 0.014812, 0.015753, 0.015838, 0.015757, 0.015902, 0.016729, 0.019142, 0.023448, 0.028049, 0.028308, 0.028382, 0.028310, 0.028044, 0.028008, 0.027769, 0.027584, 0.027933, 0.027493
0.000364, 0.005797, 0.014815, 0.015756, 0.015841, 0.015760, 0.015907, 0.016735, 0.019147, 0.023451, 0.028074, 0.030760, 0.030868, 0.030812, 0.030552, 0.030505, 0.030240, 0.030011, 0.030424, 0.029933
0.000370, 0.005803, 0.014820, 0.015759, 0.015844, 0.015764, 0.015912, 0.016741, 0.019152, 0.023455, 0.028078, 0.031660, 0.032886, 0.032870, 0.032508, 0.032468, 0.032211, 0.031985, 0.032408, 0.031887
0.000377, 0.005809, 0.014826, 0.015764, 0.015849, 0.015769, 0.015918, 0.016747, 0.019158, 0.023459, 0.028081, 0.031673, 0.034486, 0.034455, 0.034106, 0.033984, 0.033729, 0.033566, 0.033969, 0.033452
0.000386, 0.005818, 0.014833, 0.015771, 0.015854, 0.015774, 0.015925, 0.016754, 0.019164, 0.023463, 0.028084, 0.031676, 0.034511, 0.035749, 0.035440, 0.035282, 0.034996, 0.034881, 0.035226, 0.034736
0.000395, 0.005829, 0.014843, 0.015779, 0.015862, 0.015782, 0.015933, 0.016762, 0.019170, 0.023468, 0.028087, 0.031679, 0.034514, 0.036459, 0.036568, 0.036463, 0.036123, 0.036046, 0.036343, 0.035861
0.000406, 0.005841, 0.014855, 0.015790, 0.015872, 0.015791, 0.015942, 0.016771, 0.019176, 0.023472, 0.028091, 0.031681, 0.034516, 0.036470, 0.037673, 0.037623, 0.037243, 0.037159, 0.037440, 0.036971
0.000417, 0.005856, 0.014869, 0.015804, 0.015885, 0.015803, 0.015953, 0.016780, 0.019183, 0.023477, 0.028094, 0.031684, 0.034520, 0.036475, 0.037933, 0.038885, 0.038492, 0.038396, 0.038651, 0.038231
0.000430, 0.005873, 0.014887, 0.015821, 0.015901, 0.015818, 0.015966, 0.016791, 0.019191, 0.023483, 0.028098, 0.031688, 0.034523, 0.036478, 0.037941, 0.039916, 0.039997, 0.039894, 0.040134, 0.039735
0.000444, 0.005892, 0.014907, 0.015842, 0.015921, 0.015836, 0.015982, 0.016803, 0.019200, 0.023489, 0.028103, 0.031691, 0.034526, 0.036481, 0.037944, 0.039939, 0.041859, 0.041717, 0.041957, 0.041551
0.000459, 0.005914, 0.014930, 0.015865, 0.015944, 0.015857, 0.016001, 0.016818, 0.019210, 0.023496, 0.028108, 0.031695, 0.034530, 0.036484, 0.037948, 0.039943, 0.042539, 0.043906, 0.044105, 0.043692
0.000475, 0.005938, 0.014956, 0.015892, 0.015971, 0.015882, 0.016022, 0.016834, 0.019222, 0.023504, 0.028114, 0.031699, 0.034534, 0.036488, 0.037953, 0.039948, 0.042578, 0.046152, 0.046542, 0.046043
0.000491, 0.005965, 0.014984, 0.015920, 0.016000, 0.015910, 0.016047, 0.016854, 0.019236, 0.023514, 0.028120, 0.031704, 0.034538, 0.036493, 0.037957, 0.039953, 0.042589, 0.046255, 0.049136, 0.048599
0.000508, 0.005993, 0.015013, 0.015951, 0.016031, 0.015941, 0.016075, 0.016876, 0.019252, 0.023525, 0.028129, 0.031710, 0.034543, 0.036498, 0.037963, 0.039958, 0.042595, 0.046268, 0.050547, 0.051303
0.000526, 0.006022, 0.015045, 0.015983, 0.016064, 0.015973, 0.016104, 0.016900, 0.019271, 0.023539, 0.028139, 0.031718, 0.034549, 0.036503, 0.037968, 0.039964, 0.042601, 0.046275, 0.050649, 0.053909
0.000543, 0.006052, 0.015076, 0.016016, 0.016098, 0.016006, 0.016135, 0.016927, 0.019293, 0.023556, 0.028151, 0.031727, 0.034557, 0.036510, 0.037975, 0.039970, 0.042607, 0.046284, 0.050681, 0.054128
0.000559, 0.006081, 0.015108, 0.016048, 0.016131, 0.016039, 0.016167, 0.016955, 0.019317, 0.023575, 0.028167, 0.031738, 0.034566, 0.036518, 0.037982, 0.039977, 0.042613, 0.046291, 0.050692, 0.054220
0.000575, 0.006110, 0.015138, 0.016079, 0.016162, 0.016072, 0.016199, 0.016985, 0.019344, 0.023598, 0.028185, 0.031753, 0.034577, 0.036527, 0.037990, 0.039985, 0.042619, 0.046298, 0.050697, 0.054262
0.000590, 0.006137, 0.015167, 0.016108, 0.016193, 0.016102, 0.016230, 0.017015, 0.019372, 0.023623, 0.028207, 0.031771, 0.034592, 0.036539, 0.038000, 0.039993, 0.042627, 0.046304, 0.050702, 0.054281
0.000603, 0.006162, 0.015195, 0.016136, 0.016221, 0.016131, 0.016259, 0.017044, 0.019402, 0.023651, 0.028233, 0.031792, 0.034610, 0.036553, 0.038012, 0.040003, 0.042635, 0.046311, 0.050708, 0.054294
0.000616, 0.006185, 0.015220, 0.016161, 0.016247, 0.016157, 0.016287, 0.017073, 0.019432, 0.023682, 0.028261, 0.031818, 0.034632, 0.036571, 0.038026, 0.040015, 0.042644, 0.046318, 0.050714, 0.054304
0.000627, 0.006206, 0.015243, 0.016184, 0.016270, 0.016181, 0.016312, 0.017101, 0.019462, 0.023714, 0.028293, 0.031847, 0.034658, 0.036593, 0.038044, 0.040029, 0.042655, 0.046326, 0.050721, 0.054310
0.000637, 0.006225, 0.015264, 0.016205, 0.016292, 0.016203, 0.016336, 0.017127, 0.019493, 0.023747, 0.028327, 0.031880, 0.034688, 0.036619, 0.038065, 0.040046, 0.042667, 0.046336, 0.050729, 0.054320
0.000646, 0.006242, 0.015282, 0.016224, 0.016311, 0.016223, 0.016358, 0.017153, 0.019523, 0.023781, 0.028363, 0.031916, 0.034722, 0.036649, 0.038090, 0.040066, 0.042682, 0.046347, 0.050738, 0.054329
0.000654, 0.006257, 0.015299, 0.016241, 0.016328, 0.016241, 0.016378, 0.017177, 0.019553, 0.023816, 0.028400, 0.031954, 0.034760, 0.036684, 0.038120, 0.040090, 0.042700, 0.046360, 0.050748, 0.054337
0.000662, 0.006270, 0.015314, 0.016256, 0.016343, 0.016257, 0.016396, 0.017199, 0.019582, 0.023850, 0.028438, 0.031994, 0.034800, 0.036722, 0.038154, 0.040118, 0.042722, 0.046376, 0.050760, 0.054346
0.000668, 0.006283, 0.015327, 0.016269, 0.016357, 0.016271, 0.016412, 0.017220, 0.019610, 0.023885, 0.028476, 0.032034, 0.034842, 0.036763, 0.038192, 0.040151, 0.042748, 0.046395, 0.050774, 0.054357
0.000674, 0.006294, 0.015339, 0.016281, 0.016369, 0.016283, 0.016427, 0.017240, 0.019636, 0.023918, 0.028514, 0.032074, 0.034885, 0.036806, 0.038233, 0.040188, 0.042779, 0.046419, 0.050792, 0.054370
0.000680, 0.006304, 0.015350, 0.016292, 0.016380, 0.016295, 0.016440, 0.017258, 0.019661, 0.023951, 0.028551, 0.032114, 0.034927, 0.036850, 0.038277, 0.040228, 0.042813, 0.046446, 0.050813, 0.054386
0.000684, 0.006313, 0.015359, 0.016302, 0.016390, 0.016305, 0.016453, 0.017274, 0.019685, 0.023981, 0.028586, 0.032153, 0.034969, 0.036894, 0.038321, 0.040271, 0.042852, 0.046479, 0.050839, 0.054405
0.000689, 0.006321, 0.015368, 0.016311, 0.016399, 0.016315, 0.016464, 0.017290, 0.019706, 0.024010, 0.028620, 0.032191, 0.035010, 0.036937, 0.038365, 0.040315, 0.042894, 0.046516, 0.050869, 0.054429
0.000693, 0.006328, 0.015376, 0.016319, 0.016407, 0.016323, 0.016474, 0.017303, 0.019726, 0.024036, 0.028651, 0.032226, 0.035048, 0.036978, 0.038409, 0.040360, 0.042938, 0.046556, 0.050904, 0.054458
0.000697, 0.006335, 0.015383, 0.016326, 0.016414, 0.016331, 0.016483, 0.017316, 0.019744, 0.024061, 0.028681, 0.032259, 0.035085, 0.037017, 0.038451, 0.040404, 0.042983, 0.046600, 0.050944, 0.054492
0.000700, 0.006341, 0.015390, 0.016333, 0.016421, 0.016338, 0.016491, 0.017327, 0.019760, 0.024083, 0.028707, 0.032289, 0.035118, 0.037053, 0.038491, 0.040448, 0.043028, 0.046645, 0.050988, 0.054531
0.000703, 0.006347, 0.015396, 0.016339, 0.016428, 0.016345, 0.016499, 0.017337, 0.019775, 0.024103, 0.028731, 0.032316, 0.035149, 0.037087, 0.038529, 0.040490, 0.043073, 0.046692, 0.051034, 0.054575
0.000706, 0.006352, 0.015402, 0.016344, 0.016433, 0.016351, 0.016506, 0.017347, 0.019788, 0.024121, 0.028753, 0.032341, 0.035178, 0.037119, 0.038565, 0.040529, 0.043117, 0.046739, 0.051082, 0.054621
0.000709, 0.006357, 0.015407, 0.016349, 0.016439, 0.016356, 0.016512, 0.017355, 0.019801, 0.024138, 0.028773, 0.032364, 0.035203, 0.037147, 0.038598, 0.040567, 0.043159, 0.046785, 0.051132, 0.054671
0.000711, 0.006361, 0.015411, 0.016354, 0.016443, 0.016361, 0.016518, 0.017363, 0.019811, 0.024152, 0.028791, 0.032384, 0.035227, 0.037173, 0.038628, 0.040602, 0.043200, 0.046831, 0.051181, 0.054721
0.000713, 0.006365, 0.015416, 0.016358, 0.016448, 0.016365, 0.016523, 0.017370, 0.019821, 0.024165, 0.028807, 0.032403, 0.035247, 0.037197, 0.038656, 0.040635, 0.043238, 0.046874, 0.051229, 0.054773
0.000715, 0.006368, 0.015419, 0.016362, 0.016452, 0.016370, 0.016528, 0.017376, 0.019830, 0.024177, 0.028821, 0.032419, 0.035266, 0.037218, 0.038681, 0.040665, 0.043274, 0.046916, 0.051277, 0.054823
0.000717, 0.006372, 0.015423, 0.016366, 0.016455, 0.016373, 0.016532, 0.017382, 0.019838, 0.024188, 0.028834, 0.032434, 0.035283, 0.037237, 0.038703, 0.040692, 0.043307, 0.046956, 0.051322, 0.054872
0.000719, 0.006375, 0.015426, 0.016369, 0.016459, 0.016377, 0.016536, 0.017387, 0.019845, 0.024198, 0.028845, 0.032447, 0.035298, 0.037254, 0.038724, 0.040717, 0.043338, 0.046993, 0.051365, 0.054920
0.000720, 0.006377, 0.015429, 0.016372, 0.016462, 0.016380, 0.016539, 0.017392, 0.019852, 0.024206, 0.028856, 0.032459, 0.035311, 0.037269, 0.038743, 0.040740, 0.043366, 0.047028, 0.051406, 0.054965
0.000722, 0.006380, 0.015432, 0.016375, 0.016464, 0.016383, 0.016543, 0.017396, 0.019858, 0.024214, 0.028865, 0.032470, 0.035324, 0.037283, 0.038759, 0.040760, 0.043392, 0.047059, 0.051444, 0.055008
0.000723, 0.006382, 0.015434, 0.016377, 0.016467, 0.016385, 0.016545, 0.017400, 0.019864, 0.024222, 0.028874, 0.032479, 0.035335, 0.037296, 0.038774, 0.040779, 0.043415, 0.047089, 0.051479, 0.055048
0.000724, 0.006384, 0.015436, 0.016379, 0.016469, 0.016387, 0.016548, 0.017404, 0.019869, 0.024228, 0.028882, 0.032488, 0.035345, 0.037307, 0.038788, 0.040796, 0.043436, 0.047115, 0.051511, 0.055085
0.000725, 0.006386, 0.015438, 0.016381, 0.016471, 0.016390, 0.016551, 0.017407, 0.019873, 0.024234, 0.028889, 0.032497, 0.035354, 0.037317, 0.038800, 0.040811, 0.043455, 0.047139, 0.051540, 0.055118
0.000726, 0.006387, 0.015440, 0.016383, 0.016473, 0.016391, 0.016553, 0.017410, 0.019877, 0.024240, 0.028896, 0.032504, 0.035362, 0.037326, 0.038811, 0.040824, 0.043472, 0.047160, 0.051566, 0.055149
0.000727, 0.006389, 0.015442, 0.016385, 0.016475, 0.016393, 0.016555, 0.017413, 0.019881, 0.024245, 0.028902, 0.032511, 0.035370, 0.037335, 0.038821, 0.040836, 0.043488, 0.047180, 0.051590, 0.055177
0.000727, 0.006390, 0.015443, 0.016386, 0.016476, 0.016395, 0.016557, 0.017415, 0.019885, 0.024249, 0.028907, 0.032517, 0.035377, 0.037343, 0.038830, 0.040847, 0.043501, 0.047197, 0.051611, 0.055201
0.000728, 0.006392, 0.015445, 0.016388, 0.016478, 0.016396, 0.016558, 0.017418, 0.019888, 0.024254, 0.028913, 0.032523, 0.035384, 0.037351, 0.038840, 0.040858, 0.043515, 0.047214, 0.051632, 0.055226
0.000729, 0.006393, 0.015446, 0.016389, 0.016479, 0.016398, 0.016560, 0.017420, 0.019891, 0.024258, 0.028917, 0.032528, 0.035389, 0.037357, 0.038847, 0.040867, 0.043526, 0.047228, 0.051649, 0.055246
0.000729, 0.006394, 0.015447, 0.016390, 0.016480, 0.016399, 0.016561, 0.017421, 0.019893, 0.024261, 0.028921, 0.032533, 0.035394, 0.037363, 0.038854, 0.040876, 0.043537, 0.047241, 0.051664, 0.055264
0.000730, 0.006395, 0.015448, 0.016391, 0.016481, 0.016400, 0.016562, 0.017423, 0.019896, 0.024264, 0.028925, 0.032537, 0.035399, 0.037368, 0.038860, 0.040883, 0.043546, 0.047252, 0.051678, 0.055280
0.000730, 0.006396, 0.015449, 0.016392, 0.016482, 0.016401, 0.016564, 0.017424, 0.019898, 0.024267, 0.028928, 0.032541, 0.035403, 0.037373, 0.038866, 0.040890, 0.043554, 0.047262, 0.051691, 0.055294


0.000000, 0.000000, 0.000000, 0.000000, 0.000000, 0.000000, 0.000000, 0.000000, 0.000000, 0.000000, 0.000000, 0.000000, 0.000000, 0.000000, 0.000000, 0.000000, 0.000000, 0.000000, 0.000000, 0.000000
0.000000, 0.000000, 0.000000, 0.000000, 0.000000, 0.000000, 0.000000, 0.000000, 0.000000, 0.000000, 0.000000, 0.000000, 0.000000, 0.000000, 0.000000, 0.000000, 0.000000, 0.000000, 0.000000, 0.000000
0.000000, 0.000000, 0.000000, 0.000000, 0.000000, 0.000000, 0.000000, 0.000000, 0.000000, 0.000000, 0.000000, 0.000000, 0.000000, 0.000000, 0.000000, 0.000000, 0.000000, 0.000000, 0.000000, 0.000000
0.000000, 0.000000, 0.000000, 0.000000, 0.000000, 0.000000, 0.000000, 0.000000, 0.000000, 0.000000, 0.000000, 0.000000, 0.000000, 0.000000, 0.000000, 0.000000, 0.000000, 0.000000, 0.000000, 0.000000
0.000000, 0.000000, 0.000000, 0.000000, 0.000000, 0.000000, 0.000000, 0.000000, 0.000000, 0.000000, 0.000000, 0.000000, 0.000000, 0.000000, 0.000000, 0.000000, 0.000000, 0.000000, 0.000000, 0.000000
0.000000, 0.000000, 0.000000, 0.000000, 0.000000, 0.000000, 0.000000, 0.000000, 0.000000, 0.000000, 0.000000, 0.000000, 0.000000, 0.000000, 0.000000, 0.000000, 0.000000, 0.000000, 0.000000, 0.000000
0.000000, 0.000000, 0.000000, 0.000000, 0.000000, 0.000000, 0.000000, 0.000000, 0.000000, 0.000000, 0.000000, 0.000000, 0.000000, 0.000000, 0.000000, 0.000000, 0.000000, 0.000000, 0.000000, 0.000000
0.000000, 0.000000, 0.000000, 0.000000, 0.000000, 0.000000, 0.000000, 0.000000, 0.000000, 0.000000, 0.000000, 0.000000, 0.000000, 0.000000, 0.000000, 0.000000, 0.000000, 0.000000, 0.000000, 0.000000
0.000000, 0.000000, 0.000000, 0.000000, 0.000000, 0.000000, 0.000000, 0.000000, 0.000000, 0.000000, 0.000000, 0.000000, 0.000000, 0.000000, 0.000000, 0.000000, 0.000000, 0.000000, 0.000000, 0.000000
0.088533, 0.088162, 0.079515, 0.093902, 0.094006, 0.082354, 0.090048, 0.078649, 0.081098, 0.081546, 0.085122, 0.093190, 0.101030, 0.093355, 0.084068, 0.091469, 0.081725, 0.089526, 0.071888, 0.083884
0.090548, 6.044326, 6.044734, 6.047946, 6.045759, 6.044896, 6.034403, 6.036308, 6.041800, 6.035105, 6.029808, 6.036597, 6.029987, 6.029417, 6.025674, 6.030535, 6.026207, 6.035537, 6.028878, 6.017234
0.093568, 7.564806, 8.710862, 8.715110, 8.707537, 8.701317, 8.684917, 8.683187, 8.693820, 8.669405, 8.650494, 8.672624, 8.658871, 8.656354, 8.643201, 8.631195, 8.634568, 8.656654, 8.630679, 8.594706
0.096450, 7.565332, 9.599825, 9.609864, 9.600890, 9.585268, 9.571291, 9.576553, 9.568461, 9.555646, 9.517015, 9.541783, 9.535069, 9.512954, 9.510907, 9.488801, 9.499812, 9.516766, 9.479808, 9.453408
0.097947, 7.565768, 9.629021, 9.745091, 9.731992, 9.718863, 9.697896, 9.706533, 9.701981, 9.683909, 9.647846, 9.668405, 9.660749, 9.642131, 9.639236, 9.615653, 9.624356, 9.640880, 9.607189, 9.577500
0.101544, 7.565963, 9.629499, 9.757839, 9.744190, 9.731586, 9.709856, 9.718979, 9.715291, 9.696217, 9.661455, 9.682312, 9.672581, 9.654568, 9.651889, 9.627154, 9.637109, 9.651977, 9.619429, 9.589963
0.102591, 7.566055, 9.629889, 9.758110, 9.746442, 9.733732, 9.712136, 9.720888, 9.717762, 9.699013, 9.664089, 9.684546, 9.674604, 9.656369, 9.654268, 9.629307, 9.639058, 9.654192, 9.621926, 9.592293
0.103172, 7.566228, 9.630099, 9.758462, 9.747279, 9.734842, 9.713744, 9.722048, 9.719413, 9.700280, 9.664806, 9.686453, 9.675605, 9.657848, 9.655521, 9.631264, 9.639614, 9.655594, 9.623422, 9.593572
0.103674, 7.566499, 9.630520, 9.758766, 9.747640, 9.732333, 9.706296, 9.713375, 9.711949, 9.693619, 9.656159, 9.682891, 9.665839, 9.650580, 9.647011, 9.624337, 9.633475, 9.648268, 9.614278, 9.585821
0.104776, 7.566980, 9.630864, 9.759062, 9.747817, 9.733506, 9.682473, 9.698142, 9.694435, 9.673163, 9.639313, 9.665952, 9.649843, 9.640595, 9.631146, 9.604408, 9.612985, 9.627661, 9.597574, 9.571857
0.104811, 7.567426, 9.631321, 9.759390, 9.748567, 9.733567, 9.675743, 9.702809, 9.699794, 9.671108, 9.646492, 9.659764, 9.647181, 9.642694, 9.635290, 9.601301, 9.612260, 9.624650, 9.598952, 9.576822
0.105771, 7.568398, 9.631797, 9.760275, 9.749446, 9.733980, 9.676725, 9.735870, 9.734713, 9.719359, 9.690124, 9.700979, 9.678046, 9.680019, 9.672932, 9.638469, 9.646678, 9.673096, 9.649939, 9.622009
0.105832, 7.569221, 9.632952, 9.761151, 9.750443, 9.735215, 9.677161, 9.747147, 9.873000, 9.864284, 9.839431, 9.843666, 9.823995, 9.822403, 9.797805, 9.780857, 9.779455, 9.804332, 9.787235, 9.759367
0.105838, 7.570554, 9.634020, 9.761199, 9.751541, 9.736695, 9.679910, 9.751564, 10.052359, 10.160843, 10.111680, 10.106017, 10.105163, 10.091910, 10.076585, 10.068911, 10.052831, 10.091818, 10.072667, 10.028760
0.106306, 7.572573, 9.635352, 9.762650, 9.753228, 9.739099, 9.682353, 9.756320, 10.057072, 10.502227, 10.483829, 10.495110, 10.481399, 10.460137, 10.436471, 10.431691, 10.428912, 10.449302, 10.436093, 10.393881
0.107684, 7.575241, 9.637502, 9.765160, 9.756085, 9.741066, 9.685889, 9.761644, 10.059637, 10.622628, 10.857657, 10.877562, 10.845504, 10.838359, 10.819167, 10.815112, 10.801147, 10.813676, 10.811841, 10.755638
0.108166, 7.578816, 9.640909, 9.768240, 9.758631, 9.744327, 9.689107, 9.768128, 10.062760, 10.624073, 11.117524, 11.188822, 11.148426, 11.153856, 11.131036, 11.132495, 11.104992, 11.097182, 11.123819, 11.062596
0.109182, 7.583241, 9.644969, 9.772480, 9.762775, 9.748413, 9.693259, 9.774341, 10.066931, 10.626867, 11.118738, 11.405252, 11.380119, 11.376383, 11.378506, 11.361344, 11.355581, 11.324252, 11.351081, 11.288498
0.109220, 7.588503, 9.650080, 9.777585, 9.766793, 9.753379, 9.698831, 9.782269, 10.071153, 10.629660, 11.120001, 11.481912, 11.564355, 11.555658, 11.552055, 11.526753, 11.525895, 11.499355, 11.521046, 11.467731
0.110160, 7.595866, 9.657177, 9.783697, 9.772683, 9.758611, 9.707231, 9.790840, 10.075196, 10.631448, 11.121136, 11.482296, 11.682041, 11.678613, 11.667394, 11.658004, 11.649862, 11.613366, 11.641763, 11.595027
0.112570, 7.604575, 9.665474, 9.790536, 9.781097, 9.766791, 9.716591, 9.797701, 10.081121, 10.633771, 11.123160, 11.483410, 11.683798, 11.770888, 11.767782, 11.746960, 11.735734, 11.706173, 11.732345, 11.698291
0.119282, 7.615378, 9.675802, 9.800925, 9.790859, 9.776954, 9.726267, 9.805728, 10.086040, 10.636066, 11.124177, 11.483829, 11.684832, 11.818905, 11.825766, 11.812705, 11.800947, 11.784382, 11.802600, 11.772836
0.127066, 7.628632, 9.687497, 9.811540, 9.802517, 9.788217, 9.739280, 9.814944, 10.091587, 10.637397, 11.126235, 11.484471, 11.685494, 11.819063, 11.882230, 11.876330, 11.857370, 11.829724, 11.857813, 11.829642
0.132552, 7.642850, 9.704050, 9.826714, 9.817894, 9.803211, 9.752021, 9.824592, 10.097649, 10.640565, 11.128229, 11.485811, 11.686835, 11.820067, 11.897592, 11.925342, 11.922087, 11.891388, 11.902261, 11.890240
0.146882, 7.661535, 9.722362, 9.843552, 9.834302, 9.820490, 9.768633, 9.836266, 10.103269, 10.642923, 11.129549, 11.486608, 11.687783, 11.820575, 11.898320, 11.978855, 12.000254, 11.955506, 11.987527, 11.971897
0.169106, 7.682399, 9.742528, 9.862214, 9.854765, 9.839915, 9.786536, 9.849602, 10.110614, 10.646402, 11.131382, 11.487038, 11.688894, 11.820968, 11.899057, 11.979576, 12.098025, 12.055122, 12.060786, 12.064586
0.205854, 7.706102, 9.764976, 9.886227, 9.876836, 9.863519, 9.805880, 9.863661, 10.117541, 10.649643, 11.133876, 11.488684, 11.689644, 11.821554, 11.900107, 11.979540, 12.136214, 12.184464, 12.181029, 12.184360
0.268158, 7.731189, 9.790530, 9.910511, 9.902412, 9.888033, 9.826795, 9.878986, 10.126082, 10.655036, 11.136595, 11.490421, 11.690503, 11.822677, 11.900118, 11.978920, 12.137091, 12.293231, 12.321055, 12.308150
0.355011, 7.757644, 9.814545, 9.933002, 9.929210, 9.913912, 9.847417, 9.893920, 10.134082, 10.659418, 11.138779, 11.491980, 11.692122, 11.824668, 11.900911, 11.980242, 12.137531, 12.294875, 12.455427, 12.435790
0.467646, 7.786675, 9.841517, 9.958498, 9.956120, 9.941571, 9.869007, 9.911482, 10.143746, 10.665323, 11.141376, 11.494450, 11.694412, 11.826903, 11.902838, 11.980808, 12.137983, 12.294914, 12.522196, 12.573347
0.600837, 7.814298, 9.866600, 9.984884, 9.985095, 9.968542, 9.894837, 9.927151, 10.156979, 10.670592, 11.145074, 11.496561, 11.696907, 11.828032, 11.903346, 11.982859, 12.139273, 12.294511, 12.524086, 12.690916
0.742912, 7.843646, 9.894158, 10.012167, 10.010869, 9.994480, 9.918643, 9.943827, 10.165985, 10.675417, 11.150612, 11.498641, 11.698905, 11.828309, 11.904389, 11.983648, 12.140244, 12.295363, 12.525059, 12.695350
0.898282, 7.868326, 9.919913, 10.035849, 10.034683, 10.019215, 9.940420, 9.961762, 10.177207, 10.681722, 11.155728, 11.502375, 11.701530, 11.829810, 11.905312, 11.984432, 12.140917, 12.294922, 12.525123, 12.697843
1.041472, 7.890841, 9.942379, 10.059714, 10.056364, 10.042252, 9.958923, 9.977399, 10.190372, 10.688719, 11.162289, 11.506829, 11.705486, 11.831867, 11.906323, 11.984823, 12.142125, 12.294955, 12.525173, 12.698472
1.165534, 7.910832, 9.963081, 10.080496, 10.075526, 10.063296, 9.975388, 9.991570, 10.203985, 10.699154, 11.166990, 11.510794, 11.708637, 11.834992, 11.908032, 11.985479, 12.143812, 12.295472, 12.525097, 12.698340
1.273008, 7.928964, 9.980077, 10.096705, 10.091024, 10.079492, 9.991610, 10.003537, 10.215164, 10.706014, 11.173155, 11.515834, 11.714564, 11.837819, 11.910209, 11.986532, 12.143886, 12.295177, 12.524263, 12.699080
1.377113, 7.945438, 9.993797, 10.109333, 10.103223, 10.093467, 10.006066, 10.013265, 10.224857, 10.713807, 11.179709, 11.521666, 11.718708, 11.842796, 11.912818, 11.987736, 12.145207, 12.293921, 12.523828, 12.699537
1.473437, 7.957638, 10.006572, 10.120869, 10.115759, 10.107022, 10.015926, 10.023452, 10.230421, 10.721620, 11.185531, 11.529867, 11.724430, 11.846620, 11.916829, 11.989207, 12.145232, 12.294002, 12.524818, 12.699587
1.570310, 7.968623, 10.014579, 10.130048, 10.122860, 10.115623, 10.024608, 10.030225, 10.238862, 10.732960, 11.191818, 11.536843, 11.732310, 11.852175, 11.921462, 11.991530, 12.146405, 12.294683, 12.523987, 12.698188
1.644282, 7.977243, 10.021312, 10.136799, 10.130333, 10.121842, 10.030668, 10.033439, 10.244190, 10.739251, 11.199354, 11.544292, 11.739498, 11.859564, 11.927232, 11.993757, 12.147813, 12.294117, 12.522931, 12.698696
1.697363, 7.983406, 10.027370, 10.142040, 10.137288, 10.126927, 10.035885, 10.039558, 10.247306, 10.747533, 11.209282, 11.554549, 11.745988, 11.869463, 11.933309, 11.997288, 12.150210, 12.293823, 12.522841, 12.697965
1.750762, 7.989609, 10.031488, 10.146557, 10.142794, 10.131576, 10.038310, 10.042208, 10.253204, 10.753169, 11.216403, 11.562117, 11.752082, 11.878078, 11.937372, 12.002523, 12.152555, 12.294458, 12.522562, 12.696293
1.793816, 7.995682, 10.035061, 10.150091, 10.146974, 10.134104, 10.042745, 10.044771, 10.254806, 10.757833, 11.223455, 11.568503, 11.758868, 11.885297, 11.944378, 12.009732, 12.155256, 12.296344, 12.522480, 12.696097
1.832415, 7.999048, 10.038015, 10.151406, 10.149116, 10.136192, 10.044102, 10.047248, 10.256960, 10.762944, 11.227651, 11.576579, 11.765923, 11.892428, 11.948751, 12.014054, 12.160181, 12.296807, 12.521144, 12.695045
1.867145, 8.000891, 10.040908, 10.153706, 10.150200, 10.137118, 10.043690, 10.045516, 10.258423, 10.765824, 11.232963, 11.581878, 11.772053, 11.899806, 11.954488, 12.016032, 12.165000, 12.297940, 12.521732, 12.696151
1.897019, 8.003031, 10.041980, 10.155833, 10.150756, 10.138064, 10.042781, 10.045888, 10.257778, 10.767876, 11.237539, 11.585691, 11.775428, 11.902886, 11.959329, 12.020094, 12.170066, 12.300469, 12.519571, 12.695209
1.930632, 8.004433, 10.042471, 10.157469, 10.151823, 10.138660, 10.040919, 10.045368, 10.258238, 10.768660, 11.240655, 11.589114, 11.779527, 11.907721, 11.960232, 12.023854, 12.174978, 12.303591, 12.522829, 12.695680
1.956919, 8.005416, 10.042171, 10.159181, 10.151670, 10.137481, 10.040247, 10.044500, 10.257606, 10.771933, 11.242197, 11.590599, 11.780401, 11.911738, 11.964433, 12.027303, 12.177990, 12.307452, 12.521113, 12.697810
1.975294, 8.006972, 10.043142, 10.159592, 10.151773, 10.137265, 10.040389, 10.042244, 10.255927, 10.771888, 11.241877, 11.590788, 11.779552, 11.912606, 11.965209, 12.028498, 12.181897, 12.308159, 12.521653, 12.700987
1.995889, 8.007042, 10.042776, 10.158049, 10.151497, 10.135770, 10.039229, 10.038314, 10.254077, 10.770045, 11.240635, 11.591810, 11.780097, 11.914741, 11.965778, 12.031994, 12.184358, 12.311685, 12.521698, 12.700477
2.010061, 8.007782, 10.042348, 10.157794, 10.151430, 10.135257, 10.038286, 10.037108, 10.253540, 10.768032, 11.237465, 11.592508, 11.779929, 11.914752, 11.964790, 12.031949, 12.184991, 12.311634, 12.522926, 12.700906
2.025586, 8.008169, 10.041679, 10.157242, 10.150867, 10.133803, 10.037850, 10.035465, 10.253876, 10.765808, 11.235669, 11.591281, 11.780043, 11.911809, 11.962953, 12.032864, 12.183758, 12.313156, 12.522818, 12.700077
2.044353, 8.008942, 10.041383, 10.156497, 10.151255, 10.131844, 10.036568, 10.033845, 10.250434, 10.764220, 11.232868, 11.589738, 11.776616, 11.909253, 11.958628, 12.029569, 12.184176, 12.311495, 12.522375, 12.698495
2.056046, 8.009343, 10.041166, 10.155992, 10.150820, 10.130580, 10.035686, 10.032030, 10.248315, 10.760779, 11.230511, 11.587654, 11.772594, 11.906238, 11.956429, 12.027907, 12.180088, 12.308407, 12.521662, 12.698935
2.065216, 8.009893, 10.040595, 10.154964, 10.150014, 10.129360, 10.034692, 10.028997, 10.247394, 10.761632, 11.228522, 11.584686, 11.769885, 11.903548, 11.954369, 12.023720, 12.176191, 12.306875, 12.519969, 12.698408
2.076952, 8.009403, 10.039865, 10.155693, 10.149165, 10.128860, 10.033071, 10.028070, 10.246463, 10.758116, 11.227147, 11.583193, 11.768147, 11.900197, 11.950340, 12.018760, 12.172992, 12.303982, 12.517747, 12.697626
2.086956, 8.009513, 10.038675, 10.154253, 10.148528, 10.128694, 10.030997, 10.025322, 10.245928, 10.755943, 11.225159, 11.580095, 11.764479, 11.897510, 11.946605, 12.014921, 12.168188, 12.303840, 12.516396, 12.693769
2.095827, 8.009651, 10.037954, 10.152964, 10.148094, 10.127255, 10.029460, 10.024175, 10.244305, 10.753571, 11.221219, 11.577525, 11.763119, 11.893810, 11.942978, 12.011690, 12.161613, 12.297034, 12.513074, 12.691270
2.102897, 8.009526, 10.037250, 10.152608, 10.147096, 10.125967, 10.028208, 10.022462, 10.241291, 10.752884, 11.219645, 11.574819, 11.759470, 11.890646, 11.937826, 12.008804, 12.158464, 12.291931, 12.508892, 12.688243
2.110660, 8.009190, 10.036618, 10.151609, 10.146662, 10.125283, 10.027180, 10.020567, 10.239087, 10.749876, 11.217385, 11.572148, 11.757372, 11.888197, 11.932313, 12.002634, 12.154411, 12.287480, 12.505286, 12.681711
2.116338, 8.008766, 10.035968, 10.150442, 10.145605, 10.124406, 10.025928, 10.019088, 10.237438, 10.748333, 11.215531, 11.569890, 11.752537, 11.885757, 11.927675, 11.997295, 12.149406, 12.281677, 12.499688, 12.676848
2.122116, 8.008817, 10.035404, 10.149827, 10.144681, 10.124043, 10.024775, 10.017434, 10.235689, 10.746130, 11.213455, 11.566491, 11.749942, 11.883164, 11.924417, 11.993704, 12.143826, 12.278053, 12.491735, 12.670052
2.127575, 8.009174, 10.035219, 10.148482, 10.144241, 10.122676, 10.024568, 10.016438, 10.233979, 10.745213, 11.211765, 11.564056, 11.748269, 11.879428, 11.921748, 11.989052, 12.138288, 12.275284, 12.486696, 12.664541
2.134862, 8.009174, 10.034744, 10.147935, 10.143116, 10.121445, 10.023670, 10.016519, 10.232842, 10.742662, 11.209811, 11.561949, 11.746204, 11.876517, 11.918103, 11.986947, 12.133996, 12.270672, 12.482091, 12.659399
2.140462, 8.009372, 10.034526, 10.146885, 10.141669, 10.120805, 10.023716, 10.015058, 10.231029, 10.740350, 11.208296, 11.560508, 11.743703, 11.873311, 11.914183, 11.981715, 12.129818, 12.265186, 12.476729, 12.654672
2.145983, 8.009154, 10.034479, 10.146979, 10.140704, 10.119850, 10.022737, 10.014563, 10.229527, 10.738725, 11.205841, 11.559291, 11.740908, 11.870501, 11.909909, 11.979205, 12.125254, 12.259571, 12.470734, 12.648336
2.150535, 8.008989, 10.034155, 10.146430, 10.140362, 10.119006, 10.021908, 10.013285, 10.228139, 10.736632, 11.204105, 11.555830, 11.737655, 11.866683, 11.906659, 11.973418, 12.122538, 12.256268, 12.463645, 12.642442
2.155174, 8.009046, 10.033827, 10.145236, 10.139789, 10.117880, 10.021152, 10.012404, 10.226984, 10.735020, 11.202727, 11.553824, 11.735400, 11.864126, 11.904119, 11.971004, 12.118407, 12.249708, 12.458521, 12.637325
2.159311, 8.008835, 10.033511, 10.144602, 10.140200, 10.117615, 10.020982, 10.011524, 10.226520, 10.733414, 11.201287, 11.552043, 11.733484, 11.861223, 11.902361, 11.967221, 12.115240, 12.245577, 12.453773, 12.633483
2.161112, 8.008468, 10.033484, 10.143889, 10.139857, 10.117252, 10.020389, 10.010680, 10.226077, 10.732565, 11.199802, 11.550231, 11.731730, 11.858019, 11.899427, 11.964564, 12.111409, 12.242474, 12.450343, 12.626468
2.162617, 8.008284, 10.033125, 10.143778, 10.139640, 10.116747, 10.020116, 10.010200, 10.225345, 10.731432, 11.198555, 11.547978, 11.729584, 11.855597, 11.897735, 11.963423, 12.108965, 12.238497, 12.446723, 12.622966


