0, 18.319000, 3.660852, 0.000000, 0.000000, 0.000000, 0.000000, 0.000000, 0.000000, 0.000000, 0.000000, 0.000000, 0.000000, 0.000000, 0.000000, 0.000000, 0.000000, 0.000000, 0.000000, 0.000000, 0.000000, 0.000000, 0.000000, 0.000000, 0.000000, 0.000000, 0.000000, 0.000000, 0.000000, 0.000000, 0.000000, 0.000000, 0.000000, 0.000000, 0.000000, 0.000000, 0.000000, 0.000000, 0.000000, 0.000000, 0.000000, 0.000000, 0.000000, 0.000000, 0.000000, 0.000000, 0.000000, 0.000000, 0.000000, 0.000000, 0.000000
1, 18.319000, 3.660852, 0.000000, 0.000000, 0.000000, 0.000000, 0.000000, 0.000000, 0.000000, 0.000000, 0.000000, 0.000000, 0.000000, 0.000000, 0.000000, 0.000000, 0.000000, 0.000000, 0.000000, 0.000000, 0.000000, 0.000000, 0.000000, 0.000000, 0.000000, 0.000000, 0.000000, 0.000000, 0.000000, 0.000000, 0.000000, 0.000000, 0.000000, 0.000000, 0.000000, 0.000000, 0.000000, 0.000000, 0.000000, 0.000000, 0.000000, 0.000000, 0.000000, 0.000000, 0.000000, 0.000000, 0.000000, 0.000000, 0.000000, 0.000000
2, 18.319000, 3.660852, 0.000000, 0.000000, 0.000000, 0.000000, 0.000000, 0.000000, 0.000000, 0.000000, 0.000000, 0.000000, 0.000000, 0.000000, 0.000000, 0.000000, 0.000000, 0.000000, 0.000000, 0.000000, 0.000000, 0.000000, 0.000000, 0.000000, 0.000000, 0.000000, 0.000000, 0.000000, 0.000000, 0.000000, 0.000000, 0.000000, 0.000000, 0.000000, 0.000000, 0.000000, 0.000000, 0.000000, 0.000000, 0.000000, 0.000000, 0.000000, 0.000000, 0.000000, 0.000000, 0.000000, 0.000000, 0.000000, 0.000000, 0.000000
3, 18.319000, 3.660852, 0.000000, 0.000000, 0.000000, 0.000000, 0.000000, 0.000000, 0.000000, 0.000000, 0.000000, 0.000000, 0.000000, 0.000000, 0.000000, 0.000000, 0.000000, 0.000000, 0.000000, 0.000000, 0.000000, 0.000000, 0.000000, 0.000000, 0.000000, 0.000000, 0.000000, 0.000000, 0.000000, 0.000000, 0.000000, 0.000000, 0.000000, 0.000000, 0.000000, 0.000000, 0.000000, 0.000000, 0.000000, 0.000000, 0.000000, 0.000000, 0.000000, 0.000000, 0.000000, 0.000000, 0.000000, 0.000000, 0.000000, 0.000000
4, 18.319000, 3.660852, 0.000000, 0.000000, 0.000000, 0.000000, 0.000000, 0.000000, 0.000000, 0.000000, 0.000000, 0.000000, 0.000000, 0.000000, 0.000000, 0.000000, 0.000000, 0.000000, 0.000000, 0.000000, 0.000000, 0.000000, 0.000000, 0.000000, 0.000000, 0.000000, 0.000000, 0.000000, 0.000000, 0.000000, 0.000000, 0.000000, 0.000000, 0.000000, 0.000000, 0.000000, 0.000000, 0.000000, 0.000000, 0.000000, 0.000000, 0.000000, 0.000000, 0.000000, 0.000000, 0.000000, 0.000000, 0.000000, 0.000000, 0.000000
5, 18.319000, 3.660852, 0.000000, 0.000000, 0.000000, 0.000000, 0.000000, 0.000000, 0.000000, 0.000000, 0.000000, 0.000000, 0.000000, 0.000000, 0.000000, 0.000000, 0.000000, 0.000000, 0.000000, 0.000000, 0.000000, 0.000000, 0.000000, 0.000000, 0.000000, 0.000000, 0.000000, 0.000000, 0.000000, 0.000000, 0.000000, 0.000000, 0.000000, 0.000000, 0.000000, 0.000000, 0.000000, 0.000000, 0.000000, 0.000000, 0.000000, 0.000000, 0.000000, 0.000000, 0.000000, 0.000000, 0.000000, 0.000000, 0.000000, 0.000000
6, 18.347100, 3.672250, 0.000000, 0.000000, 0.000000, 0.000000, 0.000000, 0.000000, 0.000000, 0.000000, 0.000000, 0.000000, 0.000000, 0.000000, 0.000000, 0.000000, 0.000000, 0.000000, 0.001000, 0.031607, 0.027100, 0.166029, 0.000000, 0.000000, 0.000000, 0.000000, 0.000000, 0.000000, 0.000000, 0.000000, 0.000000, 0.000000, 0.000000, 0.000000, 0.000000, 0.000000, 0.000000, 0.000000, 0.000000, 0.000000, 0.000000, 0.000000, 0.000000, 0.000000, 0.000000, 0.000000, 0.000000, 0.000000, 0.000000, 0.000000
7, 18.766600, 3.809609, 0.000000, 0.000000, 0.000000, 0.000000, 0.000001, 0.000000, 0.000000, 0.000000, 0.000000, 0.000000, 0.000000, 0.000000, 0.000000, 0.000000, 0.002600, 0.050924, 0.029600, 0.172985, 0.420600, 0.653526, 0.000000, 0.000000, 0.000000, 0.000000, 0.000000, 0.000000, 0.000000, 0.000000, 0.000000, 0.000000, 0.000000, 0.000000, 0.000000, 0.000000, 0.000000, 0.000000, 0.000000, 0.000000, 0.000000, 0.000000, 0.000000, 0.000000, 0.000000, 0.000000, 0.000000, 0.000000, 0.000000, 0.000000
8, 19.653300, 4.114450, 0.000000, 0.000000, 9.217500, 2.806064, 0.000022, 0.000006, 0.000000, 0.000000, 9.217500, 0.000000, 1.070616, 0.015483, 0.000000, 0.000000, 0.017300, 0.131912, 0.093100, 0.303368, 1.258500, 1.165280, 0.000000, 0.000000, 0.000000, 0.000000, 0.000000, 0.000000, 0.000000, 0.000000, 0.000000, 0.000000, 0.000000, 0.000000, 0.000000, 0.000000, 0.000000, 0.000000, 0.000000, 0.000000, 0.000000, 0.000000, 0.000000, 0.000000, 0.000000, 0.000000, 0.000000, 0.000000, 0.000000, 0.000000
9, 21.339000, 4.631574, 0.012700, 0.112866, 11.598700, 3.082119, 0.000270, 0.000083, 0.000800, 0.028273, 11.597900, 0.028273, 2.309061, 0.167011, 0.063423, 0.562609, 0.098800, 0.315022, 0.219800, 0.469561, 2.899000, 1.840706, 0.000000, 0.000000, 0.000000, 0.000000, 0.000000, 0.000000, 0.000000, 0.000000, 0.000000, 0.000000, 0.000000, 0.000000, 0.000000, 0.000000, 0.000000, 0.000000, 0.000000, 0.000000, 0.000000, 0.000000, 0.000000, 0.000000, 0.000000, 0.000000, 0.000000, 0.000000, 0.000000, 0.000000
10, 23.915700, 5.395294, 4.906400, 2.115949, 6.698400, 2.441687, 0.001936, 0.000771, 0.206700, 0.465591, 6.491700, 0.465591, 3.995428, 0.567340, 5.784976, 0.702721, 0.412900, 0.662581, 0.433000, 0.665365, 5.576600, 2.736664, 0.000000, 0.000000, 0.000000, 0.000000, 0.000000, 0.000000, 0.000000, 0.000000, 0.000000, 0.000000, 0.000000, 0.000000, 0.000000, 0.000000, 0.000000, 0.000000, 0.000000, 0.000000, 0.000000, 0.000000, 0.000000, 0.000000, 0.000000, 0.000000, 0.000000, 0.000000, 0.000000, 0.000000
11, 26.919000, 6.263038, 5.574600, 2.215183, 5.906200, 2.314779, 0.005647, 0.003052, 0.454900, 0.702969, 5.451300, 0.702969, 5.108967, 1.002148, 7.778845, 1.343040, 0.999200, 1.134107, 0.698100, 0.852852, 8.901100, 3.785514, 0.000000, 0.000000, 0.000000, 0.000000, 0.000000, 0.000000, 0.000000, 0.000000, 0.000000, 0.000000, 0.000000, 0.000000, 0.000000, 0.000000, 0.000000, 0.000000, 0.000000, 0.000000, 0.000000, 0.000000, 0.000000, 0.000000, 0.000000, 0.000000, 0.000000, 0.000000, 0.000000, 0.000000
12, 30.066100, 7.184298, 5.617900, 2.209683, 5.820600, 2.300482, 0.007497, 0.004645, 0.533500, 0.771154, 5.287100, 0.771154, 5.386583, 1.145696, 8.294812, 1.612206, 1.298600, 1.363392, 0.960300, 1.019472, 12.085400, 4.802240, 0.000000, 0.000000, 0.000000, 0.000000, 0.000000, 0.000000, 0.000000, 0.000000, 0.000000, 0.000000, 0.000000, 0.000000, 0.000000, 0.000000, 0.000000, 0.000000, 0.000000, 0.000000, 0.000000, 0.000000, 0.000000, 0.000000, 0.000000, 0.000000, 0.000000, 0.000000, 0.000000, 0.000000
13, 32.953800, 8.088119, 5.627100, 2.209761, 5.806500, 2.298534, 0.007794, 0.004946, 0.541900, 0.777332, 5.264600, 0.777332, 5.421892, 1.164955, 8.358230, 1.649438, 1.362200, 1.417184, 1.179800, 1.139154, 14.817200, 5.695874, 0.000000, 0.000000, 0.000000, 0.000000, 0.000000, 0.000000, 0.000000, 0.000000, 0.000000, 0.000000, 0.000000, 0.000000, 0.000000, 0.000000, 0.000000, 0.000000, 0.000000, 0.000000, 0.000000, 0.000000, 0.000000, 0.000000, 0.000000, 0.000000, 0.000000, 0.000000, 0.000000, 0.000000
14, 35.353400, 8.779516, 5.631600, 2.210313, 5.800900, 2.297229, 0.007828, 0.004983, 0.543100, 0.778423, 5.257800, 0.778423, 5.426369, 1.167150, 8.363596, 1.652852, 1.371900, 1.425619, 1.365300, 1.233473, 17.041000, 6.381106, 0.000000, 0.000000, 0.000000, 0.000000, 0.000000, 0.000000, 0.000000, 0.000000, 0.000000, 0.000000, 0.000000, 0.000000, 0.000000, 0.000000, 0.000000, 0.000000, 0.000000, 0.000000, 0.000000, 0.000000, 0.000000, 0.000000, 0.000000, 0.000000, 0.000000, 0.000000, 0.000000, 0.000000
15, 37.307600, 9.398541, 5.632000, 2.210334, 5.800900, 2.297272, 0.007833, 0.004987, 0.543700, 0.779417, 5.257200, 0.779417, 5.427026, 1.167298, 8.364719, 1.653443, 1.374400, 1.427594, 1.512300, 1.313639, 18.850700, 6.966262, 0.000000, 0.000000, 0.000000, 0.000000, 0.000000, 0.000000, 0.000000, 0.000000, 0.000000, 0.000000, 0.000000, 0.000000, 0.000000, 0.000000, 0.000000, 0.000000, 0.000000, 0.000000, 0.000000, 0.000000, 0.000000, 0.000000, 0.000000, 0.000000, 0.000000, 0.000000, 0.000000, 0.000000
16, 38.908800, 9.898661, 5.633300, 2.210165, 5.991100, 2.363942, 0.007835, 0.004988, 0.589700, 0.818385, 5.401400, 0.818385, 5.368322, 1.160330, 8.365851, 1.653833, 1.378400, 1.431787, 1.622100, 1.363485, 20.346100, 7.465743, 0.000000, 0.000000, 0.000000, 0.000000, 0.000000, 0.000000, 0.000000, 0.000000, 0.000000, 0.000000, 0.000000, 0.000000, 0.000000, 0.000000, 0.000000, 0.000000, 0.000000, 0.000000, 0.000000, 0.000000, 0.000000, 0.000000, 0.000000, 0.000000, 0.000000, 0.000000, 0.000000, 0.000000
17, 40.255100, 10.319836, 5.654700, 2.215958, 6.372000, 2.500843, 0.007849, 0.004989, 0.696900, 0.904008, 5.675100, 0.904008, 5.274754, 1.142146, 8.363108, 1.648864, 1.391900, 1.438164, 1.720100, 1.410587, 21.607900, 7.870220, 0.000000, 0.000000, 0.000000, 0.000000, 0.000000, 0.000000, 0.000000, 0.000000, 0.000000, 0.000000, 0.000000, 0.000000, 0.000000, 0.000000, 0.000000, 0.000000, 0.000000, 0.000000, 0.000000, 0.000000, 0.000000, 0.000000, 0.000000, 0.000000, 0.000000, 0.000000, 0.000000, 0.000000
18, 41.361800, 10.668500, 5.747400, 2.235888, 6.952900, 2.697607, 0.007912, 0.004997, 0.892300, 1.035230, 6.060600, 1.035230, 5.153122, 1.107316, 8.359247, 1.633885, 1.428100, 1.458366, 1.801900, 1.448260, 22.669000, 8.213211, 0.000000, 0.000000, 0.000000, 0.000000, 0.000000, 0.000000, 0.000000, 0.000000, 0.000000, 0.000000, 0.000000, 0.000000, 0.000000, 0.000000, 0.000000, 0.000000, 0.000000, 0.000000, 0.000000, 0.000000, 0.000000, 0.000000, 0.000000, 0.000000, 0.000000, 0.000000, 0.000000, 0.000000
19, 42.595900, 11.061600, 5.945700, 2.302510, 7.959100, 3.023248, 0.008104, 0.005039, 1.341600, 1.306487, 6.617500, 1.306487, 4.991425, 1.041470, 8.385762, 1.605582, 1.531200, 1.523492, 1.900900, 1.491536, 23.907200, 8.637684, 0.000000, 0.000000, 0.000000, 0.000000, 0.000000, 0.000000, 0.000000, 0.000000, 0.000000, 0.000000, 0.000000, 0.000000, 0.000000, 0.000000, 0.000000, 0.000000, 0.000000, 0.000000, 0.000000, 0.000000, 0.000000, 0.000000, 0.000000, 0.000000, 0.000000, 0.000000, 0.000000, 0.000000
20, 43.970000, 11.535688, 6.305400, 2.409093, 9.176700, 3.339023, 0.008499, 0.005149, 2.048200, 1.690821, 7.128500, 1.690821, 4.871789, 0.952665, 8.455569, 1.581580, 1.728800, 1.641052, 2.010100, 1.535838, 25.369700, 9.170377, 0.000000, 0.000000, 0.000000, 0.000000, 0.000000, 0.000000, 0.000000, 0.000000, 0.000000, 0.000000, 0.000000, 0.000000, 0.000000, 0.000000, 0.000000, 0.000000, 0.000000, 0.000000, 0.000000, 0.000000, 0.000000, 0.000000, 0.000000, 0.000000, 0.000000, 0.000000, 0.000000, 0.000000
21, 45.586200, 12.115402, 6.825800, 2.579352, 10.195700, 3.601139, 0.009188, 0.005381, 2.822900, 2.054005, 7.372800, 2.054005, 4.884534, 0.899453, 8.600770, 1.590184, 2.049500, 1.838600, 2.148100, 1.600239, 27.168600, 9.858132, 0.000000, 0.000000, 0.000000, 0.000000, 0.000000, 0.000000, 0.000000, 0.000000, 0.000000, 0.000000, 0.000000, 0.000000, 0.000000, 0.000000, 0.000000, 0.000000, 0.000000, 0.000000, 0.000000, 0.000000, 0.000000, 0.000000, 0.000000, 0.000000, 0.000000, 0.000000, 0.000000, 0.000000
22, 47.432600, 12.794892, 7.400500, 2.777643, 10.743600, 3.766863, 0.010230, 0.005790, 3.383700, 2.317860, 7.359900, 2.317860, 5.031246, 0.904879, 8.855632, 1.632037, 2.514200, 2.135977, 2.316400, 1.675258, 29.311400, 10.691250, 0.000000, 0.000000, 0.000000, 0.000000, 0.000000, 0.000000, 0.000000, 0.000000, 0.000000, 0.000000, 0.000000, 0.000000, 0.000000, 0.000000, 0.000000, 0.000000, 0.000000, 0.000000, 0.000000, 0.000000, 0.000000, 0.000000, 0.000000, 0.000000, 0.000000, 0.000000, 0.000000, 0.000000
23, 49.516700, 13.575394, 7.884600, 2.934737, 11.081000, 3.858684, 0.011556, 0.006433, 3.818200, 2.492097, 7.262800, 2.492097, 5.207404, 0.942239, 9.164081, 1.723073, 3.090600, 2.509421, 2.504500, 1.768949, 31.783800, 11.655353, 0.000000, 0.000000, 0.000000, 0.000000, 0.000000, 0.000000, 0.000000, 0.000000, 0.000000, 0.000000, 0.000000, 0.000000, 0.000000, 0.000000, 0.000000, 0.000000, 0.000000, 0.000000, 0.000000, 0.000000, 0.000000, 0.000000, 0.000000, 0.000000, 0.000000, 0.000000, 0.000000, 0.000000
24, 51.756800, 14.404515, 8.269800, 3.064181, 11.271300, 3.929898, 0.012948, 0.007204, 4.138800, 2.603063, 7.132500, 2.603063, 5.373099, 0.983882, 9.430992, 1.805576, 3.689600, 2.901250, 2.710800, 1.862408, 34.416600, 12.688524, 0.000000, 0.000000, 0.000000, 0.000000, 0.000000, 0.000000, 0.000000, 0.000000, 0.000000, 0.000000, 0.000000, 0.000000, 0.000000, 0.000000, 0.000000, 0.000000, 0.000000, 0.000000, 0.000000, 0.000000, 0.000000, 0.000000, 0.000000, 0.000000, 0.000000, 0.000000, 0.000000, 0.000000
25, 54.116800, 15.285737, 8.574400, 3.150883, 11.425700, 3.994957, 0.014199, 0.007914, 4.383300, 2.683241, 7.042400, 2.683241, 5.501924, 1.018392, 9.635458, 1.846320, 4.201800, 3.213141, 2.918100, 1.959028, 37.081500, 13.730341, 0.000000, 0.000000, 0.000000, 0.000000, 0.000000, 0.000000, 0.000000, 0.000000, 0.000000, 0.000000, 0.000000, 0.000000, 0.000000, 0.000000, 0.000000, 0.000000, 0.000000, 0.000000, 0.000000, 0.000000, 0.000000, 0.000000, 0.000000, 0.000000, 0.000000, 0.000000, 0.000000, 0.000000
26, 56.503300, 16.194394, 8.820400, 3.228799, 11.569600, 4.052253, 0.015243, 0.008526, 4.597300, 2.774010, 6.972300, 2.774010, 5.598429, 1.043064, 9.786902, 1.879273, 4.648600, 3.500617, 3.117700, 2.050182, 39.715200, 14.760951, 0.000000, 0.000000, 0.000000, 0.000000, 0.000000, 0.000000, 0.000000, 0.000000, 0.000000, 0.000000, 0.000000, 0.000000, 0.000000, 0.000000, 0.000000, 0.000000, 0.000000, 0.000000, 0.000000, 0.000000, 0.000000, 0.000000, 0.000000, 0.000000, 0.000000, 0.000000, 0.000000, 0.000000
27, 58.799300, 17.055381, 9.022700, 3.287580, 11.743700, 4.118350, 0.016095, 0.009034, 4.793900, 2.854789, 6.949800, 2.854789, 5.660858, 1.060136, 9.896850, 1.892506, 5.012100, 3.740234, 3.302100, 2.140195, 42.190300, 15.732193, 0.000000, 0.000000, 0.000000, 0.000000, 0.000000, 0.000000, 0.000000, 0.000000, 0.000000, 0.000000, 0.000000, 0.000000, 0.000000, 0.000000, 0.000000, 0.000000, 0.000000, 0.000000, 0.000000, 0.000000, 0.000000, 0.000000, 0.000000, 0.000000, 0.000000, 0.000000, 0.000000, 0.000000
28, 61.011600, 17.882300, 9.190000, 3.332462, 12.009600, 4.208053, 0.016768, 0.009413, 5.043800, 2.963829, 6.965800, 2.963829, 5.687877, 1.062883, 9.983692, 1.923550, 5.302200, 3.908513, 3.477100, 2.213340, 44.517700, 16.624346, 0.000000, 0.000000, 0.000000, 0.000000, 0.000000, 0.000000, 0.000000, 0.000000, 0.000000, 0.000000, 0.000000, 0.000000, 0.000000, 0.000000, 0.000000, 0.000000, 0.000000, 0.000000, 0.000000, 0.000000, 0.000000, 0.000000, 0.000000, 0.000000, 0.000000, 0.000000, 0.000000, 0.000000
29, 63.110700, 18.671172, 9.355000, 3.378280, 12.357400, 4.337172, 0.017323, 0.009677, 5.335500, 3.101409, 7.021900, 3.101409, 5.692853, 1.053353, 10.046617, 1.921194, 5.555300, 4.056987, 3.649900, 2.290181, 46.697100, 17.468078, 0.000000, 0.000000, 0.000000, 0.000000, 0.000000, 0.000000, 0.000000, 0.000000, 0.000000, 0.000000, 0.000000, 0.000000, 0.000000, 0.000000, 0.000000, 0.000000, 0.000000, 0.000000, 0.000000, 0.000000, 0.000000, 0.000000, 0.000000, 0.000000, 0.000000, 0.000000, 0.000000, 0.000000
30, 65.084900, 19.445228, 9.535900, 3.445361, 12.861800, 4.518064, 0.017831, 0.009882, 5.733100, 3.291453, 7.128700, 3.291453, 5.670661, 1.038195, 10.102657, 1.928396, 5.816000, 4.199398, 3.814500, 2.366451, 48.767400, 18.288464, 0.000000, 0.000000, 0.000000, 0.000000, 0.000000, 0.000000, 0.000000, 0.000000, 0.000000, 0.000000, 0.000000, 0.000000, 0.000000, 0.000000, 0.000000, 0.000000, 0.000000, 0.000000, 0.000000, 0.000000, 0.000000, 0.000000, 0.000000, 0.000000, 0.000000, 0.000000, 0.000000, 0.000000
31, 67.053700, 20.226092, 9.743600, 3.518474, 13.452800, 4.720908, 0.018353, 0.010092, 6.225000, 3.498539, 7.227800, 3.498539, 5.639480, 1.008492, 10.151170, 1.928993, 6.103800, 4.353461, 3.977300, 2.440939, 50.861200, 19.130017, 0.000000, 0.000000, 0.000000, 0.000000, 0.000000, 0.000000, 0.000000, 0.000000, 0.000000, 0.000000, 0.000000, 0.000000, 0.000000, 0.000000, 0.000000, 0.000000, 0.000000, 0.000000, 0.000000, 0.000000, 0.000000, 0.000000, 0.000000, 0.000000, 0.000000, 0.000000, 0.000000, 0.000000
32, 68.978600, 20.974488, 9.991900, 3.604696, 14.126500, 4.947696, 0.018949, 0.010325, 6.789400, 3.748686, 7.337100, 3.748686, 5.606817, 0.979144, 10.197777, 1.908014, 6.437100, 4.526902, 4.131300, 2.501412, 52.965400, 19.971094, 0.000000, 0.000000, 0.000000, 0.000000, 0.000000, 0.000000, 0.000000, 0.000000, 0.000000, 0.000000, 0.000000, 0.000000, 0.000000, 0.000000, 0.000000, 0.000000, 0.000000, 0.000000, 0.000000, 0.000000, 0.000000, 0.000000, 0.000000, 0.000000, 0.000000, 0.000000, 0.000000, 0.000000
33, 70.910500, 21.727266, 10.256700, 3.712008, 14.817900, 5.159432, 0.019650, 0.010598, 7.424500, 4.003311, 7.393400, 4.003311, 5.585652, 0.946098, 10.263347, 1.902546, 6.853000, 4.757519, 4.294100, 2.576860, 55.150400, 20.852462, 0.000000, 0.000000, 0.000000, 0.000000, 0.000000, 0.000000, 0.000000, 0.000000, 0.000000, 0.000000, 0.000000, 0.000000, 0.000000, 0.000000, 0.000000, 0.000000, 0.000000, 0.000000, 0.000000, 0.000000, 0.000000, 0.000000, 0.000000, 0.000000, 0.000000, 0.000000, 0.000000, 0.000000
34, 72.915800, 22.540965, 10.544500, 3.811511, 15.415400, 5.351004, 0.020482, 0.010939, 7.997000, 4.236058, 7.418400, 4.236058, 5.592655, 0.932515, 10.342802, 1.897263, 7.352500, 5.042920, 4.469900, 2.652752, 57.479400, 21.839111, 0.000000, 0.000000, 0.000000, 0.000000, 0.000000, 0.000000, 0.000000, 0.000000, 0.000000, 0.000000, 0.000000, 0.000000, 0.000000, 0.000000, 0.000000, 0.000000, 0.000000, 0.000000, 0.000000, 0.000000, 0.000000, 0.000000, 0.000000, 0.000000, 0.000000, 0.000000, 0.000000, 0.000000
35, 74.992600, 23.365028, 10.825700, 3.892315, 15.953400, 5.520745, 0.021452, 0.011386, 8.535500, 4.441524, 7.417900, 4.441524, 5.610259, 0.921487, 10.433704, 1.913194, 7.928900, 5.379168, 4.655000, 2.738097, 59.947500, 22.874277, 0.000000, 0.000000, 0.000000, 0.000000, 0.000000, 0.000000, 0.000000, 0.000000, 0.000000, 0.000000, 0.000000, 0.000000, 0.000000, 0.000000, 0.000000, 0.000000, 0.000000, 0.000000, 0.000000, 0.000000, 0.000000, 0.000000, 0.000000, 0.000000, 0.000000, 0.000000, 0.000000, 0.000000
36, 77.153700, 24.213473, 11.074600, 3.973265, 16.427100, 5.676644, 0.022504, 0.011900, 9.030700, 4.631885, 7.396400, 4.631885, 5.637855, 0.911068, 10.540190, 1.920432, 8.557500, 5.765301, 4.849500, 2.820257, 62.542700, 23.969526, 0.000000, 0.000000, 0.000000, 0.000000, 0.000000, 0.000000, 0.000000, 0.000000, 0.000000, 0.000000, 0.000000, 0.000000, 0.000000, 0.000000, 0.000000, 0.000000, 0.000000, 0.000000, 0.000000, 0.000000, 0.000000, 0.000000, 0.000000, 0.000000, 0.000000, 0.000000, 0.000000, 0.000000
37, 79.529900, 25.157784, 11.223100, 4.022701, 16.807000, 5.790125, 0.023177, 0.012286, 9.389200, 4.779469, 7.417800, 4.779469, 5.637312, 0.901781, 10.598945, 1.933072, 8.981700, 6.064764, 5.045900, 2.904857, 65.146700, 25.050992, 0.000000, 0.000000, 0.000000, 0.000000, 0.000000, 0.000000, 0.000000, 0.000000, 0.000000, 0.000000, 0.000000, 0.000000, 0.000000, 0.000000, 0.000000, 0.000000, 0.000000, 0.000000, 0.000000, 0.000000, 0.000000, 0.000000, 0.000000, 0.000000, 0.000000, 0.000000, 0.000000, 0.000000
38, 81.956700, 26.153857, 11.226400, 4.023051, 17.001000, 5.843954, 0.023196, 0.012346, 9.525500, 4.832696, 7.475500, 4.832696, 5.611695, 0.893090, 10.599682, 1.932924, 9.008100, 6.121081, 5.216100, 2.979094, 67.429700, 26.000628, 0.000000, 0.000000, 0.000000, 0.000000, 0.000000, 0.000000, 0.000000, 0.000000, 0.000000, 0.000000, 0.000000, 0.000000, 0.000000, 0.000000, 0.000000, 0.000000, 0.000000, 0.000000, 0.000000, 0.000000, 0.000000, 0.000000, 0.000000, 0.000000, 0.000000, 0.000000, 0.000000, 0.000000
39, 83.999800, 27.012356, 11.230000, 4.023494, 17.208400, 5.908449, 0.023204, 0.012372, 9.668300, 4.892900, 7.540100, 4.892900, 5.585369, 0.887409, 10.599857, 1.932188, 9.020600, 6.143059, 5.360100, 3.045821, 69.341300, 26.808999, 0.000000, 0.000000, 0.000000, 0.000000, 0.000000, 0.000000, 0.000000, 0.000000, 0.000000, 0.000000, 0.000000, 0.000000, 0.000000, 0.000000, 0.000000, 0.000000, 0.000000, 0.000000, 0.000000, 0.000000, 0.000000, 0.000000, 0.000000, 0.000000, 0.000000, 0.000000, 0.000000, 0.000000
40, 85.741700, 27.740245, 11.234800, 4.025204, 17.421600, 5.979453, 0.023209, 0.012382, 9.811700, 4.961919, 7.609900, 4.961919, 5.558568, 0.880524, 10.599832, 1.931449, 9.032000, 6.151518, 5.483400, 3.095081, 70.971300, 27.500572, 0.000000, 0.000000, 0.000000, 0.000000, 0.000000, 0.000000, 0.000000, 0.000000, 0.000000, 0.000000, 0.000000, 0.000000, 0.000000, 0.000000, 0.000000, 0.000000, 0.000000, 0.000000, 0.000000, 0.000000, 0.000000, 0.000000, 0.000000, 0.000000, 0.000000, 0.000000, 0.000000, 0.000000
41, 87.225000, 28.384654, 11.239300, 4.026914, 17.618300, 6.034120, 0.023213, 0.012383, 9.951800, 5.014008, 7.666500, 5.014008, 5.534717, 0.874227, 10.600787, 1.931271, 9.042600, 6.154428, 5.586100, 3.140826, 72.362500, 28.114382, 0.000000, 0.000000, 0.000000, 0.000000, 0.000000, 0.000000, 0.000000, 0.000000, 0.000000, 0.000000, 0.000000, 0.000000, 0.000000, 0.000000, 0.000000, 0.000000, 0.000000, 0.000000, 0.000000, 0.000000, 0.000000, 0.000000, 0.000000, 0.000000, 0.000000, 0.000000, 0.000000, 0.000000
42, 88.470200, 28.937811, 11.245100, 4.028725, 17.821900, 6.093602, 0.023217, 0.012384, 10.092500, 5.068919, 7.729400, 5.068919, 5.510372, 0.867018, 10.600710, 1.930731, 9.054300, 6.157918, 5.673200, 3.181226, 73.532300, 28.636060, 0.000000, 0.000000, 0.000000, 0.000000, 0.000000, 0.000000, 0.000000, 0.000000, 0.000000, 0.000000, 0.000000, 0.000000, 0.000000, 0.000000, 0.000000, 0.000000, 0.000000, 0.000000, 0.000000, 0.000000, 0.000000, 0.000000, 0.000000, 0.000000, 0.000000, 0.000000, 0.000000, 0.000000
43, 89.536700, 29.404507, 11.250700, 4.030465, 18.012500, 6.155659, 0.023222, 0.012385, 10.221100, 5.127671, 7.791400, 5.127671, 5.488621, 0.859795, 10.601179, 1.929669, 9.066700, 6.161173, 5.749200, 3.214545, 74.535200, 29.081058, 0.000000, 0.000000, 0.000000, 0.000000, 0.000000, 0.000000, 0.000000, 0.000000, 0.000000, 0.000000, 0.000000, 0.000000, 0.000000, 0.000000, 0.000000, 0.000000, 0.000000, 0.000000, 0.000000, 0.000000, 0.000000, 0.000000, 0.000000, 0.000000, 0.000000, 0.000000, 0.000000, 0.000000
44, 90.468300, 29.798913, 11.255700, 4.031094, 18.210500, 6.217121, 0.023226, 0.012386, 10.359800, 5.184452, 7.850700, 5.184452, 5.466370, 0.852597, 10.602227, 1.929585, 9.081500, 6.169559, 5.813000, 3.239696, 75.417800, 29.457506, 0.000000, 0.000000, 0.000000, 0.000000, 0.000000, 0.000000, 0.000000, 0.000000, 0.000000, 0.000000, 0.000000, 0.000000, 0.000000, 0.000000, 0.000000, 0.000000, 0.000000, 0.000000, 0.000000, 0.000000, 0.000000, 0.000000, 0.000000, 0.000000, 0.000000, 0.000000, 0.000000, 0.000000
45, 91.300300, 30.162505, 11.263300, 4.033779, 18.386700, 6.265474, 0.023231, 0.012388, 10.484000, 5.232795, 7.902700, 5.232795, 5.447179, 0.844558, 10.603499, 1.929276, 9.096500, 6.176130, 5.869900, 3.262878, 76.207900, 29.807108, 0.000000, 0.000000, 0.000000, 0.000000, 0.000000, 0.000000, 0.000000, 0.000000, 0.000000, 0.000000, 0.000000, 0.000000, 0.000000, 0.000000, 0.000000, 0.000000, 0.000000, 0.000000, 0.000000, 0.000000, 0.000000, 0.000000, 0.000000, 0.000000, 0.000000, 0.000000, 0.000000, 0.000000
46, 92.039600, 30.475801, 11.269900, 4.034334, 18.573700, 6.328346, 0.023237, 0.012389, 10.622900, 5.294667, 7.950800, 5.294667, 5.427664, 0.838093, 10.604444, 1.927234, 9.113400, 6.181338, 5.920100, 3.280810, 76.913900, 30.112955, 0.000000, 0.000000, 0.000000, 0.000000, 0.000000, 0.000000, 0.000000, 0.000000, 0.000000, 0.000000, 0.000000, 0.000000, 0.000000, 0.000000, 0.000000, 0.000000, 0.000000, 0.000000, 0.000000, 0.000000, 0.000000, 0.000000, 0.000000, 0.000000, 0.000000, 0.000000, 0.000000, 0.000000
47, 92.711700, 30.769602, 11.281400, 4.037328, 18.744200, 6.378383, 0.023244, 0.012390, 10.747400, 5.339381, 7.996800, 5.339381, 5.409891, 0.830510, 10.603441, 1.925628, 9.131700, 6.187662, 5.965000, 3.300208, 77.559400, 30.397610, 0.000000, 0.000000, 0.000000, 0.000000, 0.000000, 0.000000, 0.000000, 0.000000, 0.000000, 0.000000, 0.000000, 0.000000, 0.000000, 0.000000, 0.000000, 0.000000, 0.000000, 0.000000, 0.000000, 0.000000, 0.000000, 0.000000, 0.000000, 0.000000, 0.000000, 0.000000, 0.000000, 0.000000
48, 93.312400, 31.037880, 11.293000, 4.043161, 18.927000, 6.441465, 0.023251, 0.012392, 10.880300, 5.403940, 8.046700, 5.403940, 5.391645, 0.823329, 10.604549, 1.925457, 9.149000, 6.192415, 6.007000, 3.319450, 78.135400, 30.657607, 0.000000, 0.000000, 0.000000, 0.000000, 0.000000, 0.000000, 0.000000, 0.000000, 0.000000, 0.000000, 0.000000, 0.000000, 0.000000, 0.000000, 0.000000, 0.000000, 0.000000, 0.000000, 0.000000, 0.000000, 0.000000, 0.000000, 0.000000, 0.000000, 0.000000, 0.000000, 0.000000, 0.000000
49, 93.871600, 31.279369, 11.305000, 4.047021, 19.106000, 6.498628, 0.023260, 0.012394, 11.013800, 5.462235, 8.092200, 5.462235, 5.374422, 0.816868, 10.605674, 1.922871, 9.168700, 6.203244, 6.046000, 3.337796, 78.675300, 30.893288, 0.000000, 0.000000, 0.000000, 0.000000, 0.000000, 0.000000, 0.000000, 0.000000, 0.000000, 0.000000, 0.000000, 0.000000, 0.000000, 0.000000, 0.000000, 0.000000, 0.000000, 0.000000, 0.000000, 0.000000, 0.000000, 0.000000, 0.000000, 0.000000, 0.000000, 0.000000, 0.000000, 0.000000
50, 94.380900, 31.502029, 11.321000, 4.052426, 19.290800, 6.565153, 0.023271, 0.012396, 11.154100, 5.527075, 8.136700, 5.527075, 5.357106, 0.810718, 10.606147, 1.920406, 9.190500, 6.210009, 6.081200, 3.351896, 79.171200, 31.113542, 0.000000, 0.000000, 0.000000, 0.000000, 0.000000, 0.000000, 0.000000, 0.000000, 0.000000, 0.000000, 0.000000, 0.000000, 0.000000, 0.000000, 0.000000, 0.000000, 0.000000, 0.000000, 0.000000, 0.000000, 0.000000, 0.000000, 0.000000, 0.000000, 0.000000, 0.000000, 0.000000, 0.000000
51, 94.850800, 31.708376, 11.339200, 4.056100, 28.146400, 8.501951, 0.023284, 0.012399, 16.056500, 7.431696, 12.089900, 7.431696, 4.380895, 0.632154, 10.606373, 1.916908, 9.219200, 6.222070, 6.114400, 3.367300, 79.636600, 31.322604, 0.000000, 0.000000, 0.000000, 0.000000, 0.000000, 0.000000, 0.000000, 0.000000, 0.000000, 0.000000, 0.000000, 0.000000, 0.000000, 0.000000, 0.000000, 0.000000, 0.000000, 0.000000, 0.000000, 0.000000, 0.000000, 0.000000, 0.000000, 0.000000, 0.000000, 0.000000, 0.000000, 0.000000
52, 95.281100, 31.904387, 11.359400, 4.063155, 31.418900, 9.362864, 0.023301, 0.012402, 18.052800, 8.275942, 13.366100, 8.275942, 4.157629, 0.578667, 10.607439, 1.910991, 9.249400, 6.232993, 6.144100, 3.382977, 80.067400, 31.515946, 0.000000, 0.000000, 0.000000, 0.000000, 0.000000, 0.000000, 0.000000, 0.000000, 0.000000, 0.000000, 0.000000, 0.000000, 0.000000, 0.000000, 0.000000, 0.000000, 0.000000, 0.000000, 0.000000, 0.000000, 0.000000, 0.000000, 0.000000, 0.000000, 0.000000, 0.000000, 0.000000, 0.000000
53, 95.660100, 32.079638, 11.379300, 4.071122, 33.258800, 9.928365, 0.023320, 0.012406, 19.291900, 8.799539, 13.966900, 8.799539, 4.068510, 0.546283, 10.610369, 1.907446, 9.286000, 6.247656, 6.173600, 3.395977, 80.453500, 31.689908, 0.000000, 0.000000, 0.000000, 0.000000, 0.000000, 0.000000, 0.000000, 0.000000, 0.000000, 0.000000, 0.000000, 0.000000, 0.000000, 0.000000, 0.000000, 0.000000, 0.000000, 0.000000, 0.000000, 0.000000, 0.000000, 0.000000, 0.000000, 0.000000, 0.000000, 0.000000, 0.000000, 0.000000
54, 96.018300, 32.241097, 11.402900, 4.080634, 34.845300, 10.443015, 0.023343, 0.012411, 20.434300, 9.293099, 14.411000, 9.293099, 4.005824, 0.518364, 10.613101, 1.905850, 9.325400, 6.258523, 6.201300, 3.408662, 80.823400, 31.859303, 0.000000, 0.000000, 0.000000, 0.000000, 0.000000, 0.000000, 0.000000, 0.000000, 0.000000, 0.000000, 0.000000, 0.000000, 0.000000, 0.000000, 0.000000, 0.000000, 0.000000, 0.000000, 0.000000, 0.000000, 0.000000, 0.000000, 0.000000, 0.000000, 0.000000, 0.000000, 0.000000, 0.000000
55, 96.326100, 32.388037, 11.430100, 4.091859, 36.423100, 11.009563, 0.023370, 0.012416, 21.593400, 9.816847, 14.829700, 9.816847, 3.949843, 0.491369, 10.615017, 1.900841, 9.368900, 6.276545, 6.224100, 3.420129, 81.151900, 32.015871, 0.000000, 0.000000, 0.000000, 0.000000, 0.000000, 0.000000, 0.000000, 0.000000, 0.000000, 0.000000, 0.000000, 0.000000, 0.000000, 0.000000, 0.000000, 0.000000, 0.000000, 0.000000, 0.000000, 0.000000, 0.000000, 0.000000, 0.000000, 0.000000, 0.000000, 0.000000, 0.000000, 0.000000
56, 96.608900, 32.516358, 11.457700, 4.101050, 38.055300, 11.562355, 0.023400, 0.012422, 22.805800, 10.335971, 15.249500, 10.335971, 3.894893, 0.465187, 10.617805, 1.896015, 9.412700, 6.294552, 6.247200, 3.428191, 81.455400, 32.159605, 0.000000, 0.000000, 0.000000, 0.000000, 0.000000, 0.000000, 0.000000, 0.000000, 0.000000, 0.000000, 0.000000, 0.000000, 0.000000, 0.000000, 0.000000, 0.000000, 0.000000, 0.000000, 0.000000, 0.000000, 0.000000, 0.000000, 0.000000, 0.000000, 0.000000, 0.000000, 0.000000, 0.000000
57, 96.868500, 32.635352, 11.482900, 4.110682, 39.800200, 12.198602, 0.023432, 0.012429, 24.109900, 10.917272, 15.690300, 10.917272, 3.838519, 0.441440, 10.622565, 1.894083, 9.453400, 6.311753, 6.266700, 3.435633, 81.736200, 32.292005, 0.000000, 0.000000, 0.000000, 0.000000, 0.000000, 0.000000, 0.000000, 0.000000, 0.000000, 0.000000, 0.000000, 0.000000, 0.000000, 0.000000, 0.000000, 0.000000, 0.000000, 0.000000, 0.000000, 0.000000, 0.000000, 0.000000, 0.000000, 0.000000, 0.000000, 0.000000, 0.000000, 0.000000
58, 97.094200, 32.747420, 11.512400, 4.121680, 41.538300, 12.822774, 0.023466, 0.012436, 25.422700, 11.510179, 16.115600, 11.510179, 3.785907, 0.418727, 10.624932, 1.887179, 9.497800, 6.327385, 6.286900, 3.442265, 81.986100, 32.415103, 0.000000, 0.000000, 0.000000, 0.000000, 0.000000, 0.000000, 0.000000, 0.000000, 0.000000, 0.000000, 0.000000, 0.000000, 0.000000, 0.000000, 0.000000, 0.000000, 0.000000, 0.000000, 0.000000, 0.000000, 0.000000, 0.000000, 0.000000, 0.000000, 0.000000, 0.000000, 0.000000, 0.000000
59, 97.290000, 32.842166, 11.541500, 4.131643, 43.058600, 13.404334, 0.023501, 0.012444, 26.565200, 12.034972, 16.493400, 12.034972, 3.747491, 0.402209, 10.628312, 1.885230, 9.544600, 6.346102, 6.304600, 3.449698, 82.211000, 32.522117, 0.000000, 0.000000, 0.000000, 0.000000, 0.000000, 0.000000, 0.000000, 0.000000, 0.000000, 0.000000, 0.000000, 0.000000, 0.000000, 0.000000, 0.000000, 0.000000, 0.000000, 0.000000, 0.000000, 0.000000, 0.000000, 0.000000, 0.000000, 0.000000, 0.000000, 0.000000, 0.000000, 0.000000
60, 97.471900, 32.924878, 11.571100, 4.144460, 44.367200, 13.901524, 0.023537, 0.012453, 27.543400, 12.477392, 16.823800, 12.477392, 3.720269, 0.389933, 10.632551, 1.882970, 9.587600, 6.367396, 6.319000, 3.457114, 82.421500, 32.621083, 0.000000, 0.000000, 0.000000, 0.000000, 0.000000, 0.000000, 0.000000, 0.000000, 0.000000, 0.000000, 0.000000, 0.000000, 0.000000, 0.000000, 0.000000, 0.000000, 0.000000, 0.000000, 0.000000, 0.000000, 0.000000, 0.000000, 0.000000, 0.000000, 0.000000, 0.000000, 0.000000, 0.000000
61, 97.631700, 32.996134, 11.601400, 4.158499, 45.463000, 14.321761, 0.023571, 0.012461, 28.360800, 12.853506, 17.102200, 12.853506, 3.702352, 0.380996, 10.635848, 1.881384, 9.634200, 6.388786, 6.332000, 3.462654, 82.614900, 32.712053, 0.000000, 0.000000, 0.000000, 0.000000, 0.000000, 0.000000, 0.000000, 0.000000, 0.000000, 0.000000, 0.000000, 0.000000, 0.000000, 0.000000, 0.000000, 0.000000, 0.000000, 0.000000, 0.000000, 0.000000, 0.000000, 0.000000, 0.000000, 0.000000, 0.000000, 0.000000, 0.000000, 0.000000
62, 97.759800, 33.049047, 11.632500, 4.168962, 46.379000, 14.684296, 0.023605, 0.012470, 29.032300, 13.183985, 17.346700, 13.183985, 3.691304, 0.373444, 10.636023, 1.875492, 9.677300, 6.408944, 6.343700, 3.469607, 82.774400, 32.781908, 0.000000, 0.000000, 0.000000, 0.000000, 0.000000, 0.000000, 0.000000, 0.000000, 0.000000, 0.000000, 0.000000, 0.000000, 0.000000, 0.000000, 0.000000, 0.000000, 0.000000, 0.000000, 0.000000, 0.000000, 0.000000, 0.000000, 0.000000, 0.000000, 0.000000, 0.000000, 0.000000, 0.000000
63, 97.874000, 33.106808, 11.658900, 4.173098, 47.140500, 15.020658, 0.023638, 0.012478, 29.598400, 13.480323, 17.542100, 13.480323, 3.685675, 0.367797, 10.637823, 1.871674, 9.720400, 6.425062, 6.354400, 3.474191, 82.921000, 32.859792, 0.000000, 0.000000, 0.000000, 0.000000, 0.000000, 0.000000, 0.000000, 0.000000, 0.000000, 0.000000, 0.000000, 0.000000, 0.000000, 0.000000, 0.000000, 0.000000, 0.000000, 0.000000, 0.000000, 0.000000, 0.000000, 0.000000, 0.000000, 0.000000, 0.000000, 0.000000, 0.000000, 0.000000
64, 97.987300, 33.159948, 11.685300, 4.183881, 47.753900, 15.263975, 0.023669, 0.012487, 30.054600, 13.687937, 17.699300, 13.687937, 3.684165, 0.364525, 10.640178, 1.870450, 9.762600, 6.441990, 6.365300, 3.480439, 83.065600, 32.928339, 0.000000, 0.000000, 0.000000, 0.000000, 0.000000, 0.000000, 0.000000, 0.000000, 0.000000, 0.000000, 0.000000, 0.000000, 0.000000, 0.000000, 0.000000, 0.000000, 0.000000, 0.000000, 0.000000, 0.000000, 0.000000, 0.000000, 0.000000, 0.000000, 0.000000, 0.000000, 0.000000, 0.000000
65, 98.086200, 33.204361, 11.712700, 4.195922, 48.275100, 15.466804, 0.023698, 0.012495, 30.427600, 13.856268, 17.847500, 13.856268, 3.684309, 0.363059, 10.640890, 1.869168, 9.798200, 6.461012, 6.374800, 3.486908, 83.190600, 32.988805, 0.000000, 0.000000, 0.000000, 0.000000, 0.000000, 0.000000, 0.000000, 0.000000, 0.000000, 0.000000, 0.000000, 0.000000, 0.000000, 0.000000, 0.000000, 0.000000, 0.000000, 0.000000, 0.000000, 0.000000, 0.000000, 0.000000, 0.000000, 0.000000, 0.000000, 0.000000, 0.000000, 0.000000
66, 98.174200, 33.246393, 11.740500, 4.207061, 48.717000, 15.646927, 0.023726, 0.012503, 30.747000, 14.006455, 17.970000, 14.006455, 3.685693, 0.360523, 10.640452, 1.868740, 9.832900, 6.472741, 6.383200, 3.492672, 83.304900, 33.042602, 0.000000, 0.000000, 0.000000, 0.000000, 0.000000, 0.000000, 0.000000, 0.000000, 0.000000, 0.000000, 0.000000, 0.000000, 0.000000, 0.000000, 0.000000, 0.000000, 0.000000, 0.000000, 0.000000, 0.000000, 0.000000, 0.000000, 0.000000, 0.000000, 0.000000, 0.000000, 0.000000, 0.000000
67, 98.252100, 33.285717, 11.764600, 4.221230, 49.122600, 15.799803, 0.023751, 0.012510, 31.042200, 14.129155, 18.080400, 14.129155, 3.686499, 0.358891, 10.641178, 1.867061, 9.865100, 6.486532, 6.390100, 3.495815, 83.408100, 33.097165, 0.000000, 0.000000, 0.000000, 0.000000, 0.000000, 0.000000, 0.000000, 0.000000, 0.000000, 0.000000, 0.000000, 0.000000, 0.000000, 0.000000, 0.000000, 0.000000, 0.000000, 0.000000, 0.000000, 0.000000, 0.000000, 0.000000, 0.000000, 0.000000, 0.000000, 0.000000, 0.000000, 0.000000
68, 98.315900, 33.316337, 11.788500, 4.229961, 49.473900, 15.931645, 0.023774, 0.012517, 31.291600, 14.244366, 18.182300, 14.244366, 3.687653, 0.357274, 10.639752, 1.863298, 9.894400, 6.496757, 6.397000, 3.499256, 83.494300, 33.139692, 0.000000, 0.000000, 0.000000, 0.000000, 0.000000, 0.000000, 0.000000, 0.000000, 0.000000, 0.000000, 0.000000, 0.000000, 0.000000, 0.000000, 0.000000, 0.000000, 0.000000, 0.000000, 0.000000, 0.000000, 0.000000, 0.000000, 0.000000, 0.000000, 0.000000, 0.000000, 0.000000, 0.000000
69, 98.383500, 33.343830, 11.810700, 4.238451, 49.784400, 16.054336, 0.023796, 0.012523, 31.512100, 14.346472, 18.272300, 14.346472, 3.688785, 0.355411, 10.637614, 1.859132, 9.922600, 6.509993, 6.404400, 3.503150, 83.582700, 33.178092, 0.000000, 0.000000, 0.000000, 0.000000, 0.000000, 0.000000, 0.000000, 0.000000, 0.000000, 0.000000, 0.000000, 0.000000, 0.000000, 0.000000, 0.000000, 0.000000, 0.000000, 0.000000, 0.000000, 0.000000, 0.000000, 0.000000, 0.000000, 0.000000, 0.000000, 0.000000, 0.000000, 0.000000
70, 98.442800, 33.376317, 11.829900, 4.243627, 50.083900, 16.176442, 0.023815, 0.012529, 31.714500, 14.447165, 18.369400, 14.447165, 3.689100, 0.354510, 10.635913, 1.856712, 9.946200, 6.518965, 6.410200, 3.506414, 83.659800, 33.218255, 0.000000, 0.000000, 0.000000, 0.000000, 0.000000, 0.000000, 0.000000, 0.000000, 0.000000, 0.000000, 0.000000, 0.000000, 0.000000, 0.000000, 0.000000, 0.000000, 0.000000, 0.000000, 0.000000, 0.000000, 0.000000, 0.000000, 0.000000, 0.000000, 0.000000, 0.000000, 0.000000, 0.000000
71, 98.494500, 33.399164, 11.851000, 4.252999, 50.364300, 16.285883, 0.023833, 0.012535, 31.916300, 14.533207, 18.448000, 14.533207, 3.688756, 0.353503, 10.633104, 1.853355, 9.967100, 6.526333, 6.415100, 3.508161, 83.727500, 33.249530, 0.000000, 0.000000, 0.000000, 0.000000, 0.000000, 0.000000, 0.000000, 0.000000, 0.000000, 0.000000, 0.000000, 0.000000, 0.000000, 0.000000, 0.000000, 0.000000, 0.000000, 0.000000, 0.000000, 0.000000, 0.000000, 0.000000, 0.000000, 0.000000, 0.000000, 0.000000, 0.000000, 0.000000
72, 98.543300, 33.418781, 11.866000, 4.258831, 50.633300, 16.396135, 0.023848, 0.012539, 32.100800, 14.623770, 18.532500, 14.623770, 3.687715, 0.352233, 10.632371, 1.850673, 9.985000, 6.537153, 6.420200, 3.511671, 83.789100, 33.278035, 0.000000, 0.000000, 0.000000, 0.000000, 0.000000, 0.000000, 0.000000, 0.000000, 0.000000, 0.000000, 0.000000, 0.000000, 0.000000, 0.000000, 0.000000, 0.000000, 0.000000, 0.000000, 0.000000, 0.000000, 0.000000, 0.000000, 0.000000, 0.000000, 0.000000, 0.000000, 0.000000, 0.000000
73, 98.584000, 33.437143, 11.881000, 4.264767, 50.871200, 16.505302, 0.023862, 0.012544, 32.268100, 14.716196, 18.603100, 14.716196, 3.687244, 0.351646, 10.631082, 1.848973, 10.002600, 6.542919, 6.424100, 3.513665, 83.843500, 33.302441, 0.000000, 0.000000, 0.000000, 0.000000, 0.000000, 0.000000, 0.000000, 0.000000, 0.000000, 0.000000, 0.000000, 0.000000, 0.000000, 0.000000, 0.000000, 0.000000, 0.000000, 0.000000, 0.000000, 0.000000, 0.000000, 0.000000, 0.000000, 0.000000, 0.000000, 0.000000, 0.000000, 0.000000
74, 98.622400, 33.456139, 11.896000, 4.271883, 51.091900, 16.588082, 0.023875, 0.012548, 32.426000, 14.785524, 18.665900, 14.785524, 3.686088, 0.350130, 10.628226, 1.843867, 10.020500, 6.551006, 6.427500, 3.516439, 83.896400, 33.330018, 0.000000, 0.000000, 0.000000, 0.000000, 0.000000, 0.000000, 0.000000, 0.000000, 0.000000, 0.000000, 0.000000, 0.000000, 0.000000, 0.000000, 0.000000, 0.000000, 0.000000, 0.000000, 0.000000, 0.000000, 0.000000, 0.000000, 0.000000, 0.000000, 0.000000, 0.000000, 0.000000, 0.000000
75, 98.657900, 33.473050, 11.912700, 4.277251, 51.315800, 16.684384, 0.023888, 0.012552, 32.578600, 14.861710, 18.737200, 14.861710, 3.684997, 0.349410, 10.624972, 1.843000, 10.038400, 6.559461, 6.430600, 3.517582, 83.946700, 33.355021, 0.000000, 0.000000, 0.000000, 0.000000, 0.000000, 0.000000, 0.000000, 0.000000, 0.000000, 0.000000, 0.000000, 0.000000, 0.000000, 0.000000, 0.000000, 0.000000, 0.000000, 0.000000, 0.000000, 0.000000, 0.000000, 0.000000, 0.000000, 0.000000, 0.000000, 0.000000, 0.000000, 0.000000
76, 98.694700, 33.490131, 11.924900, 4.280124, 51.513800, 16.775244, 0.023898, 0.012555, 32.711500, 14.929872, 18.802300, 14.929872, 3.683640, 0.348555, 10.622684, 1.839576, 10.051600, 6.564491, 6.434100, 3.519781, 83.993200, 33.376653, 0.000000, 0.000000, 0.000000, 0.000000, 0.000000, 0.000000, 0.000000, 0.000000, 0.000000, 0.000000, 0.000000, 0.000000, 0.000000, 0.000000, 0.000000, 0.000000, 0.000000, 0.000000, 0.000000, 0.000000, 0.000000, 0.000000, 0.000000, 0.000000, 0.000000, 0.000000, 0.000000, 0.000000
77, 98.727600, 33.504444, 11.936200, 4.285806, 51.685400, 16.849458, 0.023907, 0.012558, 32.822900, 14.982114, 18.862500, 14.982114, 3.682788, 0.347917, 10.621687, 1.841882, 10.063500, 6.572493, 6.436900, 3.521962, 84.035200, 33.395709, 0.000000, 0.000000, 0.000000, 0.000000, 0.000000, 0.000000, 0.000000, 0.000000, 0.000000, 0.000000, 0.000000, 0.000000, 0.000000, 0.000000, 0.000000, 0.000000, 0.000000, 0.000000, 0.000000, 0.000000, 0.000000, 0.000000, 0.000000, 0.000000, 0.000000, 0.000000, 0.000000, 0.000000
78, 98.754400, 33.517242, 11.945600, 4.289247, 51.859100, 16.933093, 0.023915, 0.012560, 32.941600, 15.044035, 18.917500, 15.044035, 3.681472, 0.347536, 10.619673, 1.839065, 10.074000, 6.576756, 6.438900, 3.522594, 84.070500, 33.415064, 0.000000, 0.000000, 0.000000, 0.000000, 0.000000, 0.000000, 0.000000, 0.000000, 0.000000, 0.000000, 0.000000, 0.000000, 0.000000, 0.000000, 0.000000, 0.000000, 0.000000, 0.000000, 0.000000, 0.000000, 0.000000, 0.000000, 0.000000, 0.000000, 0.000000, 0.000000, 0.000000, 0.000000
79, 98.782000, 33.529916, 11.953700, 4.293082, 52.002300, 16.995802, 0.023923, 0.012563, 33.038800, 15.087853, 18.963500, 15.087853, 3.680706, 0.346416, 10.618522, 1.837920, 10.083400, 6.581128, 6.442600, 3.524756, 84.103800, 33.432894, 0.000000, 0.000000, 0.000000, 0.000000, 0.000000, 0.000000, 0.000000, 0.000000, 0.000000, 0.000000, 0.000000, 0.000000, 0.000000, 0.000000, 0.000000, 0.000000, 0.000000, 0.000000, 0.000000, 0.000000, 0.000000, 0.000000, 0.000000, 0.000000, 0.000000, 0.000000, 0.000000, 0.000000
