1 0.749061 0.021056
1 0.501167 0.027503
1 -0.255407 0.030728
1 -0.769397 0.020301
1 0.830276 0.017714
1 0.409910 0.028989
1 0.907535 0.013348
1 0.858441 0.016301


2 0.886441 0.014710
2 -0.091128 0.031650
2 -0.589508 0.025672
2 -0.805583 0.018830
2 0.942264 0.010643
2 0.607655 0.025241
2 0.835339 0.017472
2 0.657086 0.023958


3 0.898779 0.013933
3 -0.076670 0.031689
3 -0.544905 0.026649
3 -0.604971 0.025306
3 0.941770 0.010687
3 0.615722 0.025043
3 0.825836 0.017922
3 0.793551 0.019340


4 0.627620 0.024743
4 -0.116657 0.031565
4 -0.628645 0.024717
4 -0.959973 0.008902
4 0.887224 0.014662
4 0.428763 0.028712
4 0.786707 0.019620
4 -0.736237 0.021508


5 0.881436 0.015011
5 0.167633 0.031332
5 0.229257 0.030936
5 -0.147547 0.031434
5 0.861027 0.016163
5 0.480746 0.027868
5 0.888390 0.014591
5 0.955183 0.009408


6 0.771193 0.020233
6 -0.428011 0.028724
6 0.469482 0.028062
6 0.892028 0.014365
6 0.564471 0.026235
6 0.226331 0.030957
6 0.121910 0.031545
6 0.926752 0.011940


