0, 18.285400, 3.675751, 0.000000, 0.000000, 0.000000, 0.000000, 0.000000, 0.000000, 0.000000, 0.000000, 0.000000, 0.000000, 0.000000, 0.000000, 0.000000, 0.000000, 0.000000, 0.000000, 0.000000, 0.000000, 0.000000, 0.000000, 0.000000, 0.000000, 0.000000, 0.000000, 0.000000, 0.000000, 0.000000, 0.000000, 0.000000, 0.000000, 0.000000, 0.000000, 0.000000, 0.000000, 0.000000, 0.000000, 0.000000, 0.000000, 0.000000, 0.000000, 0.000000, 0.000000, 0.000000, 0.000000, 0.000000, 0.000000, 0.000000, 0.000000
1, 18.285400, 3.675751, 0.000000, 0.000000, 0.000000, 0.000000, 0.000000, 0.000000, 0.000000, 0.000000, 0.000000, 0.000000, 0.000000, 0.000000, 0.000000, 0.000000, 0.000000, 0.000000, 0.000000, 0.000000, 0.000000, 0.000000, 0.000000, 0.000000, 0.000000, 0.000000, 0.000000, 0.000000, 0.000000, 0.000000, 0.000000, 0.000000, 0.000000, 0.000000, 0.000000, 0.000000, 0.000000, 0.000000, 0.000000, 0.000000, 0.000000, 0.000000, 0.000000, 0.000000, 0.000000, 0.000000, 0.000000, 0.000000, 0.000000, 0.000000
2, 18.285400, 3.675751, 0.000000, 0.000000, 0.000000, 0.000000, 0.000000, 0.000000, 0.000000, 0.000000, 0.000000, 0.000000, 0.000000, 0.000000, 0.000000, 0.000000, 0.000000, 0.000000, 0.000000, 0.000000, 0.000000, 0.000000, 0.000000, 0.000000, 0.000000, 0.000000, 0.000000, 0.000000, 0.000000, 0.000000, 0.000000, 0.000000, 0.000000, 0.000000, 0.000000, 0.000000, 0.000000, 0.000000, 0.000000, 0.000000, 0.000000, 0.000000, 0.000000, 0.000000, 0.000000, 0.000000, 0.000000, 0.000000, 0.000000, 0.000000
3, 18.285400, 3.675751, 0.000000, 0.000000, 0.000000, 0.000000, 0.000000, 0.000000, 0.000000, 0.000000, 0.000000, 0.000000, 0.000000, 0.000000, 0.000000, 0.000000, 0.000000, 0.000000, 0.000000, 0.000000, 0.000000, 0.000000, 0.000000, 0.000000, 0.000000, 0.000000, 0.000000, 0.000000, 0.000000, 0.000000, 0.000000, 0.000000, 0.000000, 0.000000, 0.000000, 0.000000, 0.000000, 0.000000, 0.000000, 0.000000, 0.000000, 0.000000, 0.000000, 0.000000, 0.000000, 0.000000, 0.000000, 0.000000, 0.000000, 0.000000
4, 18.285400, 3.675751, 0.000000, 0.000000, 0.000000, 0.000000, 0.000000, 0.000000, 0.000000, 0.000000, 0.000000, 0.000000, 0.000000, 0.000000, 0.000000, 0.000000, 0.000000, 0.000000, 0.000000, 0.000000, 0.000000, 0.000000, 0.000000, 0.000000, 0.000000, 0.000000, 0.000000, 0.000000, 0.000000, 0.000000, 0.000000, 0.000000, 0.000000, 0.000000, 0.000000, 0.000000, 0.000000, 0.000000, 0.000000, 0.000000, 0.000000, 0.000000, 0.000000, 0.000000, 0.000000, 0.000000, 0.000000, 0.000000, 0.000000, 0.000000
5, 18.285400, 3.675751, 0.000000, 0.000000, 0.000000, 0.000000, 0.000000, 0.000000, 0.000000, 0.000000, 0.000000, 0.000000, 0.000000, 0.000000, 0.000000, 0.000000, 0.000000, 0.000000, 0.000000, 0.000000, 0.000000, 0.000000, 0.000000, 0.000000, 0.000000, 0.000000, 0.000000, 0.000000, 0.000000, 0.000000, 0.000000, 0.000000, 0.000000, 0.000000, 0.000000, 0.000000, 0.000000, 0.000000, 0.000000, 0.000000, 0.000000, 0.000000, 0.000000, 0.000000, 0.000000, 0.000000, 0.000000, 0.000000, 0.000000, 0.000000
6, 18.310500, 3.683950, 0.000000, 0.000000, 0.000000, 0.000000, 0.000000, 0.000000, 0.000000, 0.000000, 0.000000, 0.000000, 0.000000, 0.000000, 0.000000, 0.000000, 0.000000, 0.000000, 0.002000, 0.044677, 0.023100, 0.152205, 0.000000, 0.000000, 0.000000, 0.000000, 0.000000, 0.000000, 0.000000, 0.000000, 0.000000, 0.000000, 0.000000, 0.000000, 0.000000, 0.000000, 0.000000, 0.000000, 0.000000, 0.000000, 0.000000, 0.000000, 0.000000, 0.000000, 0.000000, 0.000000, 0.000000, 0.000000, 0.000000, 0.000000
7, 18.726500, 3.826264, 0.000000, 0.000000, 0.000000, 0.000000, 0.000001, 0.000000, 0.000000, 0.000000, 0.000000, 0.000000, 0.000000, 0.000000, 0.000000, 0.000000, 0.001700, 0.041196, 0.033000, 0.180308, 0.409800, 0.652123, 0.000000, 0.000000, 0.000000, 0.000000, 0.000000, 0.000000, 0.000000, 0.000000, 0.000000, 0.000000, 0.000000, 0.000000, 0.000000, 0.000000, 0.000000, 0.000000, 0.000000, 0.000000, 0.000000, 0.000000, 0.000000, 0.000000, 0.000000, 0.000000, 0.000000, 0.000000, 0.000000, 0.000000
8, 19.608400, 4.096858, 0.000000, 0.000000, 10.179600, 2.912687, 0.000024, 0.000006, 0.000000, 0.000000, 10.179600, 0.000000, 1.075180, 0.009177, 0.000000, 0.000000, 0.017500, 0.131125, 0.096900, 0.311625, 1.243600, 1.149547, 0.000000, 0.000000, 0.000000, 0.000000, 0.000000, 0.000000, 0.000000, 0.000000, 0.000000, 0.000000, 0.000000, 0.000000, 0.000000, 0.000000, 0.000000, 0.000000, 0.000000, 0.000000, 0.000000, 0.000000, 0.000000, 0.000000, 0.000000, 0.000000, 0.000000, 0.000000, 0.000000, 0.000000
9, 21.359500, 4.609388, 0.019200, 0.139396, 12.042900, 3.104104, 0.000313, 0.000090, 0.001600, 0.042396, 12.041300, 0.042396, 2.416720, 0.155621, 0.096060, 0.693570, 0.110500, 0.332099, 0.232000, 0.486391, 2.952600, 1.844438, 0.000000, 0.000000, 0.000000, 0.000000, 0.000000, 0.000000, 0.000000, 0.000000, 0.000000, 0.000000, 0.000000, 0.000000, 0.000000, 0.000000, 0.000000, 0.000000, 0.000000, 0.000000, 0.000000, 0.000000, 0.000000, 0.000000, 0.000000, 0.000000, 0.000000, 0.000000, 0.000000, 0.000000
10, 24.165100, 5.430989, 6.244700, 2.306257, 5.738900, 2.265773, 0.002590, 0.000946, 0.232300, 0.498936, 5.506600, 0.498936, 4.457430, 0.583041, 6.024942, 0.516416, 0.511400, 0.749446, 0.458500, 0.683577, 5.932600, 2.829922, 0.000000, 0.000000, 0.000000, 0.000000, 0.000000, 0.000000, 0.000000, 0.000000, 0.000000, 0.000000, 0.000000, 0.000000, 0.000000, 0.000000, 0.000000, 0.000000, 0.000000, 0.000000, 0.000000, 0.000000, 0.000000, 0.000000, 0.000000, 0.000000, 0.000000, 0.000000, 0.000000, 0.000000
11, 27.467800, 6.356427, 6.736200, 2.315515, 4.990300, 2.142477, 0.009258, 0.004722, 0.541100, 0.781480, 4.449200, 0.781480, 6.085635, 1.174451, 8.617395, 1.414350, 1.447400, 1.382835, 0.766100, 0.893639, 9.863700, 4.036028, 0.000000, 0.000000, 0.000000, 0.000000, 0.000000, 0.000000, 0.000000, 0.000000, 0.000000, 0.000000, 0.000000, 0.000000, 0.000000, 0.000000, 0.000000, 0.000000, 0.000000, 0.000000, 0.000000, 0.000000, 0.000000, 0.000000, 0.000000, 0.000000, 0.000000, 0.000000, 0.000000, 0.000000
12, 31.068900, 7.380891, 6.700400, 2.291340, 4.903300, 2.126440, 0.013915, 0.008623, 0.696200, 0.907692, 4.207100, 0.907692, 6.587687, 1.430175, 9.477209, 1.938084, 2.053700, 1.828446, 1.077700, 1.084095, 13.759500, 5.217419, 0.000000, 0.000000, 0.000000, 0.000000, 0.000000, 0.000000, 0.000000, 0.000000, 0.000000, 0.000000, 0.000000, 0.000000, 0.000000, 0.000000, 0.000000, 0.000000, 0.000000, 0.000000, 0.000000, 0.000000, 0.000000, 0.000000, 0.000000, 0.000000, 0.000000, 0.000000, 0.000000, 0.000000
13, 34.504900, 8.387132, 6.691200, 2.284785, 4.892000, 2.125261, 0.014823, 0.009525, 0.716800, 0.925526, 4.175200, 0.925526, 6.659889, 1.472702, 9.601089, 2.018271, 2.196600, 1.936168, 1.329600, 1.218509, 17.086500, 6.247177, 0.000000, 0.000000, 0.000000, 0.000000, 0.000000, 0.000000, 0.000000, 0.000000, 0.000000, 0.000000, 0.000000, 0.000000, 0.000000, 0.000000, 0.000000, 0.000000, 0.000000, 0.000000, 0.000000, 0.000000, 0.000000, 0.000000, 0.000000, 0.000000, 0.000000, 0.000000, 0.000000, 0.000000
14, 37.447000, 9.232052, 6.693100, 2.285107, 4.886900, 2.124926, 0.014944, 0.009661, 0.720200, 0.928069, 4.166700, 0.928069, 6.669001, 1.480415, 9.613773, 2.027236, 2.221900, 1.962870, 1.543500, 1.319359, 19.840000, 7.079689, 0.000000, 0.000000, 0.000000, 0.000000, 0.000000, 0.000000, 0.000000, 0.000000, 0.000000, 0.000000, 0.000000, 0.000000, 0.000000, 0.000000, 0.000000, 0.000000, 0.000000, 0.000000, 0.000000, 0.000000, 0.000000, 0.000000, 0.000000, 0.000000, 0.000000, 0.000000, 0.000000, 0.000000
15, 39.856900, 9.921795, 6.692500, 2.284151, 4.886900, 2.124926, 0.014959, 0.009683, 0.720400, 0.928021, 4.166500, 0.928021, 6.670536, 1.481145, 9.616617, 2.028714, 2.226300, 1.967661, 1.720200, 1.407733, 22.077600, 7.751553, 0.000000, 0.000000, 0.000000, 0.000000, 0.000000, 0.000000, 0.000000, 0.000000, 0.000000, 0.000000, 0.000000, 0.000000, 0.000000, 0.000000, 0.000000, 0.000000, 0.000000, 0.000000, 0.000000, 0.000000, 0.000000, 0.000000, 0.000000, 0.000000, 0.000000, 0.000000, 0.000000, 0.000000
16, 41.810900, 10.501302, 6.693600, 2.284364, 5.079100, 2.199964, 0.014963, 0.009686, 0.782300, 0.972680, 4.296800, 0.972680, 6.594387, 1.472275, 9.617909, 2.027302, 2.230200, 1.969012, 1.863700, 1.471028, 23.892000, 8.304778, 0.000000, 0.000000, 0.000000, 0.000000, 0.000000, 0.000000, 0.000000, 0.000000, 0.000000, 0.000000, 0.000000, 0.000000, 0.000000, 0.000000, 0.000000, 0.000000, 0.000000, 0.000000, 0.000000, 0.000000, 0.000000, 0.000000, 0.000000, 0.000000, 0.000000, 0.000000, 0.000000, 0.000000
17, 43.451100, 10.974771, 6.725100, 2.292233, 5.445100, 2.334135, 0.014981, 0.009687, 0.916800, 1.071577, 4.528300, 1.071577, 6.469876, 1.450319, 9.608916, 2.025595, 2.246300, 1.972774, 1.987000, 1.521325, 25.425000, 8.765145, 0.000000, 0.000000, 0.000000, 0.000000, 0.000000, 0.000000, 0.000000, 0.000000, 0.000000, 0.000000, 0.000000, 0.000000, 0.000000, 0.000000, 0.000000, 0.000000, 0.000000, 0.000000, 0.000000, 0.000000, 0.000000, 0.000000, 0.000000, 0.000000, 0.000000, 0.000000, 0.000000, 0.000000
18, 44.762500, 11.365487, 6.824700, 2.320252, 6.025500, 2.523064, 0.015066, 0.009693, 1.170800, 1.218042, 4.854700, 1.218042, 6.296434, 1.402972, 9.594202, 2.004498, 2.289000, 1.988436, 2.089900, 1.565573, 26.676200, 9.153926, 0.000000, 0.000000, 0.000000, 0.000000, 0.000000, 0.000000, 0.000000, 0.000000, 0.000000, 0.000000, 0.000000, 0.000000, 0.000000, 0.000000, 0.000000, 0.000000, 0.000000, 0.000000, 0.000000, 0.000000, 0.000000, 0.000000, 0.000000, 0.000000, 0.000000, 0.000000, 0.000000, 0.000000
19, 46.196800, 11.829517, 7.060700, 2.391446, 7.089000, 2.862670, 0.015353, 0.009745, 1.723000, 1.520023, 5.366000, 1.520023, 6.039818, 1.318643, 9.588578, 1.976650, 2.416900, 2.052777, 2.205500, 1.612473, 28.122800, 9.633323, 0.000000, 0.000000, 0.000000, 0.000000, 0.000000, 0.000000, 0.000000, 0.000000, 0.000000, 0.000000, 0.000000, 0.000000, 0.000000, 0.000000, 0.000000, 0.000000, 0.000000, 0.000000, 0.000000, 0.000000, 0.000000, 0.000000, 0.000000, 0.000000, 0.000000, 0.000000, 0.000000, 0.000000
20, 47.768000, 12.345387, 7.489600, 2.514218, 8.441200, 3.202396, 0.015973, 0.009897, 2.638800, 1.929024, 5.802400, 1.929024, 5.822460, 1.199486, 9.630094, 1.958879, 2.674300, 2.183396, 2.337400, 1.671096, 29.819500, 10.197113, 0.000000, 0.000000, 0.000000, 0.000000, 0.000000, 0.000000, 0.000000, 0.000000, 0.000000, 0.000000, 0.000000, 0.000000, 0.000000, 0.000000, 0.000000, 0.000000, 0.000000, 0.000000, 0.000000, 0.000000, 0.000000, 0.000000, 0.000000, 0.000000, 0.000000, 0.000000, 0.000000, 0.000000
21, 49.605100, 12.943414, 8.128700, 2.739550, 9.607300, 3.487906, 0.017164, 0.010246, 3.639100, 2.338344, 5.968200, 2.338344, 5.785622, 1.094532, 9.775907, 1.942154, 3.146200, 2.442586, 2.498500, 1.738619, 31.967400, 10.948221, 0.000000, 0.000000, 0.000000, 0.000000, 0.000000, 0.000000, 0.000000, 0.000000, 0.000000, 0.000000, 0.000000, 0.000000, 0.000000, 0.000000, 0.000000, 0.000000, 0.000000, 0.000000, 0.000000, 0.000000, 0.000000, 0.000000, 0.000000, 0.000000, 0.000000, 0.000000, 0.000000, 0.000000
22, 51.688600, 13.631127, 8.837300, 2.958180, 10.186500, 3.675094, 0.019158, 0.010939, 4.306100, 2.623738, 5.880400, 2.623738, 5.971006, 1.092018, 10.060036, 1.946044, 3.927500, 2.913081, 2.694100, 1.816515, 34.636600, 11.883398, 0.000000, 0.000000, 0.000000, 0.000000, 0.000000, 0.000000, 0.000000, 0.000000, 0.000000, 0.000000, 0.000000, 0.000000, 0.000000, 0.000000, 0.000000, 0.000000, 0.000000, 0.000000, 0.000000, 0.000000, 0.000000, 0.000000, 0.000000, 0.000000, 0.000000, 0.000000, 0.000000, 0.000000
23, 54.108700, 14.463661, 9.456900, 3.155748, 10.397500, 3.736910, 0.021882, 0.012076, 4.728400, 2.763554, 5.669100, 2.763554, 6.237149, 1.141027, 10.429748, 2.031082, 4.927700, 3.507203, 2.940100, 1.928396, 37.810900, 13.058742, 0.000000, 0.000000, 0.000000, 0.000000, 0.000000, 0.000000, 0.000000, 0.000000, 0.000000, 0.000000, 0.000000, 0.000000, 0.000000, 0.000000, 0.000000, 0.000000, 0.000000, 0.000000, 0.000000, 0.000000, 0.000000, 0.000000, 0.000000, 0.000000, 0.000000, 0.000000, 0.000000, 0.000000
24, 56.732100, 15.385822, 9.920000, 3.288708, 10.447800, 3.759584, 0.024957, 0.013642, 5.013100, 2.844737, 5.434700, 2.844737, 6.504195, 1.206663, 10.791577, 2.118549, 5.991000, 4.147833, 3.199000, 2.034207, 41.238700, 14.323426, 0.000000, 0.000000, 0.000000, 0.000000, 0.000000, 0.000000, 0.000000, 0.000000, 0.000000, 0.000000, 0.000000, 0.000000, 0.000000, 0.000000, 0.000000, 0.000000, 0.000000, 0.000000, 0.000000, 0.000000, 0.000000, 0.000000, 0.000000, 0.000000, 0.000000, 0.000000, 0.000000, 0.000000
25, 59.610200, 16.442775, 10.256400, 3.385448, 10.472000, 3.798081, 0.027827, 0.015218, 5.228700, 2.890190, 5.243300, 2.890190, 6.722903, 1.263849, 11.086501, 2.171617, 6.984800, 4.752891, 3.455300, 2.138832, 44.854300, 15.678172, 0.000000, 0.000000, 0.000000, 0.000000, 0.000000, 0.000000, 0.000000, 0.000000, 0.000000, 0.000000, 0.000000, 0.000000, 0.000000, 0.000000, 0.000000, 0.000000, 0.000000, 0.000000, 0.000000, 0.000000, 0.000000, 0.000000, 0.000000, 0.000000, 0.000000, 0.000000, 0.000000, 0.000000
26, 62.609300, 17.548927, 10.498600, 3.450507, 10.525000, 3.826536, 0.030236, 0.016537, 5.414100, 2.953476, 5.110900, 2.953476, 6.882872, 1.292469, 11.328720, 2.233529, 7.806800, 5.212454, 3.727200, 2.242539, 48.403500, 16.976386, 0.000000, 0.000000, 0.000000, 0.000000, 0.000000, 0.000000, 0.000000, 0.000000, 0.000000, 0.000000, 0.000000, 0.000000, 0.000000, 0.000000, 0.000000, 0.000000, 0.000000, 0.000000, 0.000000, 0.000000, 0.000000, 0.000000, 0.000000, 0.000000, 0.000000, 0.000000, 0.000000, 0.000000
27, 65.569800, 18.589108, 10.690600, 3.507516, 10.606800, 3.860673, 0.032195, 0.017593, 5.585200, 3.025482, 5.021600, 3.025482, 6.996531, 1.315115, 11.509303, 2.273522, 8.472300, 5.570335, 3.991100, 2.360089, 51.765600, 18.189724, 0.000000, 0.000000, 0.000000, 0.000000, 0.000000, 0.000000, 0.000000, 0.000000, 0.000000, 0.000000, 0.000000, 0.000000, 0.000000, 0.000000, 0.000000, 0.000000, 0.000000, 0.000000, 0.000000, 0.000000, 0.000000, 0.000000, 0.000000, 0.000000, 0.000000, 0.000000, 0.000000, 0.000000
28, 68.394900, 19.587347, 10.847000, 3.545108, 10.788800, 3.946745, 0.033789, 0.018443, 5.786100, 3.093695, 5.002700, 3.093695, 7.057318, 1.330633, 11.639954, 2.295861, 9.050800, 5.903780, 4.230600, 2.462077, 54.929700, 19.332826, 0.000000, 0.000000, 0.000000, 0.000000, 0.000000, 0.000000, 0.000000, 0.000000, 0.000000, 0.000000, 0.000000, 0.000000, 0.000000, 0.000000, 0.000000, 0.000000, 0.000000, 0.000000, 0.000000, 0.000000, 0.000000, 0.000000, 0.000000, 0.000000, 0.000000, 0.000000, 0.000000, 0.000000
29, 71.109000, 20.522776, 11.015000, 3.591514, 11.134100, 4.088339, 0.035081, 0.019111, 6.113000, 3.226086, 5.021100, 3.226086, 7.060088, 1.327114, 11.725648, 2.287855, 9.539200, 6.190546, 4.449600, 2.551404, 57.913200, 20.372998, 0.000000, 0.000000, 0.000000, 0.000000, 0.000000, 0.000000, 0.000000, 0.000000, 0.000000, 0.000000, 0.000000, 0.000000, 0.000000, 0.000000, 0.000000, 0.000000, 0.000000, 0.000000, 0.000000, 0.000000, 0.000000, 0.000000, 0.000000, 0.000000, 0.000000, 0.000000, 0.000000, 0.000000
30, 73.657300, 21.412119, 11.196100, 3.642395, 11.637900, 4.242285, 0.036206, 0.019680, 6.566900, 3.393571, 5.071000, 3.393571, 7.020495, 1.296348, 11.793966, 2.295518, 9.991800, 6.436795, 4.660600, 2.641213, 60.703100, 21.360055, 0.000000, 0.000000, 0.000000, 0.000000, 0.000000, 0.000000, 0.000000, 0.000000, 0.000000, 0.000000, 0.000000, 0.000000, 0.000000, 0.000000, 0.000000, 0.000000, 0.000000, 0.000000, 0.000000, 0.000000, 0.000000, 0.000000, 0.000000, 0.000000, 0.000000, 0.000000, 0.000000, 0.000000
31, 76.142400, 22.306751, 11.416800, 3.722429, 12.310200, 4.421943, 0.037294, 0.020113, 7.168900, 3.625627, 5.141300, 3.625627, 6.950786, 1.255757, 11.851948, 2.289114, 10.463400, 6.659329, 4.865800, 2.718969, 63.454600, 22.365199, 0.000000, 0.000000, 0.000000, 0.000000, 0.000000, 0.000000, 0.000000, 0.000000, 0.000000, 0.000000, 0.000000, 0.000000, 0.000000, 0.000000, 0.000000, 0.000000, 0.000000, 0.000000, 0.000000, 0.000000, 0.000000, 0.000000, 0.000000, 0.000000, 0.000000, 0.000000, 0.000000, 0.000000
32, 78.556700, 23.149112, 11.678700, 3.801745, 13.099200, 4.698634, 0.038534, 0.020652, 7.882000, 3.912554, 5.217200, 3.912554, 6.881778, 1.217007, 11.909428, 2.278916, 11.026600, 6.938032, 5.079400, 2.798338, 66.218500, 23.348631, 0.000000, 0.000000, 0.000000, 0.000000, 0.000000, 0.000000, 0.000000, 0.000000, 0.000000, 0.000000, 0.000000, 0.000000, 0.000000, 0.000000, 0.000000, 0.000000, 0.000000, 0.000000, 0.000000, 0.000000, 0.000000, 0.000000, 0.000000, 0.000000, 0.000000, 0.000000, 0.000000, 0.000000
33, 81.022000, 24.027587, 11.999800, 3.903767, 13.829200, 4.952941, 0.040020, 0.021211, 8.593400, 4.185818, 5.235800, 4.185818, 6.841736, 1.170187, 11.980702, 2.278700, 11.740800, 7.262081, 5.295200, 2.888435, 69.182200, 24.427030, 0.000000, 0.000000, 0.000000, 0.000000, 0.000000, 0.000000, 0.000000, 0.000000, 0.000000, 0.000000, 0.000000, 0.000000, 0.000000, 0.000000, 0.000000, 0.000000, 0.000000, 0.000000, 0.000000, 0.000000, 0.000000, 0.000000, 0.000000, 0.000000, 0.000000, 0.000000, 0.000000, 0.000000
34, 83.492700, 24.908018, 12.323100, 4.007007, 14.528800, 5.146957, 0.041844, 0.021879, 9.294800, 4.431286, 5.234000, 4.431286, 6.824084, 1.132161, 12.075208, 2.265145, 12.643500, 7.677083, 5.521200, 2.978045, 72.329600, 25.586930, 0.000000, 0.000000, 0.000000, 0.000000, 0.000000, 0.000000, 0.000000, 0.000000, 0.000000, 0.000000, 0.000000, 0.000000, 0.000000, 0.000000, 0.000000, 0.000000, 0.000000, 0.000000, 0.000000, 0.000000, 0.000000, 0.000000, 0.000000, 0.000000, 0.000000, 0.000000, 0.000000, 0.000000
35, 86.087100, 25.823108, 12.656300, 4.106016, 15.125500, 5.328879, 0.043978, 0.022740, 9.917300, 4.639899, 5.208200, 4.639899, 6.836317, 1.110574, 12.183477, 2.265346, 13.680900, 8.193587, 5.769300, 3.076569, 75.713300, 26.863583, 0.000000, 0.000000, 0.000000, 0.000000, 0.000000, 0.000000, 0.000000, 0.000000, 0.000000, 0.000000, 0.000000, 0.000000, 0.000000, 0.000000, 0.000000, 0.000000, 0.000000, 0.000000, 0.000000, 0.000000, 0.000000, 0.000000, 0.000000, 0.000000, 0.000000, 0.000000, 0.000000, 0.000000
36, 88.737300, 26.747360, 12.947000, 4.206256, 15.585700, 5.481355, 0.046401, 0.023797, 10.439700, 4.821448, 5.146000, 4.821448, 6.879505, 1.104170, 12.317050, 2.266643, 14.850100, 8.764304, 6.023500, 3.184894, 79.278500, 28.201573, 0.000000, 0.000000, 0.000000, 0.000000, 0.000000, 0.000000, 0.000000, 0.000000, 0.000000, 0.000000, 0.000000, 0.000000, 0.000000, 0.000000, 0.000000, 0.000000, 0.000000, 0.000000, 0.000000, 0.000000, 0.000000, 0.000000, 0.000000, 0.000000, 0.000000, 0.000000, 0.000000, 0.000000
37, 91.846300, 27.905599, 13.113900, 4.265035, 15.970200, 5.605222, 0.048070, 0.024710, 10.836800, 4.948390, 5.133400, 4.948390, 6.879803, 1.092261, 12.396342, 2.283483, 15.712400, 9.296746, 6.287200, 3.295378, 82.986100, 29.615842, 0.000000, 0.000000, 0.000000, 0.000000, 0.000000, 0.000000, 0.000000, 0.000000, 0.000000, 0.000000, 0.000000, 0.000000, 0.000000, 0.000000, 0.000000, 0.000000, 0.000000, 0.000000, 0.000000, 0.000000, 0.000000, 0.000000, 0.000000, 0.000000, 0.000000, 0.000000, 0.000000, 0.000000
38, 95.229500, 29.227077, 13.116800, 4.266164, 16.202600, 5.679538, 0.048162, 0.024915, 11.019600, 5.013763, 5.183000, 5.013763, 6.840634, 1.079092, 12.397272, 2.283242, 15.803300, 9.492145, 6.530400, 3.383382, 86.217000, 30.855724, 0.000000, 0.000000, 0.000000, 0.000000, 0.000000, 0.000000, 0.000000, 0.000000, 0.000000, 0.000000, 0.000000, 0.000000, 0.000000, 0.000000, 0.000000, 0.000000, 0.000000, 0.000000, 0.000000, 0.000000, 0.000000, 0.000000, 0.000000, 0.000000, 0.000000, 0.000000, 0.000000, 0.000000
39, 98.121900, 30.350622, 13.120100, 4.267795, 16.473900, 5.761538, 0.048208, 0.025072, 11.225100, 5.095334, 5.248800, 5.095334, 6.795627, 1.069818, 12.398074, 2.282792, 15.842900, 9.601043, 6.733000, 3.464175, 88.946400, 31.906277, 0.000000, 0.000000, 0.000000, 0.000000, 0.000000, 0.000000, 0.000000, 0.000000, 0.000000, 0.000000, 0.000000, 0.000000, 0.000000, 0.000000, 0.000000, 0.000000, 0.000000, 0.000000, 0.000000, 0.000000, 0.000000, 0.000000, 0.000000, 0.000000, 0.000000, 0.000000, 0.000000, 0.000000
40, 100.554900, 31.299840, 13.125000, 4.268182, 16.735900, 5.837170, 0.048224, 0.025130, 11.432200, 5.171035, 5.303700, 5.171035, 6.752726, 1.058215, 12.397301, 2.281300, 15.865600, 9.653639, 6.900500, 3.528286, 91.234600, 32.793502, 0.000000, 0.000000, 0.000000, 0.000000, 0.000000, 0.000000, 0.000000, 0.000000, 0.000000, 0.000000, 0.000000, 0.000000, 0.000000, 0.000000, 0.000000, 0.000000, 0.000000, 0.000000, 0.000000, 0.000000, 0.000000, 0.000000, 0.000000, 0.000000, 0.000000, 0.000000, 0.000000, 0.000000
41, 102.615600, 32.101440, 13.129100, 4.268727, 16.990800, 5.908834, 0.048232, 0.025153, 11.632600, 5.245323, 5.358200, 5.245323, 6.712152, 1.046844, 12.397691, 2.280764, 15.883500, 9.680947, 7.045400, 3.587024, 93.168300, 33.538929, 0.000000, 0.000000, 0.000000, 0.000000, 0.000000, 0.000000, 0.000000, 0.000000, 0.000000, 0.000000, 0.000000, 0.000000, 0.000000, 0.000000, 0.000000, 0.000000, 0.000000, 0.000000, 0.000000, 0.000000, 0.000000, 0.000000, 0.000000, 0.000000, 0.000000, 0.000000, 0.000000, 0.000000
42, 104.357000, 32.790370, 13.133100, 4.269518, 17.260000, 5.989341, 0.048237, 0.025154, 11.843200, 5.324623, 5.416800, 5.324623, 6.670277, 1.033583, 12.398684, 2.280615, 15.900700, 9.685156, 7.157300, 3.638620, 94.815000, 34.177703, 0.000000, 0.000000, 0.000000, 0.000000, 0.000000, 0.000000, 0.000000, 0.000000, 0.000000, 0.000000, 0.000000, 0.000000, 0.000000, 0.000000, 0.000000, 0.000000, 0.000000, 0.000000, 0.000000, 0.000000, 0.000000, 0.000000, 0.000000, 0.000000, 0.000000, 0.000000, 0.000000, 0.000000
43, 105.860300, 33.374889, 13.137100, 4.272552, 17.494900, 6.056862, 0.048243, 0.025155, 12.031800, 5.396535, 5.463100, 5.396535, 6.636010, 1.022911, 12.400973, 2.281275, 15.917700, 9.690239, 7.261000, 3.680772, 96.231600, 34.716745, 0.000000, 0.000000, 0.000000, 0.000000, 0.000000, 0.000000, 0.000000, 0.000000, 0.000000, 0.000000, 0.000000, 0.000000, 0.000000, 0.000000, 0.000000, 0.000000, 0.000000, 0.000000, 0.000000, 0.000000, 0.000000, 0.000000, 0.000000, 0.000000, 0.000000, 0.000000, 0.000000, 0.000000
44, 107.148300, 33.876728, 13.143700, 4.275915, 17.748700, 6.133005, 0.048249, 0.025157, 12.233400, 5.467515, 5.515300, 5.467515, 6.598803, 1.012202, 12.401650, 2.280497, 15.937300, 9.696214, 7.346700, 3.716625, 97.453500, 35.190761, 0.000000, 0.000000, 0.000000, 0.000000, 0.000000, 0.000000, 0.000000, 0.000000, 0.000000, 0.000000, 0.000000, 0.000000, 0.000000, 0.000000, 0.000000, 0.000000, 0.000000, 0.000000, 0.000000, 0.000000, 0.000000, 0.000000, 0.000000, 0.000000, 0.000000, 0.000000, 0.000000, 0.000000
45, 108.265100, 34.315087, 13.150700, 4.276610, 17.981200, 6.205630, 0.048256, 0.025158, 12.418200, 5.542663, 5.563000, 5.542663, 6.566610, 1.004680, 12.401787, 2.280404, 15.958900, 9.702742, 7.421100, 3.751876, 98.517500, 35.605703, 0.000000, 0.000000, 0.000000, 0.000000, 0.000000, 0.000000, 0.000000, 0.000000, 0.000000, 0.000000, 0.000000, 0.000000, 0.000000, 0.000000, 0.000000, 0.000000, 0.000000, 0.000000, 0.000000, 0.000000, 0.000000, 0.000000, 0.000000, 0.000000, 0.000000, 0.000000, 0.000000, 0.000000
46, 109.263900, 34.720813, 13.158900, 4.277739, 18.230800, 6.278466, 0.048263, 0.025159, 12.615700, 5.611008, 5.615100, 5.611008, 6.531998, 0.997071, 12.401258, 2.277399, 15.982500, 9.708079, 7.491800, 3.780547, 99.469200, 35.991611, 0.000000, 0.000000, 0.000000, 0.000000, 0.000000, 0.000000, 0.000000, 0.000000, 0.000000, 0.000000, 0.000000, 0.000000, 0.000000, 0.000000, 0.000000, 0.000000, 0.000000, 0.000000, 0.000000, 0.000000, 0.000000, 0.000000, 0.000000, 0.000000, 0.000000, 0.000000, 0.000000, 0.000000
47, 110.169200, 35.097780, 13.168400, 4.281570, 18.455800, 6.356905, 0.048272, 0.025161, 12.802300, 5.688288, 5.653500, 5.688288, 6.503012, 0.989463, 12.401873, 2.275786, 16.008900, 9.716379, 7.548900, 3.801711, 100.343800, 36.351523, 0.000000, 0.000000, 0.000000, 0.000000, 0.000000, 0.000000, 0.000000, 0.000000, 0.000000, 0.000000, 0.000000, 0.000000, 0.000000, 0.000000, 0.000000, 0.000000, 0.000000, 0.000000, 0.000000, 0.000000, 0.000000, 0.000000, 0.000000, 0.000000, 0.000000, 0.000000, 0.000000, 0.000000
48, 110.987300, 35.431474, 13.177800, 4.284249, 18.695200, 6.429751, 0.048281, 0.025162, 12.996100, 5.759452, 5.699100, 5.759452, 6.471790, 0.981244, 12.402328, 2.272950, 16.037400, 9.723909, 7.605800, 3.823429, 101.133500, 36.674139, 0.000000, 0.000000, 0.000000, 0.000000, 0.000000, 0.000000, 0.000000, 0.000000, 0.000000, 0.000000, 0.000000, 0.000000, 0.000000, 0.000000, 0.000000, 0.000000, 0.000000, 0.000000, 0.000000, 0.000000, 0.000000, 0.000000, 0.000000, 0.000000, 0.000000, 0.000000, 0.000000, 0.000000
49, 111.735000, 35.716268, 13.190300, 4.287364, 18.931400, 6.504483, 0.048293, 0.025164, 13.184900, 5.831956, 5.746500, 5.831956, 6.442024, 0.972153, 12.402673, 2.269998, 16.067700, 9.734871, 7.655700, 3.846655, 101.861600, 36.955663, 0.000000, 0.000000, 0.000000, 0.000000, 0.000000, 0.000000, 0.000000, 0.000000, 0.000000, 0.000000, 0.000000, 0.000000, 0.000000, 0.000000, 0.000000, 0.000000, 0.000000, 0.000000, 0.000000, 0.000000, 0.000000, 0.000000, 0.000000, 0.000000, 0.000000, 0.000000, 0.000000, 0.000000
50, 112.439600, 35.991068, 13.205600, 4.292613, 19.185400, 6.595152, 0.048307, 0.025166, 13.391100, 5.915365, 5.794300, 5.915365, 6.410206, 0.961453, 12.403477, 2.269348, 16.101400, 9.742511, 7.706500, 3.862714, 102.549100, 37.225496, 0.000000, 0.000000, 0.000000, 0.000000, 0.000000, 0.000000, 0.000000, 0.000000, 0.000000, 0.000000, 0.000000, 0.000000, 0.000000, 0.000000, 0.000000, 0.000000, 0.000000, 0.000000, 0.000000, 0.000000, 0.000000, 0.000000, 0.000000, 0.000000, 0.000000, 0.000000, 0.000000, 0.000000
51, 113.078600, 36.254346, 13.221400, 4.297253, 29.756500, 8.874086, 0.048324, 0.025169, 20.528000, 8.325528, 9.228500, 8.325528, 5.078121, 0.718744, 12.403817, 2.261069, 16.141400, 9.753184, 7.749900, 3.879323, 103.184700, 37.484653, 0.000000, 0.000000, 0.000000, 0.000000, 0.000000, 0.000000, 0.000000, 0.000000, 0.000000, 0.000000, 0.000000, 0.000000, 0.000000, 0.000000, 0.000000, 0.000000, 0.000000, 0.000000, 0.000000, 0.000000, 0.000000, 0.000000, 0.000000, 0.000000, 0.000000, 0.000000, 0.000000, 0.000000
52, 113.662000, 36.503451, 13.238800, 4.302299, 33.633300, 9.857983, 0.048345, 0.025172, 23.333000, 9.312911, 10.300300, 9.312911, 4.778730, 0.649798, 12.405722, 2.259803, 16.185300, 9.763133, 7.788300, 3.893955, 103.773600, 37.733457, 0.000000, 0.000000, 0.000000, 0.000000, 0.000000, 0.000000, 0.000000, 0.000000, 0.000000, 0.000000, 0.000000, 0.000000, 0.000000, 0.000000, 0.000000, 0.000000, 0.000000, 0.000000, 0.000000, 0.000000, 0.000000, 0.000000, 0.000000, 0.000000, 0.000000, 0.000000, 0.000000, 0.000000
53, 114.181300, 36.712489, 13.257500, 4.307829, 35.896000, 10.497227, 0.048369, 0.025176, 25.090300, 9.943759, 10.805700, 9.943759, 4.649118, 0.608329, 12.408187, 2.257623, 16.231800, 9.774859, 7.825100, 3.905497, 104.302600, 37.947606, 0.000000, 0.000000, 0.000000, 0.000000, 0.000000, 0.000000, 0.000000, 0.000000, 0.000000, 0.000000, 0.000000, 0.000000, 0.000000, 0.000000, 0.000000, 0.000000, 0.000000, 0.000000, 0.000000, 0.000000, 0.000000, 0.000000, 0.000000, 0.000000, 0.000000, 0.000000, 0.000000, 0.000000
54, 114.653900, 36.916361, 13.282900, 4.314912, 37.945100, 11.099328, 0.048399, 0.025181, 26.741200, 10.537012, 11.203900, 10.537012, 4.549003, 0.572321, 12.407582, 2.253393, 16.285400, 9.788072, 7.862800, 3.921629, 104.791100, 38.154670, 0.000000, 0.000000, 0.000000, 0.000000, 0.000000, 0.000000, 0.000000, 0.000000, 0.000000, 0.000000, 0.000000, 0.000000, 0.000000, 0.000000, 0.000000, 0.000000, 0.000000, 0.000000, 0.000000, 0.000000, 0.000000, 0.000000, 0.000000, 0.000000, 0.000000, 0.000000, 0.000000, 0.000000
55, 115.098500, 37.101650, 13.312300, 4.322912, 40.038400, 11.754749, 0.048433, 0.025186, 28.452200, 11.171800, 11.586200, 11.171800, 4.456762, 0.538854, 12.405628, 2.242143, 16.341500, 9.804462, 7.894300, 3.932903, 105.260300, 38.349883, 0.000000, 0.000000, 0.000000, 0.000000, 0.000000, 0.000000, 0.000000, 0.000000, 0.000000, 0.000000, 0.000000, 0.000000, 0.000000, 0.000000, 0.000000, 0.000000, 0.000000, 0.000000, 0.000000, 0.000000, 0.000000, 0.000000, 0.000000, 0.000000, 0.000000, 0.000000, 0.000000, 0.000000
56, 115.481500, 37.261128, 13.341900, 4.329134, 42.253000, 12.449016, 0.048472, 0.025192, 30.268200, 11.852125, 11.984800, 11.852125, 4.365504, 0.505780, 12.405478, 2.238274, 16.402700, 9.819610, 7.926100, 3.945864, 105.672700, 38.518541, 0.000000, 0.000000, 0.000000, 0.000000, 0.000000, 0.000000, 0.000000, 0.000000, 0.000000, 0.000000, 0.000000, 0.000000, 0.000000, 0.000000, 0.000000, 0.000000, 0.000000, 0.000000, 0.000000, 0.000000, 0.000000, 0.000000, 0.000000, 0.000000, 0.000000, 0.000000, 0.000000, 0.000000
57, 115.830700, 37.403466, 13.372800, 4.341937, 44.595800, 13.206855, 0.048514, 0.025199, 32.196900, 12.599846, 12.398900, 12.599846, 4.275645, 0.474413, 12.407157, 2.235170, 16.469200, 9.837055, 7.952700, 3.953892, 106.061800, 38.674930, 0.000000, 0.000000, 0.000000, 0.000000, 0.000000, 0.000000, 0.000000, 0.000000, 0.000000, 0.000000, 0.000000, 0.000000, 0.000000, 0.000000, 0.000000, 0.000000, 0.000000, 0.000000, 0.000000, 0.000000, 0.000000, 0.000000, 0.000000, 0.000000, 0.000000, 0.000000, 0.000000, 0.000000
58, 116.129200, 37.530978, 13.404900, 4.352190, 47.056900, 14.052788, 0.048559, 0.025207, 34.215600, 13.397892, 12.841300, 13.397892, 4.188585, 0.447506, 12.408211, 2.228413, 16.534700, 9.857545, 7.976500, 3.962240, 106.402000, 38.819722, 0.000000, 0.000000, 0.000000, 0.000000, 0.000000, 0.000000, 0.000000, 0.000000, 0.000000, 0.000000, 0.000000, 0.000000, 0.000000, 0.000000, 0.000000, 0.000000, 0.000000, 0.000000, 0.000000, 0.000000, 0.000000, 0.000000, 0.000000, 0.000000, 0.000000, 0.000000, 0.000000, 0.000000
59, 116.395700, 37.647126, 13.437700, 4.365079, 49.270000, 14.803685, 0.048606, 0.025215, 36.033600, 14.098123, 13.236400, 14.098123, 4.120520, 0.427655, 12.407986, 2.221288, 16.606100, 9.876089, 7.999300, 3.972745, 106.717100, 38.954148, 0.000000, 0.000000, 0.000000, 0.000000, 0.000000, 0.000000, 0.000000, 0.000000, 0.000000, 0.000000, 0.000000, 0.000000, 0.000000, 0.000000, 0.000000, 0.000000, 0.000000, 0.000000, 0.000000, 0.000000, 0.000000, 0.000000, 0.000000, 0.000000, 0.000000, 0.000000, 0.000000, 0.000000
60, 116.638000, 37.751675, 13.469600, 4.375074, 51.124800, 15.466920, 0.048653, 0.025224, 37.549300, 14.704454, 13.575500, 14.704454, 4.073521, 0.409893, 12.409239, 2.217788, 16.674100, 9.901277, 8.019800, 3.978543, 107.006900, 39.083923, 0.000000, 0.000000, 0.000000, 0.000000, 0.000000, 0.000000, 0.000000, 0.000000, 0.000000, 0.000000, 0.000000, 0.000000, 0.000000, 0.000000, 0.000000, 0.000000, 0.000000, 0.000000, 0.000000, 0.000000, 0.000000, 0.000000, 0.000000, 0.000000, 0.000000, 0.000000, 0.000000, 0.000000
61, 116.853300, 37.837833, 13.504300, 4.390305, 52.654000, 16.033449, 0.048701, 0.025233, 38.791400, 15.223767, 13.862600, 15.223767, 4.042963, 0.398909, 12.408971, 2.213910, 16.742100, 9.923759, 8.038500, 3.986630, 107.271500, 39.195875, 0.000000, 0.000000, 0.000000, 0.000000, 0.000000, 0.000000, 0.000000, 0.000000, 0.000000, 0.000000, 0.000000, 0.000000, 0.000000, 0.000000, 0.000000, 0.000000, 0.000000, 0.000000, 0.000000, 0.000000, 0.000000, 0.000000, 0.000000, 0.000000, 0.000000, 0.000000, 0.000000, 0.000000
62, 117.043900, 37.900913, 13.537200, 4.399888, 53.903100, 16.497882, 0.048748, 0.025242, 39.801900, 15.645749, 14.101200, 15.645749, 4.024035, 0.390043, 12.407780, 2.204865, 16.803700, 9.942986, 8.055500, 3.993773, 107.506700, 39.281815, 0.000000, 0.000000, 0.000000, 0.000000, 0.000000, 0.000000, 0.000000, 0.000000, 0.000000, 0.000000, 0.000000, 0.000000, 0.000000, 0.000000, 0.000000, 0.000000, 0.000000, 0.000000, 0.000000, 0.000000, 0.000000, 0.000000, 0.000000, 0.000000, 0.000000, 0.000000, 0.000000, 0.000000
63, 117.213700, 37.961473, 13.568700, 4.408569, 54.905100, 16.880068, 0.048794, 0.025252, 40.606800, 15.999306, 14.298300, 15.999306, 4.013983, 0.383581, 12.407233, 2.200854, 16.864500, 9.963862, 8.068000, 3.997996, 107.724800, 39.368186, 0.000000, 0.000000, 0.000000, 0.000000, 0.000000, 0.000000, 0.000000, 0.000000, 0.000000, 0.000000, 0.000000, 0.000000, 0.000000, 0.000000, 0.000000, 0.000000, 0.000000, 0.000000, 0.000000, 0.000000, 0.000000, 0.000000, 0.000000, 0.000000, 0.000000, 0.000000, 0.000000, 0.000000
64, 117.362300, 38.026307, 13.605500, 4.422835, 55.730800, 17.183956, 0.048839, 0.025261, 41.272900, 16.274060, 14.457900, 16.274060, 4.009443, 0.380261, 12.404445, 2.195728, 16.921400, 9.980482, 8.080700, 4.003172, 107.917600, 39.451522, 0.000000, 0.000000, 0.000000, 0.000000, 0.000000, 0.000000, 0.000000, 0.000000, 0.000000, 0.000000, 0.000000, 0.000000, 0.000000, 0.000000, 0.000000, 0.000000, 0.000000, 0.000000, 0.000000, 0.000000, 0.000000, 0.000000, 0.000000, 0.000000, 0.000000, 0.000000, 0.000000, 0.000000
65, 117.493700, 38.081165, 13.639600, 4.435213, 56.437200, 17.427532, 0.048881, 0.025270, 41.843300, 16.496265, 14.593900, 16.496265, 4.006901, 0.376212, 12.401186, 2.192105, 16.977100, 9.998469, 8.093600, 4.007997, 108.091800, 39.524579, 0.000000, 0.000000, 0.000000, 0.000000, 0.000000, 0.000000, 0.000000, 0.000000, 0.000000, 0.000000, 0.000000, 0.000000, 0.000000, 0.000000, 0.000000, 0.000000, 0.000000, 0.000000, 0.000000, 0.000000, 0.000000, 0.000000, 0.000000, 0.000000, 0.000000, 0.000000, 0.000000, 0.000000
66, 117.608800, 38.121872, 13.670400, 4.447737, 57.021900, 17.633962, 0.048921, 0.025278, 42.308500, 16.685189, 14.713400, 16.685189, 4.006995, 0.373044, 12.397645, 2.187360, 17.032000, 10.015357, 8.103100, 4.011592, 108.252300, 39.585278, 0.000000, 0.000000, 0.000000, 0.000000, 0.000000, 0.000000, 0.000000, 0.000000, 0.000000, 0.000000, 0.000000, 0.000000, 0.000000, 0.000000, 0.000000, 0.000000, 0.000000, 0.000000, 0.000000, 0.000000, 0.000000, 0.000000, 0.000000, 0.000000, 0.000000, 0.000000, 0.000000, 0.000000
67, 117.708400, 38.160631, 13.697400, 4.460026, 57.523700, 17.813210, 0.048958, 0.025287, 42.702800, 16.844295, 14.820900, 16.844295, 4.008314, 0.371488, 12.396054, 2.184798, 17.082000, 10.033966, 8.113000, 4.015574, 108.392000, 39.645289, 0.000000, 0.000000, 0.000000, 0.000000, 0.000000, 0.000000, 0.000000, 0.000000, 0.000000, 0.000000, 0.000000, 0.000000, 0.000000, 0.000000, 0.000000, 0.000000, 0.000000, 0.000000, 0.000000, 0.000000, 0.000000, 0.000000, 0.000000, 0.000000, 0.000000, 0.000000, 0.000000, 0.000000
68, 117.797300, 38.198532, 13.727700, 4.471236, 57.983700, 17.994611, 0.048993, 0.025294, 43.058000, 17.004965, 14.925700, 17.004965, 4.009277, 0.369835, 12.390878, 2.181003, 17.129500, 10.047265, 8.120000, 4.017263, 108.521400, 39.704198, 0.000000, 0.000000, 0.000000, 0.000000, 0.000000, 0.000000, 0.000000, 0.000000, 0.000000, 0.000000, 0.000000, 0.000000, 0.000000, 0.000000, 0.000000, 0.000000, 0.000000, 0.000000, 0.000000, 0.000000, 0.000000, 0.000000, 0.000000, 0.000000, 0.000000, 0.000000, 0.000000, 0.000000
69, 117.878400, 38.234636, 13.756000, 4.482752, 58.398900, 18.152983, 0.049024, 0.025302, 43.389600, 17.153694, 15.009300, 17.153694, 4.009805, 0.368371, 12.386385, 2.177416, 17.173500, 10.063995, 8.126800, 4.020761, 108.639700, 39.755041, 0.000000, 0.000000, 0.000000, 0.000000, 0.000000, 0.000000, 0.000000, 0.000000, 0.000000, 0.000000, 0.000000, 0.000000, 0.000000, 0.000000, 0.000000, 0.000000, 0.000000, 0.000000, 0.000000, 0.000000, 0.000000, 0.000000, 0.000000, 0.000000, 0.000000, 0.000000, 0.000000, 0.000000
70, 117.957400, 38.259757, 13.782900, 4.493503, 58.781200, 18.283165, 0.049053, 0.025308, 43.686200, 17.257385, 15.095000, 17.257385, 4.009728, 0.366423, 12.380971, 2.174708, 17.210800, 10.079383, 8.133400, 4.021617, 108.749400, 39.801078, 0.000000, 0.000000, 0.000000, 0.000000, 0.000000, 0.000000, 0.000000, 0.000000, 0.000000, 0.000000, 0.000000, 0.000000, 0.000000, 0.000000, 0.000000, 0.000000, 0.000000, 0.000000, 0.000000, 0.000000, 0.000000, 0.000000, 0.000000, 0.000000, 0.000000, 0.000000, 0.000000, 0.000000
71, 118.038000, 38.292503, 13.806300, 4.502797, 59.145300, 18.428619, 0.049079, 0.025314, 43.971700, 17.378795, 15.173600, 17.378795, 4.009089, 0.365590, 12.377241, 2.173492, 17.240600, 10.088772, 8.140100, 4.024410, 108.853100, 39.845004, 0.000000, 0.000000, 0.000000, 0.000000, 0.000000, 0.000000, 0.000000, 0.000000, 0.000000, 0.000000, 0.000000, 0.000000, 0.000000, 0.000000, 0.000000, 0.000000, 0.000000, 0.000000, 0.000000, 0.000000, 0.000000, 0.000000, 0.000000, 0.000000, 0.000000, 0.000000, 0.000000, 0.000000
72, 118.107500, 38.323666, 13.828700, 4.512843, 59.481400, 18.549670, 0.049103, 0.025320, 44.237400, 17.485498, 15.244000, 17.485498, 4.007922, 0.364151, 12.373202, 2.170042, 17.268300, 10.097045, 8.145600, 4.026463, 108.944800, 39.883610, 0.000000, 0.000000, 0.000000, 0.000000, 0.000000, 0.000000, 0.000000, 0.000000, 0.000000, 0.000000, 0.000000, 0.000000, 0.000000, 0.000000, 0.000000, 0.000000, 0.000000, 0.000000, 0.000000, 0.000000, 0.000000, 0.000000, 0.000000, 0.000000, 0.000000, 0.000000, 0.000000, 0.000000
73, 118.170100, 38.355270, 13.848600, 4.521380, 59.799000, 18.675594, 0.049124, 0.025324, 44.476900, 17.592210, 15.322100, 17.592210, 4.006459, 0.363451, 12.368651, 2.166178, 17.294500, 10.104146, 8.150300, 4.027420, 109.028900, 39.921647, 0.000000, 0.000000, 0.000000, 0.000000, 0.000000, 0.000000, 0.000000, 0.000000, 0.000000, 0.000000, 0.000000, 0.000000, 0.000000, 0.000000, 0.000000, 0.000000, 0.000000, 0.000000, 0.000000, 0.000000, 0.000000, 0.000000, 0.000000, 0.000000, 0.000000, 0.000000, 0.000000, 0.000000
74, 118.224600, 38.376956, 13.868300, 4.530757, 60.086800, 18.776333, 0.049143, 0.025329, 44.692900, 17.673177, 15.393900, 17.673177, 4.004879, 0.361737, 12.363631, 2.162569, 17.321400, 10.110287, 8.156400, 4.028789, 109.104200, 39.952816, 0.000000, 0.000000, 0.000000, 0.000000, 0.000000, 0.000000, 0.000000, 0.000000, 0.000000, 0.000000, 0.000000, 0.000000, 0.000000, 0.000000, 0.000000, 0.000000, 0.000000, 0.000000, 0.000000, 0.000000, 0.000000, 0.000000, 0.000000, 0.000000, 0.000000, 0.000000, 0.000000, 0.000000
75, 118.279200, 38.398771, 13.887600, 4.536008, 60.375800, 18.911038, 0.049162, 0.025333, 44.920600, 17.792046, 15.455200, 17.792046, 4.003503, 0.360448, 12.358076, 2.156036, 17.344000, 10.117562, 8.161300, 4.029229, 109.176500, 39.983456, 0.000000, 0.000000, 0.000000, 0.000000, 0.000000, 0.000000, 0.000000, 0.000000, 0.000000, 0.000000, 0.000000, 0.000000, 0.000000, 0.000000, 0.000000, 0.000000, 0.000000, 0.000000, 0.000000, 0.000000, 0.000000, 0.000000, 0.000000, 0.000000, 0.000000, 0.000000, 0.000000, 0.000000
76, 118.328400, 38.417748, 13.906100, 4.543466, 60.636600, 19.005634, 0.049177, 0.025337, 45.121100, 17.872925, 15.515500, 17.872925, 4.001305, 0.359584, 12.352067, 2.150889, 17.365800, 10.126746, 8.166600, 4.031630, 109.242200, 40.007786, 0.000000, 0.000000, 0.000000, 0.000000, 0.000000, 0.000000, 0.000000, 0.000000, 0.000000, 0.000000, 0.000000, 0.000000, 0.000000, 0.000000, 0.000000, 0.000000, 0.000000, 0.000000, 0.000000, 0.000000, 0.000000, 0.000000, 0.000000, 0.000000, 0.000000, 0.000000, 0.000000, 0.000000
77, 118.367300, 38.433017, 13.920500, 4.548448, 60.869800, 19.092335, 0.049191, 0.025340, 45.296300, 17.949103, 15.573500, 17.949103, 3.999504, 0.359320, 12.348129, 2.148508, 17.382900, 10.131707, 8.170800, 4.033141, 109.294000, 40.030583, 0.000000, 0.000000, 0.000000, 0.000000, 0.000000, 0.000000, 0.000000, 0.000000, 0.000000, 0.000000, 0.000000, 0.000000, 0.000000, 0.000000, 0.000000, 0.000000, 0.000000, 0.000000, 0.000000, 0.000000, 0.000000, 0.000000, 0.000000, 0.000000, 0.000000, 0.000000, 0.000000, 0.000000
78, 118.402100, 38.452321, 13.935000, 4.553326, 61.083600, 19.181444, 0.049203, 0.025343, 45.457500, 18.024100, 15.626100, 18.024100, 3.997838, 0.358778, 12.343872, 2.146402, 17.399700, 10.137876, 8.173300, 4.035129, 109.343100, 40.054500, 0.000000, 0.000000, 0.000000, 0.000000, 0.000000, 0.000000, 0.000000, 0.000000, 0.000000, 0.000000, 0.000000, 0.000000, 0.000000, 0.000000, 0.000000, 0.000000, 0.000000, 0.000000, 0.000000, 0.000000, 0.000000, 0.000000, 0.000000, 0.000000, 0.000000, 0.000000, 0.000000, 0.000000
79, 118.437700, 38.464642, 13.946400, 4.561834, 61.286800, 19.258726, 0.049214, 0.025345, 45.612300, 18.085552, 15.674500, 18.085552, 3.995983, 0.358225, 12.341662, 2.145621, 17.413000, 10.142131, 8.176700, 4.035552, 109.388600, 40.071850, 0.000000, 0.000000, 0.000000, 0.000000, 0.000000, 0.000000, 0.000000, 0.000000, 0.000000, 0.000000, 0.000000, 0.000000, 0.000000, 0.000000, 0.000000, 0.000000, 0.000000, 0.000000, 0.000000, 0.000000, 0.000000, 0.000000, 0.000000, 0.000000, 0.000000, 0.000000, 0.000000, 0.000000
