0.054868, 1.911424, 1.421580, 1.191295, 1.676649, 3.642942, 4.344393
0.068178, 1.689553, 1.371184, 0.972902, 1.531402, 3.289133, 3.943665
0.086250, 1.497900, 1.342985, 0.793664, 1.417711, 3.001861, 3.640610
0.115804, 1.349551, 1.348460, 0.661701, 1.324757, 2.790112, 3.450723
0.161419, 1.173876, 1.292969, 0.564294, 1.185179, 2.520474, 3.203862
0.221585, 0.987359, 1.241075, 0.481088, 1.105258, 2.314202, 3.049006
0.284781, 0.573217, 1.098210, 0.260365, 0.997394, 1.855392, 2.640750
0.371628, 0.333291, 1.018200, 0.212225, 0.913497, 1.618417, 2.515550
0.417074, 0.222444, 0.968008, 0.269602, 0.831358, 1.470876, 2.486043
0.526912, 0.142849, 0.949628, 0.422400, 0.759972, 1.429732, 2.658911
0.614626, 0.103209, 0.921138, 0.616759, 0.734118, 1.451953, 2.886641
0.695613, 0.076600, 0.905708, 0.870219, 0.691680, 1.463893, 3.163220
0.768153, 0.084711, 0.879610, 1.131354, 0.656285, 1.509148, 3.435401
0.822657, 0.103207, 0.847860, 1.456273, 0.654326, 1.580190, 3.781116
0.914685, 0.129732, 0.837682, 1.789142, 0.664794, 1.709211, 4.206303
1.025992, 0.190609, 0.837981, 2.203426, 0.682706, 1.899306, 4.750104
1.081981, 0.250261, 0.794840, 2.572699, 0.727301, 2.059544, 5.176821
1.216243, 0.345817, 0.786999, 3.133511, 0.776047, 2.338107, 5.912800
1.316720, 0.442735, 0.777544, 3.627166, 0.846205, 2.605660, 6.567636
1.365642, 0.524910, 0.750228, 4.083077, 0.882588, 2.773141, 7.081535
0.356932, 0.747350, 1.225225, 0.966529, 0.771533, 1.875815, 3.320219
0.359074, 0.728072, 1.203296, 0.976666, 0.777346, 1.864492, 3.316382
0.399893, 0.713102, 1.195623, 1.008754, 0.769965, 1.882960, 3.374234
0.379103, 0.708028, 1.175934, 0.975839, 0.765035, 1.852166, 3.295911
0.407768, 0.705507, 1.181398, 0.983472, 0.757768, 1.871043, 3.330406
0.400730, 0.692552, 1.178455, 0.927947, 0.758697, 1.851979, 3.265829
0.435434, 0.455465, 1.097966, 0.773587, 0.754328, 1.645228, 3.061316
0.409613, 0.255969, 0.998885, 0.583898, 0.744302, 1.409884, 2.736698
0.502631, 0.160957, 0.920660, 0.550378, 0.736798, 1.400386, 2.710468
0.561903, 0.123535, 0.923014, 0.511360, 0.766054, 1.451492, 2.762332
0.552687, 0.110945, 0.930077, 0.457341, 0.744667, 1.408298, 2.684772
0.594490, 0.093622, 0.924483, 0.472568, 0.737131, 1.425242, 2.728672
0.651716, 0.093922, 0.923313, 0.418297, 0.737798, 1.483436, 2.731123
0.687891, 0.091622, 0.915237, 0.376921, 0.735759, 1.515272, 2.715809
0.739384, 0.088179, 0.925766, 0.376103, 0.723870, 1.551432, 2.765122
0.886195, 0.086592, 0.935049, 0.382106, 0.703832, 1.676618, 2.907181
0.854533, 0.094399, 0.947225, 0.334887, 0.722480, 1.671412, 2.859125
0.993617, 0.096679, 0.943875, 0.334750, 0.706119, 1.796415, 2.978361
1.101072, 0.102666, 0.941498, 0.309511, 0.689101, 1.892840, 3.041182
1.165376, 0.108879, 0.957723, 0.294701, 0.686720, 1.960975, 3.104520
1.089669, 0.292198, 0.770131, 1.343482, 0.701143, 2.083009, 3.904424
1.039935, 0.258747, 0.803344, 1.328684, 0.689158, 1.987841, 3.861121
0.898657, 0.212152, 0.804980, 1.122376, 0.692887, 1.803696, 3.518900
0.844727, 0.179636, 0.813844, 1.081942, 0.694446, 1.718809, 3.434959
0.723385, 0.157748, 0.829053, 0.943282, 0.714513, 1.595646, 3.210233
0.620013, 0.139958, 0.855382, 0.818120, 0.741080, 1.501050, 3.034595
0.653928, 0.127318, 0.860096, 0.758104, 0.722470, 1.503716, 2.994598
0.586596, 0.121745, 0.904348, 0.647509, 0.725329, 1.433670, 2.863782
0.578056, 0.114180, 0.898457, 0.617410, 0.721757, 1.413993, 2.815680
0.513581, 0.120360, 0.920419, 0.491194, 0.739261, 1.373202, 2.664455
0.587156, 0.112037, 0.930488, 0.499398, 0.755864, 1.455058, 2.772907
0.502387, 0.127900, 0.969350, 0.394712, 0.744426, 1.374713, 2.610875
0.477926, 0.143515, 0.996665, 0.323815, 0.742721, 1.364162, 2.541127
0.467457, 0.158867, 1.009035, 0.269143, 0.779701, 1.406025, 2.525336
0.488175, 0.171106, 0.997828, 0.224647, 0.759383, 1.418664, 2.470033
0.457710, 0.201796, 1.034263, 0.172371, 0.795092, 1.454597, 2.459436
0.495599, 0.219612, 1.047689, 0.146054, 0.795437, 1.510647, 2.484779
0.478509, 0.235697, 1.061598, 0.123637, 0.786068, 1.500274, 2.449812
0.465321, 0.271442, 1.100936, 0.093440, 0.767414, 1.504178, 2.427111
0.473490, 0.303584, 1.089446, 0.062582, 0.795594, 1.572669, 2.421113
2.369314, 0.347003, 0.068237, 1.375904, 0.654677, 3.370993, 4.468131
2.129663, 0.285391, 0.122594, 1.337628, 0.675954, 3.091008, 4.265839
1.767558, 0.194260, 0.192631, 1.156934, 0.687291, 2.649109, 3.804414
1.596379, 0.156800, 0.280042, 1.142861, 0.682463, 2.435641, 3.701743
1.363223, 0.116535, 0.353086, 1.014584, 0.695897, 2.175655, 3.426790
1.168323, 0.089058, 0.459076, 0.937255, 0.709039, 1.966421, 3.273693
1.014040, 0.072500, 0.548338, 0.818460, 0.710717, 1.797257, 3.091555
0.854068, 0.074541, 0.674915, 0.681141, 0.731012, 1.659621, 2.941135
0.671729, 0.084409, 0.791070, 0.601180, 0.725272, 1.481411, 2.789251
0.654833, 0.098404, 0.865162, 0.555145, 0.726971, 1.480208, 2.802112
0.460121, 0.135667, 0.974032, 0.435699, 0.748783, 1.344571, 2.618635
0.370807, 0.182733, 1.083690, 0.344995, 0.745184, 1.298723, 2.544675
0.336298, 0.217514, 1.184645, 0.304496, 0.787400, 1.341212, 2.612839
0.270700, 0.270122, 1.279943, 0.254556, 0.774401, 1.315223, 2.579599
0.232692, 0.325630, 1.383421, 0.212082, 0.782329, 1.340651, 2.610524
0.168275, 0.392029, 1.448281, 0.160311, 0.783885, 1.344189, 2.560752
0.159217, 0.433084, 1.543233, 0.151290, 0.797475, 1.389776, 2.651215
0.105210, 0.534922, 1.605724, 0.109544, 0.817517, 1.457649, 2.637996
0.076876, 0.595847, 1.699498, 0.099960, 0.806894, 1.479618, 2.683228
0.065118, 0.669231, 1.762296, 0.094974, 0.808067, 1.542416, 2.730455
0.031511, 1.769718, 1.474792, 1.072005, 1.479886, 3.281116, 4.058194
0.039011, 1.524018, 1.432088, 0.795765, 1.364837, 2.927867, 3.631701
0.054674, 1.305780, 1.385729, 0.577680, 1.295704, 2.656159, 3.313788
0.078614, 1.068948, 1.305405, 0.381471, 1.189461, 2.337024, 2.954952
0.133471, 0.849874, 1.226715, 0.230534, 1.104545, 2.087890, 2.695266
0.180048, 0.667602, 1.174710, 0.132143, 1.029447, 1.877097, 2.516348
0.225617, 0.502918, 1.156481, 0.084451, 0.935832, 1.664367, 2.402381
0.311258, 0.348353, 1.071918, 0.111450, 0.874622, 1.534232, 2.369249
0.394217, 0.236537, 1.009283, 0.198399, 0.801900, 1.432654, 2.403799
0.503719, 0.145064, 0.980669, 0.398620, 0.760800, 1.409583, 2.643809
0.614728, 0.097738, 0.915462, 0.619533, 0.722044, 1.434511, 2.871768
0.727175, 0.075827, 0.843797, 0.955403, 0.668665, 1.471667, 3.195041
0.844226, 0.095728, 0.788821, 1.420357, 0.653676, 1.593630, 3.707081
0.975778, 0.147398, 0.747032, 1.889908, 0.604399, 1.727575, 4.217117
1.132699, 0.255771, 0.679410, 2.558146, 0.589031, 1.977501, 4.959286
1.398340, 0.399112, 0.648292, 3.325521, 0.579269, 2.376720, 5.951421
1.455689, 0.577676, 0.594603, 4.136896, 0.580266, 2.613631, 6.767454
1.743937, 0.874924, 0.551741, 5.376820, 0.601755, 3.220615, 8.274252
2.058454, 1.187076, 0.494937, 6.511421, 0.628808, 3.874338, 9.693620
2.398909, 1.644354, 0.440828, 8.069969, 0.644122, 4.687384, 11.553828
0.249295, 0.977265, 1.323972, 0.500960, 0.934908, 2.161468, 3.009135
0.272825, 0.821910, 1.275656, 0.417735, 0.923016, 2.017751, 2.889232
0.301327, 0.581852, 1.167474, 0.306356, 0.891996, 1.775174, 2.667153
0.321813, 0.451365, 1.078208, 0.234230, 0.894060, 1.667239, 2.528311
0.363957, 0.342000, 1.085500, 0.242248, 0.832393, 1.538351, 2.524098
0.398638, 0.271223, 1.021564, 0.252523, 0.825045, 1.494907, 2.497771
0.429288, 0.222205, 1.002342, 0.280705, 0.809688, 1.461181, 2.522022
0.450190, 0.189745, 0.986798, 0.327594, 0.794464, 1.434399, 2.559046
0.532965, 0.144412, 0.950388, 0.423761, 0.758108, 1.435486, 2.665222
0.523451, 0.129285, 0.947473, 0.462891, 0.760879, 1.413614, 2.694695
0.607443, 0.106836, 0.910513, 0.588292, 0.740386, 1.454666, 2.846635
0.613866, 0.090507, 0.893240, 0.659191, 0.738319, 1.442692, 2.904616
0.583460, 0.090752, 0.883640, 0.698315, 0.702768, 1.376980, 2.868183
0.624473, 0.079125, 0.880683, 0.784795, 0.703328, 1.406926, 2.993279
0.692569, 0.082834, 0.862716, 0.874138, 0.679802, 1.455204, 3.109224
0.746628, 0.084405, 0.850249, 1.007827, 0.685925, 1.516958, 3.290629
0.776944, 0.088103, 0.820982, 1.137874, 0.690643, 1.555690, 3.426443
0.799738, 0.085849, 0.819217, 1.250570, 0.670772, 1.556358, 3.540296
0.853279, 0.095805, 0.812386, 1.360903, 0.687152, 1.636237, 3.713721
0.842403, 0.123952, 0.800491, 1.562194, 0.683461, 1.649816, 3.888549
0.336663, 1.032403, 1.445373, 0.286009, 1.352567, 2.721633, 3.420612
0.242595, 0.884157, 1.367158, 0.216977, 1.244536, 2.371287, 3.071265
0.159229, 0.704408, 1.300641, 0.143824, 1.121560, 1.985197, 2.725254
0.119044, 0.586455, 1.253487, 0.116086, 1.058930, 1.764429, 2.547547
0.107162, 0.465867, 1.188431, 0.108001, 0.944274, 1.517303, 2.347868
0.122091, 0.383561, 1.126878, 0.126094, 0.881268, 1.386920, 2.256331
0.175291, 0.281428, 1.074400, 0.171130, 0.817935, 1.274653, 2.238755
0.266609, 0.221947, 1.027425, 0.236113, 0.794869, 1.283425, 2.325017
0.365401, 0.162203, 0.996741, 0.344521, 0.780270, 1.307874, 2.486933
0.442308, 0.138727, 0.971484, 0.410712, 0.765583, 1.346618, 2.590087
0.617316, 0.104345, 0.911230, 0.578727, 0.754044, 1.475706, 2.861318
0.861015, 0.088669, 0.889476, 0.794378, 0.761620, 1.711305, 3.306491
0.930515, 0.097324, 0.849629, 0.819384, 0.771796, 1.799635, 3.371324
1.196696, 0.113646, 0.818079, 1.096485, 0.785595, 2.095937, 3.896855
1.412455, 0.144595, 0.789750, 1.295189, 0.803153, 2.360203, 4.300547
1.706556, 0.187894, 0.764189, 1.591398, 0.899908, 2.794358, 4.962051
1.946169, 0.238211, 0.742426, 1.812588, 0.920242, 3.104622, 5.421425
2.386634, 0.316876, 0.720769, 2.183642, 1.031806, 3.735315, 6.322850
2.601355, 0.364541, 0.705139, 2.342922, 1.095386, 4.061281, 6.744801
2.990453, 0.469395, 0.708501, 2.744606, 1.150571, 4.610419, 7.594132
0.068706, 0.421810, 0.623770, 0.123100, 2.192877, 2.683393, 3.008453
0.043015, 0.378113, 0.629117, 0.095567, 2.002755, 2.423883, 2.770453
0.030366, 0.338483, 0.670986, 0.073585, 1.840125, 2.208974, 2.615062
0.023677, 0.282818, 0.670332, 0.061259, 1.720277, 2.026772, 2.475545
0.033065, 0.232548, 0.686032, 0.065059, 1.584122, 1.849735, 2.368278
0.070736, 0.181860, 0.696931, 0.081125, 1.445851, 1.698447, 2.294643
0.144661, 0.137896, 0.723866, 0.128337, 1.300744, 1.583301, 2.297608
0.216660, 0.110489, 0.770002, 0.205046, 1.135950, 1.463099, 2.327658
0.354890, 0.092057, 0.811287, 0.312996, 0.927013, 1.373960, 2.406185
0.470154, 0.101920, 0.889292, 0.433747, 0.823787, 1.395861, 2.616981
0.634177, 0.140730, 0.967765, 0.544241, 0.691507, 1.466414, 2.837689
0.695601, 0.383619, 1.190009, 0.836271, 0.610703, 1.689923, 3.332584
0.805180, 0.670180, 1.348935, 1.119661, 0.565866, 2.041227, 3.839642
0.928147, 0.657344, 1.386150, 1.218553, 0.553973, 2.139465, 4.086824
1.048250, 0.641830, 1.436737, 1.334794, 0.592952, 2.283031, 4.412733
1.117081, 0.624166, 1.457269, 1.415610, 0.601672, 2.342920, 4.591634
1.374804, 0.592309, 1.493179, 1.586540, 0.745473, 2.712586, 5.199995
1.488571, 0.573605, 1.527987, 1.702984, 0.782643, 2.844820, 5.502186
1.614042, 0.560155, 1.545251, 1.746842, 0.873339, 3.047536, 5.779474
1.766511, 0.539452, 1.578144, 2.001372, 1.100005, 3.405968, 6.446032
