0.77268525,0.146296,7.299726,0.2,0.146296,0.2,0.088323,0.197222,1,80,0.1,1.63,0.035,0.07,18.296296,0.2,37.522862,0,7
0.799797013157895,0.146296,7.299726,0.2,0.146296,0.2,0.088323,0.197222,1,80,0.1,1.63,0.035,0.07,18.296296,0.2,37.522862,0,7
0.826908776315789,0.146296,7.299726,0.2,0.146296,0.2,0.088323,0.197222,1,80,0.1,1.63,0.035,0.07,18.296296,0.2,37.522862,0,7
0.854020539473684,0.146296,7.299726,0.2,0.146296,0.2,0.088323,0.197222,1,80,0.1,1.63,0.035,0.07,18.296296,0.2,37.522862,0,7
0.881132302631579,0.146296,7.299726,0.2,0.146296,0.2,0.088323,0.197222,1,80,0.1,1.63,0.035,0.07,18.296296,0.2,37.522862,0,7
0.908244065789474,0.146296,7.299726,0.2,0.146296,0.2,0.088323,0.197222,1,80,0.1,1.63,0.035,0.07,18.296296,0.2,37.522862,0,7
0.935355828947368,0.146296,7.299726,0.2,0.146296,0.2,0.088323,0.197222,1,80,0.1,1.63,0.035,0.07,18.296296,0.2,37.522862,0,7
0.962467592105263,0.146296,7.299726,0.2,0.146296,0.2,0.088323,0.197222,1,80,0.1,1.63,0.035,0.07,18.296296,0.2,37.522862,0,7
0.989579355263158,0.146296,7.299726,0.2,0.146296,0.2,0.088323,0.197222,1,80,0.1,1.63,0.035,0.07,18.296296,0.2,37.522862,0,7
1.01669111842105,0.146296,7.299726,0.2,0.146296,0.2,0.088323,0.197222,1,80,0.1,1.63,0.035,0.07,18.296296,0.2,37.522862,0,7
1.04380288157895,0.146296,7.299726,0.2,0.146296,0.2,0.088323,0.197222,1,80,0.1,1.63,0.035,0.07,18.296296,0.2,37.522862,0,7
1.07091464473684,0.146296,7.299726,0.2,0.146296,0.2,0.088323,0.197222,1,80,0.1,1.63,0.035,0.07,18.296296,0.2,37.522862,0,7
1.09802640789474,0.146296,7.299726,0.2,0.146296,0.2,0.088323,0.197222,1,80,0.1,1.63,0.035,0.07,18.296296,0.2,37.522862,0,7
1.12513817105263,0.146296,7.299726,0.2,0.146296,0.2,0.088323,0.197222,1,80,0.1,1.63,0.035,0.07,18.296296,0.2,37.522862,0,7
1.15224993421053,0.146296,7.299726,0.2,0.146296,0.2,0.088323,0.197222,1,80,0.1,1.63,0.035,0.07,18.296296,0.2,37.522862,0,7
1.17936169736842,0.146296,7.299726,0.2,0.146296,0.2,0.088323,0.197222,1,80,0.1,1.63,0.035,0.07,18.296296,0.2,37.522862,0,7
1.20647346052632,0.146296,7.299726,0.2,0.146296,0.2,0.088323,0.197222,1,80,0.1,1.63,0.035,0.07,18.296296,0.2,37.522862,0,7
1.23358522368421,0.146296,7.299726,0.2,0.146296,0.2,0.088323,0.197222,1,80,0.1,1.63,0.035,0.07,18.296296,0.2,37.522862,0,7
1.26069698684211,0.146296,7.299726,0.2,0.146296,0.2,0.088323,0.197222,1,80,0.1,1.63,0.035,0.07,18.296296,0.2,37.522862,0,7
1.28780875,0.146296,7.299726,0.2,0.146296,0.2,0.088323,0.197222,1,80,0.1,1.63,0.035,0.07,18.296296,0.2,37.522862,0,7
1.030247,0.109722,7.299726,0.2,0.109722,0.2,0.088323,0.197222,1,80,0.1,1.63,0.035,0.07,18.296296,0.2,37.522862,0,7
1.030247,0.113571894736842,7.299726,0.2,0.113571894736842,0.2,0.088323,0.197222,1,80,0.1,1.63,0.035,0.07,18.296296,0.2,37.522862,0,7
1.030247,0.117421789473684,7.299726,0.2,0.117421789473684,0.2,0.088323,0.197222,1,80,0.1,1.63,0.035,0.07,18.296296,0.2,37.522862,0,7
1.030247,0.121271684210526,7.299726,0.2,0.121271684210526,0.2,0.088323,0.197222,1,80,0.1,1.63,0.035,0.07,18.296296,0.2,37.522862,0,7
1.030247,0.125121578947368,7.299726,0.2,0.125121578947368,0.2,0.088323,0.197222,1,80,0.1,1.63,0.035,0.07,18.296296,0.2,37.522862,0,7
1.030247,0.128971473684211,7.299726,0.2,0.128971473684211,0.2,0.088323,0.197222,1,80,0.1,1.63,0.035,0.07,18.296296,0.2,37.522862,0,7
1.030247,0.132821368421053,7.299726,0.2,0.132821368421053,0.2,0.088323,0.197222,1,80,0.1,1.63,0.035,0.07,18.296296,0.2,37.522862,0,7
1.030247,0.136671263157895,7.299726,0.2,0.136671263157895,0.2,0.088323,0.197222,1,80,0.1,1.63,0.035,0.07,18.296296,0.2,37.522862,0,7
1.030247,0.140521157894737,7.299726,0.2,0.140521157894737,0.2,0.088323,0.197222,1,80,0.1,1.63,0.035,0.07,18.296296,0.2,37.522862,0,7
1.030247,0.144371052631579,7.299726,0.2,0.144371052631579,0.2,0.088323,0.197222,1,80,0.1,1.63,0.035,0.07,18.296296,0.2,37.522862,0,7
1.030247,0.148220947368421,7.299726,0.2,0.148220947368421,0.2,0.088323,0.197222,1,80,0.1,1.63,0.035,0.07,18.296296,0.2,37.522862,0,7
1.030247,0.152070842105263,7.299726,0.2,0.152070842105263,0.2,0.088323,0.197222,1,80,0.1,1.63,0.035,0.07,18.296296,0.2,37.522862,0,7
1.030247,0.155920736842105,7.299726,0.2,0.155920736842105,0.2,0.088323,0.197222,1,80,0.1,1.63,0.035,0.07,18.296296,0.2,37.522862,0,7
1.030247,0.159770631578947,7.299726,0.2,0.159770631578947,0.2,0.088323,0.197222,1,80,0.1,1.63,0.035,0.07,18.296296,0.2,37.522862,0,7
1.030247,0.163620526315789,7.299726,0.2,0.163620526315789,0.2,0.088323,0.197222,1,80,0.1,1.63,0.035,0.07,18.296296,0.2,37.522862,0,7
1.030247,0.167470421052632,7.299726,0.2,0.167470421052632,0.2,0.088323,0.197222,1,80,0.1,1.63,0.035,0.07,18.296296,0.2,37.522862,0,7
1.030247,0.171320315789474,7.299726,0.2,0.171320315789474,0.2,0.088323,0.197222,1,80,0.1,1.63,0.035,0.07,18.296296,0.2,37.522862,0,7
1.030247,0.175170210526316,7.299726,0.2,0.175170210526316,0.2,0.088323,0.197222,1,80,0.1,1.63,0.035,0.07,18.296296,0.2,37.522862,0,7
1.030247,0.179020105263158,7.299726,0.2,0.179020105263158,0.2,0.088323,0.197222,1,80,0.1,1.63,0.035,0.07,18.296296,0.2,37.522862,0,7
1.030247,0.18287,7.299726,0.2,0.18287,0.2,0.088323,0.197222,1,80,0.1,1.63,0.035,0.07,18.296296,0.2,37.522862,0,7
1.030247,0.146296,5.4747945,0.2,0.146296,0.2,0.088323,0.197222,1,80,0.1,1.63,0.035,0.07,18.296296,0.2,37.522862,0,7
1.030247,0.146296,5.66689255263158,0.2,0.146296,0.2,0.088323,0.197222,1,80,0.1,1.63,0.035,0.07,18.296296,0.2,37.522862,0,7
1.030247,0.146296,5.85899060526316,0.2,0.146296,0.2,0.088323,0.197222,1,80,0.1,1.63,0.035,0.07,18.296296,0.2,37.522862,0,7
1.030247,0.146296,6.05108865789474,0.2,0.146296,0.2,0.088323,0.197222,1,80,0.1,1.63,0.035,0.07,18.296296,0.2,37.522862,0,7
1.030247,0.146296,6.24318671052632,0.2,0.146296,0.2,0.088323,0.197222,1,80,0.1,1.63,0.035,0.07,18.296296,0.2,37.522862,0,7
1.030247,0.146296,6.43528476315789,0.2,0.146296,0.2,0.088323,0.197222,1,80,0.1,1.63,0.035,0.07,18.296296,0.2,37.522862,0,7
1.030247,0.146296,6.62738281578947,0.2,0.146296,0.2,0.088323,0.197222,1,80,0.1,1.63,0.035,0.07,18.296296,0.2,37.522862,0,7
1.030247,0.146296,6.81948086842105,0.2,0.146296,0.2,0.088323,0.197222,1,80,0.1,1.63,0.035,0.07,18.296296,0.2,37.522862,0,7
1.030247,0.146296,7.01157892105263,0.2,0.146296,0.2,0.088323,0.197222,1,80,0.1,1.63,0.035,0.07,18.296296,0.2,37.522862,0,7
1.030247,0.146296,7.20367697368421,0.2,0.146296,0.2,0.088323,0.197222,1,80,0.1,1.63,0.035,0.07,18.296296,0.2,37.522862,0,7
1.030247,0.146296,7.39577502631579,0.2,0.146296,0.2,0.088323,0.197222,1,80,0.1,1.63,0.035,0.07,18.296296,0.2,37.522862,0,7
1.030247,0.146296,7.58787307894737,0.2,0.146296,0.2,0.088323,0.197222,1,80,0.1,1.63,0.035,0.07,18.296296,0.2,37.522862,0,7
1.030247,0.146296,7.77997113157895,0.2,0.146296,0.2,0.088323,0.197222,1,80,0.1,1.63,0.035,0.07,18.296296,0.2,37.522862,0,7
1.030247,0.146296,7.97206918421053,0.2,0.146296,0.2,0.088323,0.197222,1,80,0.1,1.63,0.035,0.07,18.296296,0.2,37.522862,0,7
1.030247,0.146296,8.16416723684211,0.2,0.146296,0.2,0.088323,0.197222,1,80,0.1,1.63,0.035,0.07,18.296296,0.2,37.522862,0,7
1.030247,0.146296,8.35626528947368,0.2,0.146296,0.2,0.088323,0.197222,1,80,0.1,1.63,0.035,0.07,18.296296,0.2,37.522862,0,7
1.030247,0.146296,8.54836334210526,0.2,0.146296,0.2,0.088323,0.197222,1,80,0.1,1.63,0.035,0.07,18.296296,0.2,37.522862,0,7
1.030247,0.146296,8.74046139473684,0.2,0.146296,0.2,0.088323,0.197222,1,80,0.1,1.63,0.035,0.07,18.296296,0.2,37.522862,0,7
1.030247,0.146296,8.93255944736842,0.2,0.146296,0.2,0.088323,0.197222,1,80,0.1,1.63,0.035,0.07,18.296296,0.2,37.522862,0,7
1.030247,0.146296,9.1246575,0.2,0.146296,0.2,0.088323,0.197222,1,80,0.1,1.63,0.035,0.07,18.296296,0.2,37.522862,0,7
1.030247,0.146296,7.299726,0.2,0.146296,0.2,0.06624225,0.197222,1,80,0.1,1.63,0.035,0.07,18.296296,0.2,37.522862,0,7
1.030247,0.146296,7.299726,0.2,0.146296,0.2,0.0685665394736842,0.197222,1,80,0.1,1.63,0.035,0.07,18.296296,0.2,37.522862,0,7
1.030247,0.146296,7.299726,0.2,0.146296,0.2,0.0708908289473684,0.197222,1,80,0.1,1.63,0.035,0.07,18.296296,0.2,37.522862,0,7
1.030247,0.146296,7.299726,0.2,0.146296,0.2,0.0732151184210526,0.197222,1,80,0.1,1.63,0.035,0.07,18.296296,0.2,37.522862,0,7
1.030247,0.146296,7.299726,0.2,0.146296,0.2,0.0755394078947368,0.197222,1,80,0.1,1.63,0.035,0.07,18.296296,0.2,37.522862,0,7
1.030247,0.146296,7.299726,0.2,0.146296,0.2,0.0778636973684211,0.197222,1,80,0.1,1.63,0.035,0.07,18.296296,0.2,37.522862,0,7
1.030247,0.146296,7.299726,0.2,0.146296,0.2,0.0801879868421053,0.197222,1,80,0.1,1.63,0.035,0.07,18.296296,0.2,37.522862,0,7
1.030247,0.146296,7.299726,0.2,0.146296,0.2,0.0825122763157895,0.197222,1,80,0.1,1.63,0.035,0.07,18.296296,0.2,37.522862,0,7
1.030247,0.146296,7.299726,0.2,0.146296,0.2,0.0848365657894737,0.197222,1,80,0.1,1.63,0.035,0.07,18.296296,0.2,37.522862,0,7
1.030247,0.146296,7.299726,0.2,0.146296,0.2,0.0871608552631579,0.197222,1,80,0.1,1.63,0.035,0.07,18.296296,0.2,37.522862,0,7
1.030247,0.146296,7.299726,0.2,0.146296,0.2,0.0894851447368421,0.197222,1,80,0.1,1.63,0.035,0.07,18.296296,0.2,37.522862,0,7
1.030247,0.146296,7.299726,0.2,0.146296,0.2,0.0918094342105263,0.197222,1,80,0.1,1.63,0.035,0.07,18.296296,0.2,37.522862,0,7
1.030247,0.146296,7.299726,0.2,0.146296,0.2,0.0941337236842105,0.197222,1,80,0.1,1.63,0.035,0.07,18.296296,0.2,37.522862,0,7
1.030247,0.146296,7.299726,0.2,0.146296,0.2,0.0964580131578947,0.197222,1,80,0.1,1.63,0.035,0.07,18.296296,0.2,37.522862,0,7
1.030247,0.146296,7.299726,0.2,0.146296,0.2,0.0987823026315789,0.197222,1,80,0.1,1.63,0.035,0.07,18.296296,0.2,37.522862,0,7
1.030247,0.146296,7.299726,0.2,0.146296,0.2,0.101106592105263,0.197222,1,80,0.1,1.63,0.035,0.07,18.296296,0.2,37.522862,0,7
1.030247,0.146296,7.299726,0.2,0.146296,0.2,0.103430881578947,0.197222,1,80,0.1,1.63,0.035,0.07,18.296296,0.2,37.522862,0,7
1.030247,0.146296,7.299726,0.2,0.146296,0.2,0.105755171052632,0.197222,1,80,0.1,1.63,0.035,0.07,18.296296,0.2,37.522862,0,7
1.030247,0.146296,7.299726,0.2,0.146296,0.2,0.108079460526316,0.197222,1,80,0.1,1.63,0.035,0.07,18.296296,0.2,37.522862,0,7
1.030247,0.146296,7.299726,0.2,0.146296,0.2,0.11040375,0.197222,1,80,0.1,1.63,0.035,0.07,18.296296,0.2,37.522862,0,7
1.030247,0.146296,7.299726,0.2,0.146296,0.2,0.088323,0.1479165,1,80,0.1,1.63,0.035,0.07,18.296296,0.2,37.522862,0,7
1.030247,0.146296,7.299726,0.2,0.146296,0.2,0.088323,0.153106552631579,1,80,0.1,1.63,0.035,0.07,18.296296,0.2,37.522862,0,7
1.030247,0.146296,7.299726,0.2,0.146296,0.2,0.088323,0.158296605263158,1,80,0.1,1.63,0.035,0.07,18.296296,0.2,37.522862,0,7
1.030247,0.146296,7.299726,0.2,0.146296,0.2,0.088323,0.163486657894737,1,80,0.1,1.63,0.035,0.07,18.296296,0.2,37.522862,0,7
1.030247,0.146296,7.299726,0.2,0.146296,0.2,0.088323,0.168676710526316,1,80,0.1,1.63,0.035,0.07,18.296296,0.2,37.522862,0,7
1.030247,0.146296,7.299726,0.2,0.146296,0.2,0.088323,0.173866763157895,1,80,0.1,1.63,0.035,0.07,18.296296,0.2,37.522862,0,7
1.030247,0.146296,7.299726,0.2,0.146296,0.2,0.088323,0.179056815789474,1,80,0.1,1.63,0.035,0.07,18.296296,0.2,37.522862,0,7
1.030247,0.146296,7.299726,0.2,0.146296,0.2,0.088323,0.184246868421053,1,80,0.1,1.63,0.035,0.07,18.296296,0.2,37.522862,0,7
1.030247,0.146296,7.299726,0.2,0.146296,0.2,0.088323,0.189436921052632,1,80,0.1,1.63,0.035,0.07,18.296296,0.2,37.522862,0,7
1.030247,0.146296,7.299726,0.2,0.146296,0.2,0.088323,0.194626973684211,1,80,0.1,1.63,0.035,0.07,18.296296,0.2,37.522862,0,7
1.030247,0.146296,7.299726,0.2,0.146296,0.2,0.088323,0.199817026315789,1,80,0.1,1.63,0.035,0.07,18.296296,0.2,37.522862,0,7
1.030247,0.146296,7.299726,0.2,0.146296,0.2,0.088323,0.205007078947368,1,80,0.1,1.63,0.035,0.07,18.296296,0.2,37.522862,0,7
1.030247,0.146296,7.299726,0.2,0.146296,0.2,0.088323,0.210197131578947,1,80,0.1,1.63,0.035,0.07,18.296296,0.2,37.522862,0,7
1.030247,0.146296,7.299726,0.2,0.146296,0.2,0.088323,0.215387184210526,1,80,0.1,1.63,0.035,0.07,18.296296,0.2,37.522862,0,7
1.030247,0.146296,7.299726,0.2,0.146296,0.2,0.088323,0.220577236842105,1,80,0.1,1.63,0.035,0.07,18.296296,0.2,37.522862,0,7
1.030247,0.146296,7.299726,0.2,0.146296,0.2,0.088323,0.225767289473684,1,80,0.1,1.63,0.035,0.07,18.296296,0.2,37.522862,0,7
1.030247,0.146296,7.299726,0.2,0.146296,0.2,0.088323,0.230957342105263,1,80,0.1,1.63,0.035,0.07,18.296296,0.2,37.522862,0,7
1.030247,0.146296,7.299726,0.2,0.146296,0.2,0.088323,0.236147394736842,1,80,0.1,1.63,0.035,0.07,18.296296,0.2,37.522862,0,7
1.030247,0.146296,7.299726,0.2,0.146296,0.2,0.088323,0.241337447368421,1,80,0.1,1.63,0.035,0.07,18.296296,0.2,37.522862,0,7
1.030247,0.146296,7.299726,0.2,0.146296,0.2,0.088323,0.2465275,1,80,0.1,1.63,0.035,0.07,18.296296,0.2,37.522862,0,7
1.030247,0.146296,7.299726,0.2,0.146296,0.2,0.088323,0.197222,1,80,0.1,1.63,0.035,0.0525,18.296296,0.2,37.522862,0,7
1.030247,0.146296,7.299726,0.2,0.146296,0.2,0.088323,0.197222,1,80,0.1,1.63,0.035,0.0543421052631579,18.296296,0.2,37.522862,0,7
1.030247,0.146296,7.299726,0.2,0.146296,0.2,0.088323,0.197222,1,80,0.1,1.63,0.035,0.0561842105263158,18.296296,0.2,37.522862,0,7
1.030247,0.146296,7.299726,0.2,0.146296,0.2,0.088323,0.197222,1,80,0.1,1.63,0.035,0.0580263157894737,18.296296,0.2,37.522862,0,7
1.030247,0.146296,7.299726,0.2,0.146296,0.2,0.088323,0.197222,1,80,0.1,1.63,0.035,0.0598684210526316,18.296296,0.2,37.522862,0,7
1.030247,0.146296,7.299726,0.2,0.146296,0.2,0.088323,0.197222,1,80,0.1,1.63,0.035,0.0617105263157895,18.296296,0.2,37.522862,0,7
1.030247,0.146296,7.299726,0.2,0.146296,0.2,0.088323,0.197222,1,80,0.1,1.63,0.035,0.0635526315789474,18.296296,0.2,37.522862,0,7
1.030247,0.146296,7.299726,0.2,0.146296,0.2,0.088323,0.197222,1,80,0.1,1.63,0.035,0.0653947368421053,18.296296,0.2,37.522862,0,7
1.030247,0.146296,7.299726,0.2,0.146296,0.2,0.088323,0.197222,1,80,0.1,1.63,0.035,0.0672368421052632,18.296296,0.2,37.522862,0,7
1.030247,0.146296,7.299726,0.2,0.146296,0.2,0.088323,0.197222,1,80,0.1,1.63,0.035,0.0690789473684211,18.296296,0.2,37.522862,0,7
1.030247,0.146296,7.299726,0.2,0.146296,0.2,0.088323,0.197222,1,80,0.1,1.63,0.035,0.070921052631579,18.296296,0.2,37.522862,0,7
1.030247,0.146296,7.299726,0.2,0.146296,0.2,0.088323,0.197222,1,80,0.1,1.63,0.035,0.0727631578947368,18.296296,0.2,37.522862,0,7
1.030247,0.146296,7.299726,0.2,0.146296,0.2,0.088323,0.197222,1,80,0.1,1.63,0.035,0.0746052631578947,18.296296,0.2,37.522862,0,7
1.030247,0.146296,7.299726,0.2,0.146296,0.2,0.088323,0.197222,1,80,0.1,1.63,0.035,0.0764473684210526,18.296296,0.2,37.522862,0,7
1.030247,0.146296,7.299726,0.2,0.146296,0.2,0.088323,0.197222,1,80,0.1,1.63,0.035,0.0782894736842105,18.296296,0.2,37.522862,0,7
1.030247,0.146296,7.299726,0.2,0.146296,0.2,0.088323,0.197222,1,80,0.1,1.63,0.035,0.0801315789473684,18.296296,0.2,37.522862,0,7
1.030247,0.146296,7.299726,0.2,0.146296,0.2,0.088323,0.197222,1,80,0.1,1.63,0.035,0.0819736842105263,18.296296,0.2,37.522862,0,7
1.030247,0.146296,7.299726,0.2,0.146296,0.2,0.088323,0.197222,1,80,0.1,1.63,0.035,0.0838157894736842,18.296296,0.2,37.522862,0,7
1.030247,0.146296,7.299726,0.2,0.146296,0.2,0.088323,0.197222,1,80,0.1,1.63,0.035,0.0856578947368421,18.296296,0.2,37.522862,0,7
1.030247,0.146296,7.299726,0.2,0.146296,0.2,0.088323,0.197222,1,80,0.1,1.63,0.035,0.0875,18.296296,0.2,37.522862,0,7
1.030247,0.146296,7.299726,0.2,0.146296,0.2,0.088323,0.197222,1,80,0.1,1.63,0.035,0.07,13.722222,0.2,37.522862,0,7
1.030247,0.146296,7.299726,0.2,0.146296,0.2,0.088323,0.197222,1,80,0.1,1.63,0.035,0.07,14.2037034736842,0.2,37.522862,0,7
1.030247,0.146296,7.299726,0.2,0.146296,0.2,0.088323,0.197222,1,80,0.1,1.63,0.035,0.07,14.6851849473684,0.2,37.522862,0,7
1.030247,0.146296,7.299726,0.2,0.146296,0.2,0.088323,0.197222,1,80,0.1,1.63,0.035,0.07,15.1666664210526,0.2,37.522862,0,7
1.030247,0.146296,7.299726,0.2,0.146296,0.2,0.088323,0.197222,1,80,0.1,1.63,0.035,0.07,15.6481478947368,0.2,37.522862,0,7
1.030247,0.146296,7.299726,0.2,0.146296,0.2,0.088323,0.197222,1,80,0.1,1.63,0.035,0.07,16.1296293684211,0.2,37.522862,0,7
1.030247,0.146296,7.299726,0.2,0.146296,0.2,0.088323,0.197222,1,80,0.1,1.63,0.035,0.07,16.6111108421053,0.2,37.522862,0,7
1.030247,0.146296,7.299726,0.2,0.146296,0.2,0.088323,0.197222,1,80,0.1,1.63,0.035,0.07,17.0925923157895,0.2,37.522862,0,7
1.030247,0.146296,7.299726,0.2,0.146296,0.2,0.088323,0.197222,1,80,0.1,1.63,0.035,0.07,17.5740737894737,0.2,37.522862,0,7
1.030247,0.146296,7.299726,0.2,0.146296,0.2,0.088323,0.197222,1,80,0.1,1.63,0.035,0.07,18.0555552631579,0.2,37.522862,0,7
1.030247,0.146296,7.299726,0.2,0.146296,0.2,0.088323,0.197222,1,80,0.1,1.63,0.035,0.07,18.5370367368421,0.2,37.522862,0,7
1.030247,0.146296,7.299726,0.2,0.146296,0.2,0.088323,0.197222,1,80,0.1,1.63,0.035,0.07,19.0185182105263,0.2,37.522862,0,7
1.030247,0.146296,7.299726,0.2,0.146296,0.2,0.088323,0.197222,1,80,0.1,1.63,0.035,0.07,19.4999996842105,0.2,37.522862,0,7
1.030247,0.146296,7.299726,0.2,0.146296,0.2,0.088323,0.197222,1,80,0.1,1.63,0.035,0.07,19.9814811578947,0.2,37.522862,0,7
1.030247,0.146296,7.299726,0.2,0.146296,0.2,0.088323,0.197222,1,80,0.1,1.63,0.035,0.07,20.462962631579,0.2,37.522862,0,7
1.030247,0.146296,7.299726,0.2,0.146296,0.2,0.088323,0.197222,1,80,0.1,1.63,0.035,0.07,20.9444441052632,0.2,37.522862,0,7
1.030247,0.146296,7.299726,0.2,0.146296,0.2,0.088323,0.197222,1,80,0.1,1.63,0.035,0.07,21.4259255789474,0.2,37.522862,0,7
1.030247,0.146296,7.299726,0.2,0.146296,0.2,0.088323,0.197222,1,80,0.1,1.63,0.035,0.07,21.9074070526316,0.2,37.522862,0,7
1.030247,0.146296,7.299726,0.2,0.146296,0.2,0.088323,0.197222,1,80,0.1,1.63,0.035,0.07,22.3888885263158,0.2,37.522862,0,7
1.030247,0.146296,7.299726,0.2,0.146296,0.2,0.088323,0.197222,1,80,0.1,1.63,0.035,0.07,22.87037,0.2,37.522862,0,7
1.030247,0.146296,7.299726,0.2,0.146296,0.2,0.088323,0.197222,1,80,0.1,1.63,0.035,0.07,18.296296,0.2,28.1421465,0,7
1.030247,0.146296,7.299726,0.2,0.146296,0.2,0.088323,0.197222,1,80,0.1,1.63,0.035,0.07,18.296296,0.2,29.1295902368421,0,7
1.030247,0.146296,7.299726,0.2,0.146296,0.2,0.088323,0.197222,1,80,0.1,1.63,0.035,0.07,18.296296,0.2,30.1170339736842,0,7
1.030247,0.146296,7.299726,0.2,0.146296,0.2,0.088323,0.197222,1,80,0.1,1.63,0.035,0.07,18.296296,0.2,31.1044777105263,0,7
1.030247,0.146296,7.299726,0.2,0.146296,0.2,0.088323,0.197222,1,80,0.1,1.63,0.035,0.07,18.296296,0.2,32.0919214473684,0,7
1.030247,0.146296,7.299726,0.2,0.146296,0.2,0.088323,0.197222,1,80,0.1,1.63,0.035,0.07,18.296296,0.2,33.0793651842105,0,7
1.030247,0.146296,7.299726,0.2,0.146296,0.2,0.088323,0.197222,1,80,0.1,1.63,0.035,0.07,18.296296,0.2,34.0668089210526,0,7
1.030247,0.146296,7.299726,0.2,0.146296,0.2,0.088323,0.197222,1,80,0.1,1.63,0.035,0.07,18.296296,0.2,35.0542526578947,0,7
1.030247,0.146296,7.299726,0.2,0.146296,0.2,0.088323,0.197222,1,80,0.1,1.63,0.035,0.07,18.296296,0.2,36.0416963947368,0,7
1.030247,0.146296,7.299726,0.2,0.146296,0.2,0.088323,0.197222,1,80,0.1,1.63,0.035,0.07,18.296296,0.2,37.0291401315789,0,7
1.030247,0.146296,7.299726,0.2,0.146296,0.2,0.088323,0.197222,1,80,0.1,1.63,0.035,0.07,18.296296,0.2,38.0165838684211,0,7
1.030247,0.146296,7.299726,0.2,0.146296,0.2,0.088323,0.197222,1,80,0.1,1.63,0.035,0.07,18.296296,0.2,39.0040276052632,0,7
1.030247,0.146296,7.299726,0.2,0.146296,0.2,0.088323,0.197222,1,80,0.1,1.63,0.035,0.07,18.296296,0.2,39.9914713421053,0,7
1.030247,0.146296,7.299726,0.2,0.146296,0.2,0.088323,0.197222,1,80,0.1,1.63,0.035,0.07,18.296296,0.2,40.9789150789474,0,7
1.030247,0.146296,7.299726,0.2,0.146296,0.2,0.088323,0.197222,1,80,0.1,1.63,0.035,0.07,18.296296,0.2,41.9663588157895,0,7
1.030247,0.146296,7.299726,0.2,0.146296,0.2,0.088323,0.197222,1,80,0.1,1.63,0.035,0.07,18.296296,0.2,42.9538025526316,0,7
1.030247,0.146296,7.299726,0.2,0.146296,0.2,0.088323,0.197222,1,80,0.1,1.63,0.035,0.07,18.296296,0.2,43.9412462894737,0,7
1.030247,0.146296,7.299726,0.2,0.146296,0.2,0.088323,0.197222,1,80,0.1,1.63,0.035,0.07,18.296296,0.2,44.9286900263158,0,7
1.030247,0.146296,7.299726,0.2,0.146296,0.2,0.088323,0.197222,1,80,0.1,1.63,0.035,0.07,18.296296,0.2,45.9161337631579,0,7
1.030247,0.146296,7.299726,0.2,0.146296,0.2,0.088323,0.197222,1,80,0.1,1.63,0.035,0.07,18.296296,0.2,46.9035775,0,7
