2.413468, 0.611683, 1.072043, 1.109198, 0.885363, 3.910514, 5.480072
3.830445, 1.016594, 1.243557, 5.472292, 1.877297, 6.724335, 12.423590
0.554740, 0.389393, 0.705140, 3.366830, 0.450095, 1.394228, 5.076805
1.653505, 5.164222, 3.056806, 4.026235, 1.886904, 8.704631, 10.623449
0.559541, 2.622241, 1.270419, 2.621941, 2.960301, 6.142084, 7.412202
3.085008, 0.112959, 0.142281, 0.424963, 1.143604, 4.341571, 4.795856
0.190284, 0.269850, 0.552299, 0.424985, 1.313729, 1.773864, 2.481297
11.582521, 13.034161, 0.301727, 35.186208, 4.121266, 28.737947, 51.191722
0.287480, 2.978165, 2.366606, 1.718939, 0.980795, 4.246439, 5.353819
0.096529, 0.788479, 0.686280, 0.473700, 1.770789, 2.655797, 3.027299
0.847642, 0.445715, 0.452031, 0.465047, 1.834654, 3.128012, 3.599376
0.099096, 0.332579, 0.596524, 0.505545, 1.577229, 2.008904, 2.778394
1.116619, 4.116781, 2.347394, 3.536144, 2.932526, 8.165926, 9.932683
0.430299, 0.144782, 0.436433, 0.365620, 1.137447, 1.712528, 2.369799
0.126568, 0.464817, 0.953470, 0.053915, 1.752916, 2.344302, 2.886869
2.242238, 0.731410, 1.292464, 0.684243, 0.837940, 3.811589, 5.056885
1.997889, 0.552747, 1.146400, 1.728365, 0.582926, 3.133562, 5.455581
0.419858, 2.051164, 0.150215, 6.062739, 1.306434, 3.777456, 7.939246
0.999736, 0.694717, 1.610322, 1.377533, 0.929408, 2.623861, 4.916999
2.396841, 5.654811, 0.382347, 11.704697, 1.320001, 9.371654, 15.803886
0.251742, 0.145337, 0.232541, 0.357704, 1.895300, 2.292380, 2.737287
0.740723, 0.657413, 1.447193, 1.657570, 0.468533, 1.866669, 4.314019
1.372306, 0.604571, 1.515759, 2.477222, 0.916108, 2.892985, 6.281394
0.312411, 2.869154, 2.127952, 1.786796, 1.791326, 4.972890, 6.018484
0.075609, 0.465779, 1.348930, 0.070693, 1.107075, 1.648463, 2.602307
0.935566, 1.100188, 0.722078, 0.905187, 2.731123, 4.766877, 5.293955
0.972491, 0.251162, 1.710326, 1.198559, 1.172480, 2.396132, 5.053856
1.904157, 0.036068, 0.291013, 0.243661, 0.977109, 2.917335, 3.415940
0.479980, 1.097634, 0.409519, 3.558933, 1.631742, 3.209356, 6.080174
0.174303, 0.757992, 1.369265, 1.898975, 0.593810, 1.526105, 4.036352
1.086066, 1.323596, 0.962977, 0.839063, 0.845369, 3.255031, 3.733475
0.896558, 0.122925, 0.060586, 0.638840, 1.055204, 2.074687, 2.651188
0.050397, 0.730281, 1.210705, 0.148652, 1.581630, 2.362308, 2.991385
0.112279, 0.188243, 0.245717, 0.067725, 2.269988, 2.570510, 2.695709
0.325233, 0.229541, 0.256400, 0.599487, 1.685170, 2.239944, 2.866289
0.659945, 1.183927, 1.276902, 0.519993, 0.790529, 2.634401, 3.247369
13.286068, 3.405499, 0.682170, 11.244645, 3.030852, 19.722419, 28.243735
0.303630, 0.566248, 0.465744, 0.381400, 1.456194, 2.326071, 2.606968
0.079063, 1.769871, 2.417815, 0.594366, 0.423456, 2.272389, 3.514700
0.205140, 0.487209, 1.168998, 0.098425, 1.458906, 2.151255, 2.931468
8.221509, 11.594555, 0.358217, 41.174272, 6.946332, 26.762395, 56.700330
0.392197, 0.666916, 1.575520, 2.554115, 0.377558, 1.436670, 4.899389
1.496272, 0.093538, 0.144912, 0.822047, 0.665623, 2.255433, 3.128855
0.141109, 0.609332, 0.588262, 0.335446, 1.832710, 2.583150, 2.897526
1.429976, 0.071739, 1.416188, 0.740621, 0.570271, 2.071986, 4.157056
0.251758, 3.691894, 1.814883, 3.357786, 2.406773, 6.350425, 7.831199
0.514780, 1.174108, 1.038788, 0.675457, 0.902712, 2.591600, 3.131737
1.589282, 2.503727, 1.513309, 2.101117, 2.959481, 7.052490, 8.163190
7.328520, 2.020728, 0.740045, 8.970841, 3.688577, 13.037825, 20.727983
1.374707, 0.248348, 0.590511, 1.160878, 0.878147, 2.501202, 4.004242
0.130563, 0.664417, 1.215312, 0.138944, 0.727525, 1.522506, 2.212345
3.812637, 0.434322, 0.750085, 1.479433, 0.274882, 4.521841, 6.317037
1.694658, 2.208752, 1.640520, 1.595871, 2.977625, 6.881034, 7.908674
0.261931, 0.985477, 1.781452, 0.801423, 0.891560, 2.138968, 3.736366
11.780299, 9.674532, 0.469956, 32.452193, 9.956045, 31.410876, 54.658494
0.116022, 3.069342, 2.136775, 2.069010, 1.405869, 4.591233, 5.727676
3.629100, 0.523929, 0.945991, 2.409358, 1.856544, 6.009574, 8.840993
10.115874, 2.075560, 0.587390, 7.074840, 2.352112, 14.543547, 20.130217
0.313233, 3.245609, 2.359074, 2.093641, 1.242379, 4.801221, 6.008328
0.975611, 2.000411, 0.914313, 2.113299, 3.207750, 6.183772, 7.210973
1.555424, 0.287999, 0.608505, 0.236543, 1.290912, 3.134335, 3.691384
0.086158, 1.942111, 1.707388, 1.100840, 1.410924, 3.439192, 4.305309
0.218992, 0.044134, 0.933008, 0.581531, 1.498391, 1.761517, 3.231923
0.034105, 0.631335, 0.078523, 2.055795, 1.448258, 2.113699, 3.616680
2.046857, 0.706015, 0.923515, 0.819093, 0.677441, 3.430314, 4.466907
0.196654, 0.378470, 1.074864, 0.103121, 1.757940, 2.333064, 3.132579
0.080178, 0.892771, 1.422071, 0.209302, 1.445480, 2.418429, 3.157030
11.395047, 3.659239, 0.784084, 13.716587, 3.986855, 19.041141, 29.882574
0.118425, 0.297423, 0.977812, 0.887329, 1.389923, 1.805772, 3.373490
7.027707, 9.199368, 0.317113, 23.900345, 1.418503, 17.645577, 32.663667
3.454170, 1.596505, 0.526784, 8.152333, 0.872557, 5.923232, 13.005844
0.436632, 3.095358, 2.514646, 1.776761, 1.415829, 4.947820, 6.143868
0.166382, 2.651031, 2.357777, 1.376677, 0.653030, 3.470443, 4.553866
0.151405, 0.587563, 1.130794, 0.238941, 1.558820, 2.297788, 3.079960
5.783520, 2.105865, 0.385213, 6.929722, 0.697871, 8.587256, 13.796325
0.231643, 1.610447, 2.316961, 0.586883, 0.577282, 2.419372, 3.712770
1.966549, 0.128909, 0.778438, 1.866694, 0.754797, 2.850254, 5.366478
0.137422, 0.757829, 2.041035, 1.148180, 0.284788, 1.180039, 3.611425
0.113336, 0.227443, 0.326763, 0.050512, 1.988850, 2.329629, 2.479460
0.293382, 1.874768, 1.421208, 1.140667, 0.850003, 3.018153, 3.705260
1.101892, 2.781071, 1.511830, 2.535678, 3.694568, 7.577532, 8.843968
0.230745, 1.889802, 2.192435, 0.731876, 1.264726, 3.385273, 4.419782
7.773369, 1.826700, 0.236444, 5.828259, 0.722010, 10.322078, 14.560082
1.667546, 0.927405, 1.661509, 4.602294, 2.350562, 4.945513, 10.281912
0.394716, 1.063502, 1.639893, 0.218843, 1.651918, 3.110136, 3.905371
0.120593, 0.259836, 0.203057, 0.284249, 2.065978, 2.446407, 2.673877
0.382590, 1.823333, 1.621953, 1.074720, 2.052792, 4.258714, 5.132055
2.619382, 5.026176, 0.472088, 9.664825, 1.683760, 9.329317, 14.440055
0.189657, 1.283565, 0.958023, 0.796693, 1.485919, 2.959141, 3.430292
6.696913, 2.878921, 0.474864, 10.473344, 2.350419, 11.926253, 19.995540
0.865664, 0.920805, 1.651866, 0.579375, 0.881023, 2.667491, 3.977929
0.277961, 0.714520, 0.284541, 0.634733, 1.772268, 2.764749, 2.969504
0.508480, 0.880605, 1.798000, 0.746544, 0.455238, 1.844322, 3.508261
0.570423, 0.814658, 1.424446, 0.795514, 0.526413, 1.911494, 3.316796
0.529620, 1.254379, 1.104478, 0.739925, 1.517148, 3.301147, 3.891172
0.102017, 0.778270, 1.706343, 0.097937, 0.828999, 1.709286, 2.735296
0.099568, 0.348302, 1.222267, 0.207540, 1.260895, 1.708764, 2.790270
0.563111, 0.211848, 1.563787, 3.172970, 0.893081, 1.668040, 6.192950
9.216610, 1.995062, 1.421478, 10.419323, 7.898138, 19.109810, 28.955549
0.023294, 1.246728, 1.792136, 0.397804, 1.164028, 2.434050, 3.377261
0.118342, 1.473279, 1.263782, 0.816891, 1.590165, 3.181786, 3.789180
0.233482, 2.689961, 1.671098, 1.956076, 1.298490, 4.221934, 5.159147
0.655620, 0.800237, 0.450253, 0.774706, 1.754507, 3.210364, 3.635086
3.653759, 1.786305, 0.617159, 9.258447, 1.413805, 6.853870, 14.943170
1.840830, 0.648837, 1.475904, 1.433562, 0.957142, 3.446809, 5.707438
1.672201, 3.165381, 1.232719, 3.665239, 4.145272, 8.982855, 10.715431
1.606983, 1.275939, 0.547438, 6.359349, 0.693352, 3.576273, 9.207121
1.015566, 0.684038, 1.079872, 0.737866, 0.824232, 2.523836, 3.657536
1.060836, 3.739322, 1.920703, 3.304124, 3.437091, 8.237250, 9.722754
0.273115, 0.842413, 0.424278, 2.620528, 1.514791, 2.630319, 4.832712
1.140529, 2.450948, 1.263815, 2.408006, 2.981288, 6.572765, 7.793637
0.260748, 2.243622, 1.917966, 1.220376, 1.153224, 3.657594, 4.552313
7.542250, 3.697231, 0.382768, 12.390842, 1.263318, 12.502799, 21.579177
1.178187, 1.497930, 2.222039, 0.571092, 1.005869, 3.681986, 4.977187
0.115993, 1.925742, 1.769471, 0.984043, 0.868533, 2.910268, 3.738040
0.220687, 1.024820, 1.607478, 0.248839, 0.786948, 2.032455, 2.863952
0.987523, 1.022215, 1.619864, 0.491564, 0.689558, 2.699295, 3.788509
0.406615, 0.610354, 0.528497, 4.301253, 0.392150, 1.409119, 5.628514
1.762984, 0.638211, 1.175544, 0.857612, 0.593273, 2.994468, 4.389412
2.563829, 0.749279, 1.066711, 4.583332, 0.509475, 3.822584, 8.723348
0.741105, 3.005590, 1.331699, 3.166782, 3.317260, 7.063955, 8.556846
0.466640, 0.584371, 0.920561, 0.196111, 1.391124, 2.442134, 2.974436
1.987477, 1.010382, 1.442259, 0.480757, 0.797661, 3.795521, 4.708155
1.415278, 0.503778, 0.204189, 1.520939, 1.518326, 3.437383, 4.658732
3.296161, 0.725479, 1.073468, 0.664391, 1.237170, 5.258809, 6.271190
0.117682, 0.016894, 1.553054, 1.257464, 0.613250, 0.747826, 3.541450
3.131332, 0.389457, 1.175516, 2.424902, 0.887527, 4.408316, 7.619278
3.750607, 2.720826, 0.861720, 11.120488, 1.926963, 8.398396, 17.659778
3.588956, 0.535963, 0.716430, 1.300016, 0.440157, 4.565076, 6.045558
0.214932, 0.528865, 0.173253, 1.313363, 2.268895, 3.012693, 3.970444
2.895483, 0.048514, 0.409955, 0.157963, 1.099883, 4.043879, 4.563284
0.576298, 0.697797, 0.228588, 2.306240, 1.254194, 2.528289, 4.365320
0.432288, 0.977314, 0.402508, 5.284521, 0.836074, 2.245676, 6.955391
0.120670, 1.644335, 1.040769, 1.339225, 1.841450, 3.606456, 4.342114
1.640469, 0.544786, 1.619442, 1.744319, 0.578892, 2.764146, 5.583121
0.155516, 1.851773, 1.837294, 0.875428, 1.695818, 3.703106, 4.564056
1.778665, 2.697138, 0.226277, 10.902312, 0.689407, 5.165211, 13.596662
0.303683, 0.428133, 1.174536, 0.020778, 1.622012, 2.353828, 3.121010
0.154138, 0.292008, 0.437393, 0.203394, 1.794444, 2.240590, 2.589369
15.834378, 20.901255, 0.385006, 54.016460, 5.752799, 42.488431, 75.988642
2.083430, 0.661017, 0.606076, 0.731361, 0.605809, 3.350255, 4.026674
0.041179, 0.501448, 0.687612, 3.521528, 1.140744, 1.683371, 5.391062
1.005711, 0.386304, 0.289481, 2.629442, 0.459093, 1.851108, 4.383727
0.219198, 2.102145, 2.404506, 0.823782, 0.460185, 2.781528, 3.907671
2.288427, 0.683301, 0.756004, 1.466952, 0.699661, 3.671388, 5.211044
0.329599, 0.681729, 0.632944, 2.221225, 1.394495, 2.405822, 4.578262
4.798443, 1.623432, 0.830203, 7.206708, 2.325553, 8.747428, 15.160907
3.691189, 0.458637, 0.288279, 0.810129, 1.240157, 5.389983, 6.029754
0.011630, 2.869010, 1.533391, 2.537357, 2.451946, 5.332586, 6.534324
3.393297, 0.507637, 1.152734, 3.316344, 1.687818, 5.588752, 9.550192
0.259363, 0.839441, 1.222037, 0.524126, 1.066874, 2.165679, 3.072400
0.245838, 0.831941, 1.219667, 0.526467, 1.071456, 2.149235, 3.063428
5.337528, 2.480223, 0.658021, 10.169606, 1.833418, 9.651169, 17.998572
0.450750, 1.544797, 1.116471, 1.039928, 2.623301, 4.618848, 5.230450
0.338625, 2.851359, 2.743785, 1.332106, 0.513090, 3.703074, 4.927606
0.203466, 0.158980, 0.859632, 1.556195, 1.465129, 1.827575, 4.084423
0.200309, 1.045798, 0.613885, 0.970005, 2.172001, 3.418109, 3.956200
0.377993, 0.006937, 0.459347, 0.389270, 1.028975, 1.413905, 2.255585
4.185608, 1.640562, 1.074600, 7.155480, 0.891237, 6.717408, 13.306926
2.256953, 1.352882, 0.109178, 5.545703, 0.416013, 4.025849, 8.327847
0.447009, 0.660834, 0.751248, 0.702766, 1.114539, 2.222382, 3.015563
0.280125, 0.639552, 0.904235, 0.196055, 1.914541, 2.834218, 3.294956
0.083302, 2.189970, 2.359457, 0.931192, 0.819814, 3.093085, 4.193764
3.374536, 2.173741, 0.641754, 8.987998, 1.046943, 6.595220, 14.051231
4.612709, 0.866599, 0.903935, 2.824258, 1.501340, 6.980648, 9.842242
0.585390, 0.427280, 1.226925, 0.059015, 2.063575, 3.076245, 3.934906
0.461997, 0.875077, 0.691683, 0.592518, 1.131092, 2.468165, 2.877290
0.318567, 1.081304, 0.352005, 3.877033, 1.318429, 2.718300, 5.866034
0.365059, 1.680160, 1.230810, 1.203574, 2.123785, 4.169003, 4.923228
5.038677, 1.360351, 1.254152, 8.843985, 3.036775, 9.435803, 18.173589
0.331391, 0.638538, 1.625536, 0.089418, 1.400955, 2.370884, 3.447300
0.218374, 0.976472, 2.050054, 0.907183, 0.360305, 1.555151, 3.535916
1.523543, 0.329683, 1.560558, 3.221100, 1.620728, 3.473955, 7.925930
3.698805, 6.496047, 0.128068, 19.244666, 1.060388, 11.255239, 24.131926
0.671815, 2.539758, 1.839537, 1.810278, 2.327866, 5.539439, 6.649496
0.263383, 0.488373, 0.725504, 0.235697, 1.850172, 2.601927, 3.074755
0.935361, 0.636237, 1.863916, 2.702947, 1.091076, 2.662674, 6.593299
3.827985, 0.935162, 0.736530, 4.049425, 0.893215, 5.656362, 9.507155
1.193878, 1.734188, 1.455648, 1.007441, 2.916011, 5.844077, 6.572979
2.323568, 0.858750, 1.107498, 2.280840, 1.026902, 4.209221, 6.738809
0.898585, 3.233010, 1.018550, 4.215496, 3.769745, 7.901340, 9.902376
2.547970, 1.365868, 0.470158, 6.687270, 0.593127, 4.506965, 10.298525
0.602750, 1.409819, 1.991868, 0.476761, 0.828249, 2.840818, 3.899628
23.830218, 14.249257, 0.594401, 36.629556, 5.463431, 43.542906, 66.517606
0.258364, 2.886752, 2.445405, 1.590751, 1.022749, 4.167866, 5.317269
0.531196, 0.829673, 1.898029, 0.656375, 1.053890, 2.414759, 4.139490
5.436289, 3.584670, 0.892438, 15.450558, 4.979876, 14.000835, 26.759161
0.647561, 1.770314, 1.584855, 0.917177, 2.016372, 4.434247, 5.165965
0.786968, 3.382566, 2.183902, 2.444044, 2.365367, 6.534901, 7.780281
0.614955, 1.478236, 1.098456, 1.008537, 2.808370, 4.901561, 5.530318
0.061621, 2.835318, 2.281966, 1.659197, 0.768564, 3.665503, 4.771348
3.419112, 0.868309, 0.806337, 3.887824, 1.151348, 5.438769, 9.264621
0.046387, 0.258728, 1.104495, 0.194822, 1.080616, 1.385731, 2.426319
0.006796, 0.220190, 0.217206, 0.221419, 1.942709, 2.169695, 2.388130
2.457344, 1.549507, 1.911727, 9.099334, 5.149863, 9.156713, 18.618268
3.096445, 0.952795, 0.227036, 3.264801, 1.108828, 5.158067, 7.697109
3.712674, 0.840100, 0.818644, 3.423021, 1.171035, 5.723809, 9.125373
0.278173, 3.292568, 2.195146, 2.315359, 1.199659, 4.770400, 5.988336
0.709045, 3.021437, 2.350131, 1.762179, 1.254876, 4.985358, 6.076231
0.225637, 2.602550, 2.353849, 1.342264, 0.836526, 3.664713, 4.758277
0.231085, 2.222966, 1.912284, 1.211221, 0.734193, 3.188244, 4.088783
7.072245, 7.019854, 0.322197, 22.253076, 3.625930, 17.718029, 33.273448
0.744537, 0.822161, 1.555335, 0.535775, 0.399076, 1.965774, 3.234723
2.089887, 0.140729, 1.287371, 1.109455, 1.119423, 3.350039, 5.606136
1.798823, 0.562995, 1.192004, 1.147729, 0.439616, 2.801434, 4.578172
0.144990, 2.014552, 2.528818, 0.714093, 0.505169, 2.664712, 3.893070
0.088535, 1.948380, 1.200838, 1.615985, 2.177157, 4.214072, 5.082514
0.090786, 0.373627, 0.167144, 0.394329, 2.075545, 2.539958, 2.727804
0.315518, 2.416544, 2.085933, 1.304170, 0.904420, 3.636482, 4.610041
0.667409, 2.774109, 2.310251, 1.536173, 1.316847, 4.758364, 5.830679
1.278393, 3.235202, 2.036866, 2.565281, 2.752722, 7.266317, 8.633262
0.106680, 0.988606, 0.560660, 0.880670, 1.965651, 3.060937, 3.513662
1.542765, 1.213182, 0.700770, 4.845047, 0.649801, 3.405748, 7.738384
0.257909, 1.470618, 2.164661, 0.516917, 0.516576, 2.245103, 3.456063
0.165356, 0.500658, 0.464404, 0.286072, 1.989851, 2.655866, 2.905684
2.719888, 0.316995, 0.433908, 1.896786, 0.740209, 3.777091, 5.790790
0.273300, 2.017981, 1.235199, 1.548799, 1.997265, 4.288546, 5.054562
1.863699, 3.787351, 0.415513, 11.474753, 1.268232, 6.919282, 15.022197
1.897732, 3.780495, 0.403573, 11.359603, 1.278508, 6.956735, 14.939416
0.185936, 0.506252, 0.406712, 0.335375, 1.847656, 2.539844, 2.775679
0.888218, 0.391081, 0.576435, 0.952619, 1.146079, 2.425378, 3.563350
0.672582, 1.793481, 0.943141, 1.736247, 3.026189, 5.492252, 6.378160
0.128185, 1.612645, 2.180264, 0.642114, 0.716631, 2.457461, 3.667194
0.296835, 1.314735, 2.527017, 0.501102, 0.825656, 2.437227, 4.150611
0.935576, 2.910110, 0.386385, 5.171043, 1.547040, 5.392726, 8.040044
0.836000, 4.242955, 2.839642, 3.037481, 1.749953, 6.828909, 8.463077
0.088963, 0.830300, 0.546427, 0.678137, 1.691201, 2.610465, 3.004728
2.720264, 2.559707, 1.428556, 13.036552, 4.426425, 9.706396, 21.611796
0.670545, 1.084162, 1.857555, 0.487046, 0.695230, 2.449936, 3.710375
1.715002, 0.114051, 1.015482, 0.852271, 0.737473, 2.566527, 4.320228
0.041097, 0.389266, 0.379323, 0.203140, 2.252279, 2.682642, 2.875838
0.610266, 0.120158, 0.954474, 0.552916, 0.594776, 1.325200, 2.712433
1.252291, 0.631593, 0.767624, 0.191079, 1.297190, 3.181073, 3.508183
0.208124, 0.932524, 1.064188, 0.373493, 2.598629, 3.739277, 4.244435
1.389848, 0.273965, 0.926615, 2.043775, 0.740343, 2.404156, 5.100581
2.368050, 0.342608, 0.258767, 1.711145, 0.713895, 3.424553, 5.051857
0.216429, 2.672338, 1.738103, 1.940029, 1.930433, 4.819201, 5.824994
0.150480, 3.205165, 2.239491, 2.145835, 1.000458, 4.356103, 5.536265
0.685420, 0.500977, 0.899982, 0.351913, 1.634720, 2.821116, 3.572035
8.526812, 2.945117, 0.634610, 11.593750, 2.730116, 14.202046, 23.485289
0.142260, 0.366475, 0.304709, 0.249896, 1.767040, 2.275775, 2.463906
0.768020, 0.487114, 1.513427, 0.171919, 1.119696, 2.374830, 3.573063
0.294408, 1.207669, 0.809051, 0.927264, 2.681795, 4.183873, 4.712519
0.225918, 0.180038, 0.213582, 0.094953, 1.749407, 2.155362, 2.283859
0.352184, 0.152998, 0.979322, 0.911545, 1.151799, 1.656981, 3.394851
0.361663, 2.380902, 2.516807, 1.015631, 0.948341, 3.690907, 4.842443
0.799330, 0.697359, 1.413989, 5.885868, 1.438480, 2.935168, 9.537667
0.116641, 3.055048, 1.541171, 2.748754, 2.321199, 5.492887, 6.727764
0.898843, 0.645533, 1.359714, 0.884390, 0.428224, 1.972600, 3.571171
0.714383, 2.953287, 1.772273, 2.482654, 2.611138, 6.278808, 7.580449
0.289632, 0.455923, 0.993376, 0.281392, 0.840354, 1.585909, 2.404754
1.116530, 0.841866, 0.785220, 0.525794, 1.107471, 3.065867, 3.535015
4.737041, 2.683035, 1.097907, 12.681843, 5.016222, 12.436297, 23.533013
0.673062, 3.476448, 0.186951, 7.820543, 1.069555, 5.219065, 9.750111
2.323426, 3.235313, 1.074711, 15.713708, 1.138872, 6.697611, 20.250718
3.323813, 0.698723, 1.092289, 2.228005, 0.906227, 4.928763, 7.550334
0.363953, 3.320906, 2.429561, 2.290013, 1.333153, 5.018011, 6.416680
3.188465, 1.440505, 0.843789, 8.013072, 1.963944, 6.592915, 14.009271
0.194439, 3.792763, 1.885243, 3.439870, 2.689543, 6.676745, 8.209095
0.244246, 0.367029, 0.300692, 0.201861, 1.950661, 2.561936, 2.697460
0.456631, 1.341800, 0.805158, 0.986897, 2.504325, 4.302756, 4.753011
0.109876, 0.889629, 1.925762, 1.258265, 0.828881, 1.828386, 4.122784
0.061460, 1.006842, 1.370356, 0.298162, 1.661012, 2.729314, 3.390990
0.159393, 2.844324, 2.096811, 1.833211, 1.444205, 4.447922, 5.533621
1.120330, 0.311276, 0.249927, 0.352307, 1.634651, 3.066257, 3.357216
6.910600, 3.578565, 0.909414, 15.441473, 5.465931, 15.955095, 28.727417
0.508548, 1.192143, 1.467440, 0.364734, 1.455701, 3.156391, 3.796423
0.446403, 2.974895, 2.392318, 1.710286, 1.419581, 4.840879, 5.968588
1.861940, 4.924495, 2.124821, 5.175971, 3.696729, 10.483165, 12.859462
0.497780, 2.461939, 2.151751, 1.303287, 1.057821, 4.017539, 5.010639
4.508405, 1.477957, 0.333703, 3.754320, 0.584483, 6.570844, 9.180910
2.510874, 3.683931, 0.261405, 9.624078, 1.510735, 7.705540, 13.907092
1.416257, 0.779460, 1.789042, 4.923958, 1.938693, 4.134410, 10.067950
0.224598, 3.129580, 1.534943, 2.791971, 2.053735, 5.407914, 6.605247
0.110869, 1.577239, 2.101082, 0.480613, 0.807617, 2.495726, 3.500182
0.049424, 1.565833, 1.300744, 0.950172, 1.898792, 3.514049, 4.199132
2.138140, 0.375682, 0.282542, 1.690516, 1.167931, 3.681752, 5.279128
0.159083, 1.212962, 0.757427, 0.848897, 1.500935, 2.872980, 3.266342
4.532020, 0.519538, 0.865700, 1.655278, 0.778425, 5.829984, 7.831424
7.290227, 0.536810, 0.920758, 1.469233, 1.670992, 9.498029, 11.351210
1.367931, 1.072249, 1.731367, 0.501973, 0.663551, 3.103731, 4.264822
9.477219, 7.687410, 0.324487, 23.788899, 3.468034, 20.632662, 37.058638
0.738005, 2.005601, 1.601835, 1.175362, 0.859330, 3.602936, 4.374532
0.083982, 1.956118, 1.378566, 1.412548, 1.530960, 3.571060, 4.406056
1.235278, 0.659468, 1.717464, 2.823046, 0.740577, 2.635323, 6.516365
0.354827, 1.297854, 1.545496, 0.501061, 1.829420, 3.482102, 4.230804
0.302061, 1.560488, 1.416078, 0.816275, 1.895771, 3.758320, 4.430185
2.374423, 0.136244, 0.633777, 0.669020, 0.890617, 3.401284, 4.567838
0.305951, 0.602445, 1.638454, 0.068139, 0.575261, 1.483658, 2.587806
2.271865, 1.141450, 1.307564, 0.514569, 1.020356, 4.433671, 5.114354
0.374012, 1.769751, 2.708751, 0.644481, 0.260743, 2.404506, 3.987986
0.134890, 0.488882, 0.667940, 0.142328, 1.380329, 2.004102, 2.325488
0.129521, 0.841939, 1.365024, 0.166265, 0.971744, 1.943204, 2.632554
0.012786, 1.300526, 1.175020, 0.746879, 1.957747, 3.271059, 3.892431
0.174419, 1.169182, 1.185633, 0.518217, 1.927019, 3.270620, 3.805288
2.368389, 0.854138, 1.727749, 3.110591, 1.618160, 4.840688, 8.824889
1.632947, 1.123086, 0.299922, 1.628505, 1.218237, 3.974271, 4.779612
4.809746, 1.547159, 0.615730, 5.654314, 2.181314, 8.538219, 13.261105
5.334110, 0.465220, 0.357849, 0.789189, 0.820730, 6.620060, 7.301877
0.584620, 1.906064, 1.889668, 0.934092, 1.972192, 4.462877, 5.380573
0.413493, 1.967796, 1.521887, 1.114866, 0.743731, 3.125021, 3.793977
3.440279, 1.631575, 0.128793, 5.168705, 0.256424, 5.328279, 8.994201
0.484626, 1.624369, 1.126323, 1.124401, 2.421481, 4.530475, 5.156830
9.133807, 2.947044, 0.754099, 12.453786, 3.987111, 16.067962, 26.328803
0.126189, 3.937338, 3.030651, 2.505243, 0.460208, 4.523736, 6.122292
2.121332, 1.750307, 0.177442, 3.937279, 0.969567, 4.841206, 7.205620
0.655292, 1.778781, 1.235285, 1.347384, 2.323463, 4.757537, 5.561425
0.077192, 1.398207, 1.867686, 0.657055, 0.681149, 2.156548, 3.283082
0.480984, 0.657281, 0.415546, 0.484092, 2.215292, 3.353557, 3.595915
2.908372, 1.262919, 1.304060, 6.143126, 1.896544, 6.067835, 12.252102
0.319381, 1.048209, 0.158826, 3.154057, 1.350461, 2.718050, 4.982725
9.663143, 6.395068, 0.346441, 21.157218, 4.002412, 20.060623, 35.169215
0.284219, 2.009463, 1.778389, 1.103642, 1.631935, 3.925617, 4.798185
0.197917, 0.968803, 0.777245, 0.635576, 1.644065, 2.810785, 3.254803
0.412656, 0.791627, 1.499091, 0.135840, 1.669421, 2.873704, 3.717009
4.114500, 0.535600, 0.993019, 1.407437, 1.038573, 5.688673, 7.553529
0.177538, 0.866610, 1.352489, 0.741848, 0.496983, 1.541132, 2.768859
8.358859, 11.455966, 0.433935, 31.422011, 1.944064, 21.758889, 42.158869
5.075504, 4.590302, 0.247848, 14.965635, 2.086782, 11.752588, 22.375768
1.425868, 0.769703, 0.381408, 1.888912, 1.413271, 3.608842, 5.109459
0.334181, 0.669692, 2.167099, 1.754097, 0.947901, 1.951773, 5.203278
6.871062, 9.283085, 0.972613, 17.319257, 1.098521, 17.252668, 26.261453
0.170213, 1.102480, 2.442334, 0.684938, 0.708399, 1.981092, 4.005885
2.573201, 0.658788, 1.699747, 1.980538, 1.451528, 4.683517, 7.705014
0.403081, 0.765720, 0.637892, 0.487084, 1.699100, 2.867901, 3.227157
0.072907, 0.364523, 0.562529, 0.085650, 1.934196, 2.371626, 2.655281
0.185521, 1.003861, 2.215642, 0.770638, 0.345918, 1.535300, 3.517719
0.640430, 0.760074, 1.823406, 4.548977, 1.163452, 2.563956, 8.176266
7.297378, 2.850894, 0.355078, 7.632287, 1.576469, 11.724742, 16.861212
5.934620, 13.319812, 1.862186, 22.337972, 1.362444, 20.616877, 31.497222
2.564097, 4.170172, 0.282205, 12.720238, 1.133471, 7.867740, 16.700012
0.171127, 0.794381, 1.271394, 0.707095, 0.995803, 1.961311, 3.145419
0.131830, 3.411912, 2.083847, 2.586282, 1.263321, 4.807063, 6.065281
0.147243, 1.967223, 1.428565, 1.268012, 1.542920, 3.657386, 4.386740
0.982677, 1.141905, 1.082256, 0.588512, 2.330029, 4.454611, 4.983474
0.043849, 1.040666, 1.527279, 0.272623, 1.554182, 2.638698, 3.397933
7.353962, 1.718201, 0.643302, 6.676231, 2.941427, 12.013590, 17.614922
0.994110, 5.010161, 2.664412, 4.378992, 2.495018, 8.499289, 10.532533
0.350756, 0.659563, 1.448867, 1.635280, 0.373029, 1.383347, 3.807931
13.947297, 4.424189, 0.711571, 16.834730, 7.120167, 25.491653, 38.613764
9.430453, 4.023662, 0.353973, 10.074433, 0.745857, 14.199972, 20.604716
0.441947, 0.114039, 0.948348, 1.219824, 1.028736, 1.584721, 3.638854
0.250337, 0.568309, 1.496588, 0.055468, 1.522616, 2.341262, 3.325009
0.408256, 0.723807, 2.180430, 1.233471, 0.732679, 1.864742, 4.554835
0.422445, 0.320174, 0.934428, 0.413260, 0.608989, 1.351608, 2.379122
0.179093, 0.077847, 0.303518, 0.039712, 1.480882, 1.737823, 2.003205
0.060149, 0.997428, 0.540246, 0.965470, 2.487066, 3.544643, 4.052931
0.087426, 1.826947, 1.359572, 1.316975, 2.020647, 3.935019, 4.784619
6.282159, 9.460098, 0.121338, 28.326238, 3.283636, 19.025893, 38.013371
0.002541, 0.369808, 0.802285, 0.341701, 1.896744, 2.269093, 3.043271
0.121475, 1.544341, 1.324267, 0.857740, 0.786810, 2.452627, 3.090292
0.990834, 0.154363, 0.889788, 0.111369, 0.430450, 1.575647, 2.422441
0.190891, 2.090448, 2.072779, 0.963137, 0.837704, 3.119043, 4.064511
0.124360, 0.015372, 0.269784, 0.235417, 1.916767, 2.056499, 2.546328
5.254242, 9.983392, 0.255121, 27.351181, 1.541720, 16.779354, 34.402264
0.133656, 1.102152, 1.724060, 0.355089, 1.770427, 3.006234, 3.983231
0.200032, 2.698835, 1.421843, 2.279905, 1.961269, 4.860135, 5.863049
0.126239, 3.629696, 2.226696, 2.842208, 2.091958, 5.847894, 7.287101
0.514005, 0.195881, 0.711014, 0.360392, 1.276309, 1.986195, 2.861720
2.248057, 0.319506, 0.030772, 1.318590, 0.628030, 3.195593, 4.225449
1.688747, 0.790113, 1.749678, 3.935859, 1.152204, 3.631064, 8.526488
3.188781, 1.563371, 0.300489, 5.158102, 0.239473, 4.991626, 8.886845
0.323386, 0.908840, 2.105681, 0.801583, 0.587876, 1.820102, 3.818526
1.869625, 0.816819, 1.122832, 3.726971, 0.920165, 3.606609, 7.639593
0.172959, 2.410555, 1.641281, 1.782710, 1.975430, 4.558945, 5.572381
7.152462, 13.351028, 2.065866, 21.199758, 1.463942, 21.967433, 31.882028
1.043684, 0.565085, 1.620895, 2.299236, 0.759148, 2.367917, 5.722963
5.432621, 3.537521, 1.434745, 16.312578, 7.025577, 15.995719, 30.205521
0.437577, 2.712742, 1.504506, 2.459471, 2.375471, 5.525790, 6.777024
3.529527, 0.727827, 1.673598, 4.273063, 1.424003, 5.681357, 10.900192
0.464083, 1.032198, 1.949143, 0.608576, 0.375511, 1.871792, 3.397313
0.189586, 2.344290, 1.558259, 1.627099, 1.533247, 4.067124, 4.908191
0.415505, 0.869270, 1.413198, 0.515717, 0.632133, 1.916909, 2.976553
15.363200, 26.635640, 0.985330, 64.574293, 4.893821, 46.892661, 85.816644
0.112718, 0.757585, 0.500200, 0.570518, 2.486371, 3.356674, 3.669807
0.076212, 2.249942, 1.624461, 1.592645, 1.913769, 4.239923, 5.207087
0.996098, 3.036650, 2.680232, 1.657199, 1.027242, 5.059990, 6.360772
7.698231, 1.685200, 0.413658, 4.988394, 1.593203, 10.976633, 14.693485
1.532219, 3.225544, 1.685231, 2.896015, 3.026493, 7.784256, 9.139958
0.085732, 0.700451, 1.515489, 0.152289, 1.198217, 1.984400, 2.951727
3.319366, 0.741206, 1.656644, 3.227978, 1.563025, 5.623597, 9.767013
0.316479, 0.172425, 0.863113, 0.828848, 1.808497, 2.297401, 3.816937
1.307781, 0.254256, 0.466722, 0.102530, 1.071962, 2.633999, 2.948995
0.580959, 0.922899, 2.334673, 0.959277, 0.674212, 2.178069, 4.549121
0.587287, 0.779373, 0.934597, 0.564522, 1.123674, 2.490335, 3.210081
2.218928, 0.651922, 0.597656, 0.767837, 0.801137, 3.671987, 4.385558
0.166346, 1.576729, 1.861819, 0.564259, 0.996893, 2.739968, 3.589317
17.868592, 8.977151, 0.292634, 27.176229, 5.290563, 32.136306, 50.628018
1.695942, 2.789179, 0.479204, 11.274576, 0.900155, 5.385276, 14.349878
1.403091, 3.593260, 2.215006, 2.954711, 2.831226, 7.827577, 9.404034
0.177639, 1.594759, 1.237743, 1.007745, 1.851429, 3.623827, 4.274557
0.389482, 1.143297, 1.768159, 0.612809, 0.426747, 1.959526, 3.197197
0.373059, 0.635457, 1.756041, 2.112097, 0.377129, 1.385646, 4.618326
0.417148, 0.888053, 1.399679, 0.634032, 1.386085, 2.691286, 3.836944
0.071697, 0.608349, 0.659779, 0.310320, 1.852520, 2.532566, 2.894317
0.824023, 0.269851, 0.094994, 0.636423, 1.358844, 2.452718, 2.914283
1.809135, 0.867999, 0.704920, 0.538953, 0.793370, 3.470504, 3.846379
0.430651, 3.269299, 1.251031, 3.784371, 3.536172, 7.236122, 9.002226
0.667513, 0.509531, 0.231141, 0.604485, 1.524339, 2.701383, 3.027478
0.067168, 1.713521, 1.567298, 0.937023, 1.736919, 3.517609, 4.308408
0.031353, 3.550692, 1.867458, 3.110688, 1.877688, 5.459733, 6.887187
0.446022, 1.994752, 0.131120, 5.665302, 1.399243, 3.840017, 7.641687
1.470734, 1.734336, 1.511318, 0.969292, 2.653104, 5.858174, 6.604448
0.710317, 0.072343, 0.868817, 0.340462, 0.862936, 1.645597, 2.782533
0.103009, 2.053278, 2.432453, 0.769411, 0.538310, 2.694596, 3.843182
0.538117, 0.706455, 0.410454, 0.633754, 1.747159, 2.991731, 3.329484
4.938915, 5.691020, 0.393790, 17.308662, 1.638083, 12.268018, 24.279450
1.173859, 2.484017, 0.802514, 2.690131, 3.243382, 6.901258, 7.909886
0.529500, 0.623852, 0.561563, 0.339336, 1.849290, 3.002643, 3.279689
1.110199, 3.143572, 1.027987, 4.031106, 3.761804, 8.015574, 9.931095
1.091024, 0.220931, 0.364367, 0.062231, 1.644499, 2.956454, 3.162122
0.038825, 0.625805, 1.033008, 0.162739, 2.054163, 2.718793, 3.288735
0.055077, 3.107381, 2.237906, 2.049065, 1.213027, 4.375485, 5.555075
8.423343, 5.424433, 0.861136, 21.022857, 5.414288, 19.262063, 35.721623
1.455100, 0.747179, 1.296225, 0.658834, 0.577968, 2.780247, 3.988128
0.080719, 1.351019, 0.869443, 1.137527, 2.277082, 3.708820, 4.364771
0.154002, 2.751916, 1.682787, 1.989003, 1.112628, 4.018546, 4.938420
0.518008, 0.658669, 1.822964, 1.362404, 0.617460, 1.794137, 4.320835
0.648396, 0.168254, 0.465689, 0.068184, 1.155029, 1.971680, 2.337299
1.434037, 0.680446, 0.810448, 0.813991, 0.458170, 2.572654, 3.516647
0.306469, 0.046478, 0.988679, 1.125423, 0.403673, 0.756620, 2.824244
0.310189, 1.744544, 1.072723, 1.500257, 2.514822, 4.569555, 5.397990
9.089165, 2.798696, 0.243539, 10.224215, 1.992836, 13.880697, 21.549755
0.138116, 1.310233, 1.852821, 0.597352, 0.527856, 1.976205, 3.116144
3.728441, 1.274991, 0.157350, 2.916620, 0.688949, 5.692381, 7.491361
1.072478, 3.779621, 1.744092, 3.715054, 2.828173, 7.680272, 9.359797
1.985896, 0.544212, 0.735005, 0.945134, 0.248517, 2.778624, 3.914551
1.444462, 0.682192, 1.889175, 3.756702, 2.932147, 5.058801, 10.022485
2.219675, 0.294010, 0.402945, 0.185762, 1.103680, 3.617365, 3.912061
0.250728, 0.759089, 0.460447, 0.659044, 2.008810, 3.018627, 3.379029
3.706084, 1.203101, 0.309816, 3.566741, 0.630173, 5.539358, 8.212814
0.468179, 2.846801, 1.534460, 2.613670, 2.401412, 5.716392, 7.017721
3.784039, 1.894866, 0.643453, 7.714908, 1.467215, 7.146120, 13.609615
0.002942, 2.767556, 1.384270, 2.559246, 2.837229, 5.607727, 6.783687
0.435266, 1.239165, 0.517595, 1.375697, 2.602563, 4.276993, 4.931121
0.569210, 4.772229, 2.649321, 4.073163, 2.079190, 7.420628, 9.370883
0.814775, 0.321013, 1.594578, 0.114706, 0.476391, 1.612178, 3.000450
1.840074, 0.518850, 0.510581, 1.450505, 0.876447, 3.235371, 4.677607
1.863061, 0.314614, 1.381886, 0.436295, 1.153252, 3.330926, 4.834494
0.801651, 1.173017, 1.449216, 0.394691, 1.152752, 3.127419, 3.798308
1.709605, 0.156708, 0.079377, 0.838356, 0.948295, 2.814608, 3.575634
2.816355, 4.364960, 0.482407, 17.694787, 2.151600, 9.332916, 23.145149
0.166356, 1.560868, 1.770988, 0.609302, 0.939819, 2.667043, 3.486465
0.077569, 3.110417, 2.214929, 2.075298, 1.574017, 4.762003, 5.941814
1.874289, 0.754692, 0.911977, 0.525522, 0.644431, 3.273413, 3.956218
0.016507, 0.293413, 0.695038, 0.147910, 1.651215, 1.961135, 2.510670
0.095888, 0.474740, 0.440848, 0.277493, 1.974451, 2.545079, 2.788680
0.297516, 0.126686, 0.177489, 0.899049, 1.119550, 1.543752, 2.493604
0.572048, 1.140380, 1.890055, 0.488936, 0.517742, 2.230170, 3.468781
0.858376, 1.170631, 1.817965, 0.534577, 1.021052, 3.050059, 4.231970
0.475153, 0.710455, 1.282057, 1.793198, 0.908492, 2.094099, 4.458899
0.410217, 1.024072, 2.361683, 0.650611, 1.099377, 2.533666, 4.521889
5.080521, 4.366806, 1.018760, 18.125368, 3.710066, 13.157393, 27.934715
0.049767, 3.211866, 1.389182, 3.220516, 2.471874, 5.733507, 7.131338
0.048031, 0.496432, 0.790863, 0.140730, 1.372587, 1.917050, 2.352211
1.240275, 0.059953, 0.759766, 0.364772, 0.735107, 2.035334, 3.099919
3.908784, 0.544704, 0.503284, 1.002226, 0.737299, 5.190787, 6.151594
2.616026, 1.530552, 0.491167, 5.583124, 0.469705, 4.616283, 9.160021
9.677090, 3.000077, 0.450192, 10.483434, 3.465155, 16.142322, 24.075872
0.008021, 1.104592, 1.221138, 0.510036, 2.194304, 3.306917, 3.933499
0.403398, 0.983802, 1.150162, 0.561520, 0.506836, 1.894036, 2.621915
6.098805, 8.631025, 0.497249, 29.192432, 3.513274, 18.243104, 39.301760
1.683404, 1.165392, 2.134001, 0.885926, 1.408450, 4.257246, 6.111780
0.169032, 1.008037, 1.503660, 0.588509, 0.991459, 2.168527, 3.252660
0.101713, 2.823144, 1.898132, 2.024467, 1.594109, 4.518966, 5.618420
0.982538, 0.460869, 1.140717, 2.472274, 0.916780, 2.360187, 5.512308
2.667641, 1.633661, 0.605665, 8.420078, 1.326298, 5.627599, 13.019682
1.911254, 0.965321, 0.936198, 4.052594, 0.736637, 3.613213, 7.636684
0.009504, 0.868029, 0.523362, 0.713080, 2.093567, 2.971100, 3.339512
0.281627, 0.277950, 1.525199, 0.301746, 1.523699, 2.083276, 3.632271
3.883420, 3.706706, 1.333104, 17.736510, 3.793391, 11.383517, 26.746425
0.026361, 1.405980, 1.078053, 0.921401, 1.914800, 3.347141, 3.940615
0.307028, 1.305766, 1.257401, 0.694121, 2.067799, 3.680593, 4.326350
0.274761, 0.818529, 0.926733, 0.647684, 2.052051, 3.145341, 3.901228
0.167151, 3.284065, 1.725184, 2.821745, 1.759894, 5.211110, 6.473973
0.108950, 0.274099, 0.057473, 1.092735, 1.786459, 2.169509, 3.045617
2.872908, 4.046963, 0.168568, 14.103529, 0.792973, 7.712844, 17.937978
1.787881, 0.744714, 1.328423, 0.412970, 0.461705, 2.994301, 3.990980
0.316470, 1.541132, 1.984187, 0.645554, 1.283896, 3.141497, 4.230106
0.195949, 0.373406, 0.290290, 0.145798, 2.083941, 2.653296, 2.715978
2.049823, 0.225788, 1.900741, 1.067088, 1.639248, 3.914859, 6.656900
0.034723, 2.618822, 1.336825, 2.274206, 2.208527, 4.862072, 5.854281
0.024778, 1.691533, 1.586765, 0.858623, 1.608153, 3.324463, 4.078318
0.169038, 2.329272, 1.604075, 1.697815, 2.239943, 4.738253, 5.710870
0.322831, 1.661303, 0.717811, 1.546588, 1.921623, 3.905757, 4.508853
0.133392, 2.443353, 1.827745, 1.525926, 1.067054, 3.643799, 4.554116
4.400379, 3.131621, 0.375209, 11.178464, 1.116925, 8.648925, 17.070977
0.639424, 0.706943, 1.632516, 1.624158, 0.759699, 2.106066, 4.655798
0.032234, 0.621169, 0.348234, 0.641421, 2.308224, 2.961627, 3.330113
0.338669, 0.146869, 0.811917, 0.870025, 1.161482, 1.647021, 3.182094
2.379004, 0.041104, 1.064095, 0.654561, 0.585219, 3.005327, 4.682879
0.029482, 3.449754, 2.020172, 2.758912, 1.583372, 5.062608, 6.391938
6.040303, 6.045743, 0.416586, 21.116428, 2.672785, 14.758831, 30.246102
0.183122, 0.089589, 1.476088, 0.854524, 0.709204, 0.981915, 3.222939
0.025283, 0.556892, 0.335453, 3.135929, 1.260000, 1.842175, 4.756665
0.086967, 2.074350, 1.373993, 1.454095, 1.959651, 4.120968, 4.874707
1.007549, 0.639186, 1.192769, 2.366130, 0.369783, 2.016518, 4.936231
4.642680, 4.587886, 0.297504, 9.733009, 1.397972, 10.628538, 16.071165
1.216494, 0.825873, 0.825498, 3.031120, 0.357822, 2.400188, 5.430934
1.691633, 0.952634, 1.844397, 0.654725, 1.220965, 3.865233, 5.411721
0.075008, 0.134056, 1.292281, 0.437661, 0.995587, 1.204651, 2.800537
0.776800, 1.391827, 1.352112, 0.739971, 2.466332, 4.634959, 5.335215
0.162748, 0.207268, 0.600551, 0.009905, 1.509183, 1.879199, 2.282386
0.284660, 1.342401, 1.465360, 0.613262, 2.067290, 3.694350, 4.430571
2.041850, 1.025567, 1.007287, 0.546066, 0.757121, 3.824538, 4.352324
2.277204, 1.764794, 1.185032, 8.501117, 2.089306, 6.131304, 14.052658
4.715487, 0.829095, 0.355227, 2.390663, 1.011929, 6.556511, 8.473307
1.247550, 0.656077, 0.862672, 0.767327, 0.603915, 2.507542, 3.481465
0.716755, 0.588368, 0.720838, 1.018577, 1.413369, 2.718492, 3.869539
0.018072, 1.121607, 1.289811, 0.509769, 1.699789, 2.839468, 3.517441
0.201274, 1.670485, 1.762652, 0.765981, 1.473380, 3.345140, 4.203287
2.950326, 0.403997, 0.373298, 0.598561, 0.842599, 4.196922, 4.764784
0.294813, 0.784084, 2.071337, 2.789725, 1.426985, 2.505882, 6.582860
0.051807, 1.623369, 1.147103, 1.064531, 1.818006, 3.493182, 4.081448
1.435508, 4.622372, 2.380518, 4.130038, 3.109030, 9.166910, 11.055094
12.371982, 19.956471, 0.451505, 64.498504, 14.896768, 47.225221, 92.218760
0.263855, 0.090504, 1.112454, 1.381820, 0.859016, 1.213376, 3.617146
0.508005, 1.098446, 1.361164, 0.405228, 1.577323, 3.183774, 3.851720
0.943345, 0.818527, 1.776621, 0.728742, 0.984919, 2.746791, 4.433627
0.390098, 0.359563, 0.930585, 0.184681, 0.511930, 1.261591, 2.017294
0.049222, 1.843139, 1.339784, 1.179580, 1.837999, 3.730360, 4.406584
1.963607, 0.552491, 1.509847, 1.938100, 0.793276, 3.309374, 6.204831
0.191184, 1.784849, 2.171413, 0.723712, 0.768066, 2.744098, 3.854374
0.487437, 0.768990, 1.001459, 0.280509, 2.234134, 3.490560, 4.003538
1.139280, 0.373673, 1.221256, 0.472425, 1.026113, 2.539066, 3.859075
2.910227, 1.016257, 1.975061, 5.704283, 3.572745, 7.499229, 14.162317
9.511895, 5.799800, 0.441886, 18.661204, 3.394969, 18.706664, 32.009955
0.767802, 1.408674, 1.752135, 0.532310, 2.214684, 4.391160, 5.266931
0.088494, 2.619200, 2.508211, 1.261655, 0.611663, 3.319356, 4.470023
6.332074, 2.468265, 0.679868, 11.529952, 2.998655, 11.798994, 21.540549
0.531089, 0.975895, 1.880092, 0.687638, 0.690128, 2.197112, 3.788947
1.111164, 0.255567, 0.522074, 0.683322, 1.472394, 2.839124, 3.788953
0.174494, 0.628618, 1.812242, 0.123602, 0.531394, 1.334506, 2.641732
3.486054, 1.459517, 0.166234, 4.611253, 0.370496, 5.316067, 8.634038
0.036512, 0.561595, 0.930854, 0.141063, 1.747762, 2.345869, 2.856191
3.244088, 3.308474, 1.136951, 14.620862, 2.338683, 8.891245, 21.340584
0.433866, 0.615319, 0.754155, 2.983054, 1.308547, 2.357733, 5.479623
1.390026, 0.684929, 1.842007, 1.495301, 0.959591, 3.034546, 5.686925
0.738412, 0.145553, 0.283536, 0.040209, 1.289329, 2.173294, 2.351487
4.288051, 3.437031, 1.637036, 16.807201, 8.091575, 15.816657, 30.823864
0.181793, 1.798034, 1.635297, 0.924200, 1.053010, 3.032837, 3.794300
1.226646, 3.080271, 1.507423, 3.033810, 3.424756, 7.731673, 9.192635
0.118040, 0.546570, 0.445572, 0.375062, 2.348062, 3.012671, 3.286736
14.467473, 5.059897, 0.555006, 16.359051, 4.162135, 23.689505, 35.543665
0.181945, 0.394882, 0.568178, 0.346448, 1.890190, 2.467016, 2.986761
0.139003, 2.552873, 2.088040, 1.465905, 1.149357, 3.841233, 4.842305
1.266954, 3.504392, 1.736211, 3.335479, 3.550845, 8.322192, 9.889490
0.221382, 1.151654, 0.815549, 0.897863, 2.426323, 3.799359, 4.361116
0.384274, 1.051364, 1.250319, 0.608796, 0.703898, 2.139536, 2.947287
2.415977, 0.682729, 1.877881, 4.343372, 2.724273, 5.822980, 11.361503
0.968509, 1.420479, 1.571202, 0.628779, 1.105368, 3.494357, 4.273859
1.768145, 1.082712, 0.417667, 1.220010, 1.700499, 4.551356, 5.106321
1.583231, 0.641228, 1.340217, 1.746709, 0.362736, 2.587195, 5.032892
0.668422, 0.050506, 0.850074, 0.547522, 1.154948, 1.873876, 3.220965
1.168706, 0.319335, 0.362102, 1.119905, 1.119603, 2.607644, 3.770316
0.024125, 2.030362, 1.260011, 1.684416, 2.466216, 4.520703, 5.434767
0.034405, 1.546328, 1.983114, 0.654418, 0.966086, 2.546819, 3.638023
0.280160, 0.527985, 0.524257, 1.256768, 1.808091, 2.616236, 3.869276
0.250708, 0.334616, 0.316691, 0.176589, 1.826399, 2.411724, 2.570389
0.193670, 0.836241, 0.920860, 0.349968, 1.903010, 2.932921, 3.367508
1.796363, 1.991923, 1.783152, 1.054747, 0.604464, 4.392749, 5.238726
0.156308, 1.054043, 1.250741, 0.389058, 1.968943, 3.179294, 3.765049
0.359397, 1.356499, 2.292091, 0.806263, 0.435612, 2.151508, 3.893362
1.216038, 0.563142, 0.985749, 1.102178, 1.053318, 2.832498, 4.357283
1.841227, 4.199778, 2.111356, 3.680263, 3.109426, 9.150431, 10.742272
0.024282, 2.195209, 2.254685, 1.000732, 0.898722, 3.118214, 4.178422
0.077558, 0.088766, 0.216021, 0.002336, 2.133584, 2.299908, 2.429499
0.082097, 1.203263, 2.028850, 0.285671, 0.747335, 2.032695, 3.143952
0.348419, 3.924600, 2.231028, 3.253064, 2.146102, 6.419121, 7.978613
0.736199, 0.654815, 0.488721, 3.445138, 1.003546, 2.394560, 5.673604
2.833441, 3.704277, 0.539917, 14.595949, 1.185572, 7.723290, 19.154879
0.093138, 2.435034, 2.345295, 1.157569, 0.848346, 3.376519, 4.444349
2.584270, 0.398810, 0.521935, 2.759894, 0.737476, 3.720557, 6.603576
0.303901, 1.757586, 1.105960, 1.246700, 1.226266, 3.287754, 3.882828
0.237400, 0.963751, 1.208780, 0.604481, 0.773918, 1.975069, 2.824578
0.153879, 0.167903, 0.452683, 0.701953, 1.772600, 2.094382, 3.081116
1.100314, 1.178367, 1.527071, 0.421463, 2.565661, 4.844342, 5.614508
25.198073, 16.917682, 0.219858, 46.154253, 8.393428, 50.509183, 79.965612
1.206614, 2.750393, 1.728130, 2.257027, 2.798846, 6.755854, 7.990618
1.651033, 0.625558, 1.153932, 3.927058, 0.686103, 2.962694, 7.418126
0.621880, 1.083019, 0.462348, 4.047922, 1.407781, 3.112679, 6.539931
0.116610, 1.089346, 0.641127, 0.810065, 2.078189, 3.284145, 3.645990
1.076626, 0.485643, 0.279479, 1.015026, 1.732157, 3.294427, 4.103288
16.395841, 4.223022, 0.473134, 12.254454, 3.196158, 23.815021, 32.319588
0.691155, 0.607215, 1.631130, 3.032132, 0.300292, 1.598662, 5.654709
0.418454, 1.095880, 0.779077, 6.953394, 0.720622, 2.234956, 8.871548
3.082411, 4.820618, 2.350601, 4.610114, 3.853465, 11.756494, 13.896590
0.018489, 0.882758, 1.425303, 0.212406, 1.370029, 2.271276, 3.026226
0.525921, 0.978751, 1.221292, 0.379887, 1.505424, 3.010095, 3.632524
0.807427, 0.612975, 1.815070, 2.542742, 0.667759, 2.088161, 5.832996
2.904863, 0.558553, 1.050312, 4.388431, 1.637243, 5.100659, 9.980849
4.457612, 6.165820, 0.374921, 12.891656, 0.720256, 11.343688, 18.444445
0.237461, 2.340549, 1.425474, 1.691242, 1.217892, 3.795902, 4.572069
0.326813, 0.247052, 0.837211, 0.207604, 1.047984, 1.621850, 2.419613
0.473485, 3.967147, 2.593395, 2.826692, 1.155451, 5.596083, 7.049023
0.841619, 1.437733, 1.336247, 0.736550, 2.150691, 4.430043, 5.065107
0.100328, 1.502463, 0.764183, 1.231150, 1.809609, 3.412399, 3.905269
4.671434, 0.905427, 1.411721, 3.990668, 3.703611, 9.280472, 13.777434
0.133305, 1.755685, 1.464813, 0.982535, 1.149508, 3.038498, 3.730161
0.362833, 1.036657, 1.887951, 0.553377, 0.800837, 2.200328, 3.604998
1.438474, 0.054588, 0.190556, 0.692184, 0.698197, 2.191260, 3.019411
0.044546, 0.980312, 1.336245, 0.318289, 1.172272, 2.197130, 2.871352
3.279505, 3.409144, 0.099638, 9.015368, 0.460819, 7.149469, 12.855331
0.013818, 0.186125, 0.376805, 0.586247, 1.752501, 1.952444, 2.729371
0.067264, 1.930307, 2.120687, 0.825943, 1.093899, 3.091470, 4.107793
0.422253, 0.758546, 2.213271, 1.530243, 1.252319, 2.433119, 5.418086
0.172793, 1.499093, 1.752255, 0.638108, 0.576472, 2.248358, 3.139629
0.005627, 2.950102, 1.799975, 2.259116, 1.946037, 4.901766, 6.010754
3.770724, 2.424919, 0.220119, 9.385546, 0.966508, 7.162151, 14.342897
2.116017, 0.480346, 0.245235, 1.107582, 1.124522, 3.720885, 4.593355
0.841520, 0.414180, 0.363774, 0.308426, 1.631023, 2.886723, 3.144744
0.418200, 1.639490, 2.284781, 0.587291, 0.291267, 2.348957, 3.581539
0.109833, 0.554277, 1.018120, 0.351189, 1.774333, 2.438443, 3.253475
0.708478, 2.487803, 2.079432, 1.534116, 2.115717, 5.311998, 6.437742
0.304084, 0.066915, 0.204235, 0.184411, 1.371712, 1.742711, 2.064442
0.280332, 0.067775, 0.202375, 0.178519, 1.372709, 1.720815, 2.033935
4.249870, 0.612210, 0.702151, 1.495667, 1.120116, 5.982197, 7.567805
0.311105, 0.284139, 0.323698, 0.112760, 1.655524, 2.250767, 2.403087
0.102845, 2.154671, 2.331092, 0.905776, 0.707817, 2.965332, 4.047530
2.339710, 0.920862, 0.879416, 0.599880, 1.010391, 4.270963, 4.829397
0.312175, 1.834889, 1.666507, 1.015851, 1.863481, 4.010545, 4.858014
0.747332, 0.649281, 0.445569, 1.854669, 1.488194, 2.884806, 4.535765
3.862602, 0.713259, 0.310589, 2.199156, 0.788244, 5.364106, 7.160592
0.036462, 1.569170, 1.991842, 0.541326, 0.861433, 2.467065, 3.431063
3.368410, 0.331732, 1.278781, 2.302886, 1.685164, 5.385305, 8.635240
1.687006, 2.665714, 1.759281, 2.119051, 3.365055, 7.717775, 8.930393
0.143512, 1.933900, 1.335933, 1.474111, 2.247300, 4.324712, 5.200856
2.164832, 0.613220, 1.195477, 1.361554, 0.613499, 3.391550, 5.335362
2.822749, 0.109762, 1.477966, 0.719531, 1.147963, 4.080474, 6.168209
3.640806, 1.705579, 0.743252, 7.850027, 1.073584, 6.419969, 13.307669
0.067927, 1.020665, 0.794796, 0.692502, 2.232022, 3.320615, 3.787248
2.247768, 0.163682, 1.432618, 1.177284, 1.154859, 3.566310, 6.012530
2.509123, 0.515200, 1.440789, 1.098265, 0.784290, 3.808613, 5.832467
0.197534, 0.619381, 0.929248, 0.150316, 1.952411, 2.769327, 3.229510
1.627660, 0.892480, 0.780351, 4.207707, 1.240974, 3.761114, 7.856692
0.595643, 0.394881, 1.872287, 0.725637, 0.733291, 1.723815, 3.926858
3.309048, 0.791567, 0.522456, 2.689253, 0.428167, 4.528781, 6.948923
0.294780, 2.179589, 0.944768, 2.281340, 2.445363, 4.919731, 5.966250
0.798718, 1.188824, 0.353505, 1.648417, 1.460060, 3.447602, 4.260700
0.870878, 1.970210, 0.525000, 5.280739, 1.922277, 4.763365, 8.598894
0.373366, 0.226394, 0.883722, 0.088400, 1.308325, 1.908086, 2.653814
4.393271, 1.784040, 1.283841, 8.301364, 3.478725, 9.656036, 17.457201
1.388845, 0.457533, 0.266923, 0.527817, 1.236097, 3.082475, 3.419681
0.155232, 1.045297, 1.045876, 0.581825, 1.325088, 2.525616, 3.108020
0.149524, 1.293826, 2.104350, 0.536312, 0.363936, 1.807286, 3.154122
0.222040, 0.809542, 1.262034, 0.216754, 2.136744, 3.168326, 3.837572
0.213424, 1.773467, 1.293502, 1.140117, 1.424974, 3.411865, 4.072017
2.969207, 3.061040, 0.837124, 13.447380, 1.332795, 7.363042, 18.586506
0.446476, 2.875259, 2.136508, 1.865076, 1.817282, 5.139016, 6.265342
3.221081, 0.771143, 1.817951, 1.973417, 2.516523, 6.508746, 9.528972
2.058476, 0.838701, 1.197086, 0.465754, 0.873093, 3.770270, 4.594408
0.978555, 2.659303, 0.059966, 7.780212, 0.899255, 4.537113, 9.717988
1.107887, 2.854167, 2.251414, 1.845117, 2.062153, 6.024207, 7.266572
1.892010, 3.938834, 2.006482, 3.781225, 3.384293, 9.215137, 11.064010
10.453191, 12.306903, 0.503952, 29.198306, 1.400376, 24.160470, 41.555825
0.172457, 0.776399, 1.526040, 1.356284, 0.558831, 1.507686, 3.613611
0.526539, 0.426789, 0.391502, 0.308531, 1.924554, 2.877882, 3.151126
3.843690, 0.709855, 0.795936, 0.435782, 0.650776, 5.204322, 5.726184
0.276708, 0.707705, 1.693056, 0.042193, 0.461249, 1.445662, 2.473205
0.306959, 1.409274, 1.644347, 0.585063, 0.601260, 2.317493, 3.137629
2.108117, 0.671636, 1.601075, 2.713175, 2.091767, 4.871520, 8.514133
1.761279, 3.092127, 1.193731, 3.595468, 3.668297, 8.521704, 10.218775
0.190600, 2.213657, 0.219288, 4.420678, 1.322191, 3.726449, 6.152758
0.801047, 2.499432, 1.533454, 1.972013, 2.839379, 6.139858, 7.145893
3.300987, 0.588776, 1.489488, 1.594751, 1.772556, 5.662320, 8.157782
1.921691, 0.810615, 1.694457, 5.297147, 1.043405, 3.775712, 9.956700
1.192691, 0.798667, 1.625871, 3.279313, 1.305403, 3.296761, 7.403278
0.035738, 0.715101, 0.637869, 0.392593, 2.073520, 2.824359, 3.139719
19.989475, 16.769454, 0.509393, 46.107323, 10.725772, 47.484701, 77.331963
1.130647, 0.255293, 1.641560, 3.611570, 1.167053, 2.552993, 7.550830
0.187408, 0.203751, 0.372048, 1.046986, 1.426729, 1.817888, 3.033171
1.056867, 0.150885, 0.231403, 1.332120, 0.636567, 1.844318, 3.256957
0.390499, 0.486567, 0.545159, 0.190097, 1.532759, 2.409826, 2.658514
0.197234, 0.078711, 0.819106, 1.551387, 1.055333, 1.331279, 3.623060
2.590062, 3.535761, 1.118825, 16.052347, 2.239242, 8.365065, 22.000476
0.642941, 1.462607, 0.524975, 1.756116, 3.710396, 5.815944, 6.634428
0.816473, 2.075166, 2.176439, 0.893780, 1.073112, 3.964751, 4.959804
0.271782, 0.018598, 0.648858, 0.714694, 1.636117, 1.926496, 3.271451
0.166029, 2.750153, 1.793832, 1.918256, 0.880866, 3.797048, 4.758983
0.597857, 0.546921, 0.473509, 1.321089, 1.540389, 2.685168, 3.932844
0.488770, 0.419636, 0.543992, 0.910615, 1.475058, 2.383463, 3.418434
0.392330, 1.500538, 1.386406, 0.807331, 2.190063, 4.082931, 4.776130
4.535505, 1.544605, 0.072854, 4.332333, 0.466900, 6.547010, 9.407591
2.624317, 1.656220, 0.287173, 5.203547, 0.235335, 4.515872, 8.350372
0.088741, 0.453150, 0.371199, 0.224018, 2.139626, 2.681517, 2.823583
1.068324, 0.744388, 0.985118, 0.733724, 0.863552, 2.676264, 3.650718
7.751278, 2.325123, 0.767938, 10.621179, 2.380417, 12.456819, 21.520813
0.768322, 0.761896, 1.822819, 0.967216, 0.754204, 2.284422, 4.312562
4.147272, 1.446621, 1.557355, 0.572693, 0.788495, 6.382388, 7.065816
0.077182, 0.600317, 0.851899, 0.157630, 1.537855, 2.215354, 2.624566
0.133887, 2.118942, 1.475114, 1.479435, 2.094668, 4.347496, 5.183103
0.335201, 3.544496, 1.698576, 3.548012, 2.748977, 6.628673, 8.330765
0.300548, 1.003509, 1.879014, 0.652113, 0.284173, 1.588230, 3.115848
0.114316, 0.450517, 0.485074, 0.484531, 1.948883, 2.513715, 3.032804
8.734286, 4.311865, 0.156466, 12.507958, 1.442715, 14.488866, 22.841424
1.174718, 1.142308, 0.629252, 5.308313, 1.310612, 3.627638, 8.422894
0.435598, 0.782296, 0.515330, 0.621334, 2.685233, 3.903126, 4.257494
0.126021, 0.876879, 1.550091, 0.285521, 1.381901, 2.384801, 3.343535
0.054615, 0.770926, 1.089231, 0.218492, 1.885459, 2.710999, 3.247797
0.027294, 1.135983, 0.619824, 1.015940, 3.031867, 4.195144, 4.694926
2.151814, 0.621257, 1.640593, 3.276751, 1.649702, 4.422772, 8.718860
0.052867, 0.542065, 1.192742, 0.208671, 1.869713, 2.464644, 3.323993
0.534377, 0.485803, 0.861349, 0.683372, 0.416614, 1.436794, 2.495712
3.234979, 2.050640, 1.212963, 9.663593, 1.473641, 6.759260, 15.585176
0.611095, 5.031802, 2.666292, 4.362354, 1.828486, 7.471383, 9.468227
0.239400, 1.157964, 0.858226, 0.828431, 2.180417, 3.577780, 4.106474
2.618435, 0.225248, 0.954904, 1.658859, 1.485344, 4.329027, 6.717543
0.396023, 0.238965, 0.799329, 0.591472, 1.441342, 2.076331, 3.228166
1.181612, 0.457599, 0.823542, 1.484025, 1.208640, 2.847851, 4.697819
0.156654, 1.161244, 2.443365, 0.654847, 0.271849, 1.589747, 3.526715
1.804365, 1.245917, 0.560624, 7.121394, 0.745573, 3.795855, 10.231956
0.322428, 1.144105, 2.388186, 0.648043, 0.592427, 2.058960, 3.951084
0.340047, 0.026317, 1.503268, 1.449751, 0.548041, 0.914405, 3.841107
0.908991, 2.429531, 1.800146, 1.674877, 2.603010, 5.941532, 6.987024
4.742823, 0.613014, 1.484220, 2.714283, 2.486896, 7.842733, 11.428222
0.048343, 3.502244, 2.421998, 2.437354, 1.055869, 4.606456, 5.963564
0.198541, 0.461330, 0.358416, 0.316808, 1.555311, 2.215183, 2.429076
6.996524, 0.808444, 0.674149, 2.778325, 1.346409, 9.151377, 11.795407
0.063116, 1.027250, 1.437911, 0.297166, 1.365350, 2.455717, 3.163544
5.238130, 4.971853, 1.633100, 22.054671, 8.658546, 18.868529, 37.584448
0.491155, 1.050729, 1.015588, 0.514378, 2.284560, 3.826443, 4.305680
0.103634, 0.207465, 0.888403, 0.227027, 1.267456, 1.578555, 2.486520
0.399993, 2.595956, 1.971931, 1.671516, 1.864923, 4.860872, 5.908363
2.757975, 0.240635, 1.772794, 2.292423, 3.130309, 6.128919, 9.953501
0.129808, 1.747495, 1.186425, 1.157618, 1.125550, 3.002854, 3.599401
0.191708, 0.932559, 0.566372, 0.777634, 2.084983, 3.209251, 3.620698
0.507468, 2.090294, 1.844634, 1.242169, 2.057724, 4.655485, 5.651995
0.299468, 1.660442, 1.398980, 0.907584, 1.791653, 3.751562, 4.397684
3.856677, 5.417687, 0.424683, 19.005059, 1.925084, 11.199448, 25.211503
0.219491, 3.406270, 1.737240, 2.906165, 1.554712, 5.180473, 6.417608
0.904723, 0.947727, 1.351007, 0.239616, 1.314922, 3.167372, 3.810269
0.134794, 1.628100, 2.372713, 0.582425, 0.354254, 2.117147, 3.444185
6.076314, 0.922246, 0.645193, 2.965923, 1.318050, 8.316610, 11.005480
1.958766, 0.899439, 0.068584, 3.107123, 0.757684, 3.615889, 5.892156
0.277353, 1.131958, 0.609444, 0.923531, 2.173649, 3.582959, 3.983976
0.254672, 0.939534, 2.235023, 0.742969, 0.655282, 1.849489, 3.887946
11.330833, 7.183763, 0.267769, 19.122187, 1.938794, 20.453389, 32.659582
0.195033, 0.382949, 0.369633, 0.203683, 1.874109, 2.452092, 2.642458
1.263741, 0.653981, 0.444310, 1.823564, 1.361922, 3.279644, 4.893538
0.749419, 0.784467, 2.415080, 1.259844, 1.980329, 3.514215, 6.404671
0.064008, 0.912985, 0.868145, 0.445967, 2.235356, 3.212349, 3.613477
1.022041, 0.080309, 0.692106, 0.265677, 0.501923, 1.604273, 2.481747
0.481134, 2.403851, 1.388076, 2.119262, 2.640435, 5.525420, 6.628907
3.110450, 1.223101, 1.084369, 5.615642, 1.782033, 6.115584, 11.592494
0.192921, 1.629246, 1.261687, 0.961015, 1.602899, 3.425066, 4.018522
0.103381, 0.173006, 1.271394, 0.375731, 1.187022, 1.463409, 2.937529
1.286586, 4.355850, 2.137418, 4.281139, 3.130402, 8.772837, 10.835545
1.513561, 4.660276, 2.027675, 4.819573, 3.371126, 9.544963, 11.731934
0.488081, 2.335886, 1.353560, 2.058696, 2.578898, 5.402866, 6.479236
0.523133, 0.833796, 0.427913, 0.724838, 2.485153, 3.842082, 4.161036
0.178752, 1.435565, 1.682776, 0.626313, 0.630792, 2.245109, 3.118633
0.510181, 0.029565, 0.785376, 1.047934, 0.622875, 1.162622, 2.966367
0.398198, 0.645346, 2.376217, 1.916726, 1.009382, 2.052926, 5.700522
0.023172, 1.487278, 1.229174, 0.938517, 2.093374, 3.603824, 4.284237
4.529718, 0.907166, 1.023294, 2.400066, 1.227739, 6.664624, 9.180819
0.319199, 0.144320, 0.262550, 0.058607, 2.191759, 2.655278, 2.832115
3.772977, 3.987984, 0.526067, 7.322170, 1.007738, 8.768698, 12.628952
0.252136, 3.752549, 2.228107, 2.984703, 1.852589, 5.857274, 7.317535
1.198545, 2.335300, 2.031974, 1.333726, 2.128415, 5.662259, 6.692659
0.092321, 0.473852, 1.618014, 0.205535, 0.823835, 1.390008, 2.739705
0.050215, 0.745956, 1.340859, 0.148458, 1.476292, 2.272463, 3.015824
0.552567, 0.569674, 1.176356, 0.054442, 2.248475, 3.370716, 4.031840
0.770810, 1.510196, 2.248202, 0.530849, 1.146368, 3.427374, 4.696229
1.074589, 0.492918, 1.375545, 0.040226, 0.745250, 2.312758, 3.235611
1.469406, 1.052785, 2.173788, 0.504846, 0.880106, 3.402297, 5.028147
2.062898, 0.744903, 1.740158, 3.639199, 2.382494, 5.190295, 9.824748
0.853096, 0.983208, 2.709355, 0.746137, 1.245090, 3.081393, 5.553677
9.448999, 12.647909, 0.691343, 28.497900, 0.905195, 23.002103, 39.543437
0.148835, 2.889638, 1.646679, 2.290237, 1.186067, 4.224540, 5.271817
0.262411, 0.603125, 0.803786, 0.194910, 1.838817, 2.704353, 3.099923
3.045890, 3.437043, 1.661880, 16.203009, 4.746715, 11.229649, 25.657495
0.134883, 0.014338, 0.243610, 0.115333, 1.843980, 1.993200, 2.337806
0.109117, 0.096782, 0.438445, 0.594298, 1.724152, 1.930051, 2.866012
0.938628, 1.742695, 1.090921, 1.396976, 3.245540, 5.926864, 6.672065
0.069413, 0.212483, 1.085204, 0.919425, 1.210276, 1.492172, 3.284318
0.090008, 0.312326, 1.563649, 0.762730, 0.571865, 0.974199, 2.988252
1.206555, 1.355522, 1.692833, 0.554095, 0.778186, 3.340263, 4.231670
0.395054, 2.368496, 0.262665, 4.460726, 1.292365, 4.055914, 6.410809
4.058251, 0.741527, 1.298105, 0.536322, 1.334049, 6.133828, 7.226727
0.895792, 0.752170, 0.452096, 1.498091, 1.512405, 3.160367, 4.358384
2.300695, 0.549202, 0.199005, 0.820812, 1.153778, 4.003675, 4.474290
2.310660, 1.358057, 0.548993, 5.063765, 0.480629, 4.149347, 8.404047
1.604611, 3.010534, 1.448269, 2.977143, 3.448614, 8.063759, 9.478637
2.266059, 0.584707, 1.006441, 2.739412, 0.469000, 3.319766, 6.480911
0.719098, 2.874598, 0.229921, 5.917092, 1.092853, 4.686550, 7.958965
4.927887, 1.088472, 0.091158, 3.335564, 0.756300, 6.772659, 9.110910
0.922394, 0.937978, 0.155361, 2.457684, 1.445443, 3.305815, 4.980882
0.223313, 2.316649, 1.899435, 1.359630, 1.854088, 4.394050, 5.336466
0.825409, 0.143767, 0.666661, 0.130092, 0.505929, 1.475105, 2.128092
1.561768, 3.149481, 1.574853, 3.083094, 3.440510, 8.151760, 9.660225
3.372797, 0.474778, 0.861721, 2.024972, 0.311158, 4.158733, 6.570647
0.610757, 0.456974, 0.946047, 0.476317, 1.510213, 2.577943, 3.543333
2.712454, 0.607878, 0.717596, 1.605435, 0.605415, 3.925746, 5.640899
0.848984, 1.856580, 1.280390, 1.250641, 0.967386, 3.672950, 4.347401
0.703458, 2.302676, 1.437219, 1.899222, 2.613587, 5.619722, 6.653486
1.010663, 0.727873, 0.792653, 1.267970, 0.290188, 2.028724, 3.361474
6.485269, 0.463595, 0.420863, 1.891333, 1.107384, 8.056249, 9.904849
0.339234, 1.934011, 1.211906, 1.663861, 2.626355, 4.899601, 5.841357
0.286155, 3.097526, 2.845393, 1.547289, 0.507240, 3.890921, 5.186076
2.069360, 0.448638, 0.625272, 1.659657, 1.373239, 3.891237, 5.727528
2.596584, 0.613753, 1.276350, 3.305476, 0.897101, 4.107438, 8.075512
7.925149, 2.700821, 0.614513, 9.407229, 1.198961, 11.824931, 19.145853
1.698577, 0.556403, 1.732591, 1.573091, 0.927197, 3.182177, 5.931456
0.620636, 0.412176, 0.801657, 2.017430, 1.108456, 2.141268, 4.548179
0.204744, 0.375024, 0.213506, 1.481014, 1.336670, 1.916438, 3.235934
0.044897, 0.687995, 0.154954, 1.564811, 1.859413, 2.592305, 3.624075
0.103305, 0.884483, 1.171012, 0.646755, 1.536173, 2.523961, 3.457246
0.084494, 0.064225, 1.220722, 0.777130, 0.979222, 1.127941, 3.061568
0.783542, 0.365779, 1.456254, 2.075125, 1.583864, 2.733185, 5.898784
0.222818, 0.441688, 1.749975, 0.301662, 0.570499, 1.235004, 2.844953
0.080922, 0.287750, 0.325740, 0.268847, 1.847402, 2.216074, 2.522910
3.928305, 1.064285, 1.420650, 5.079710, 1.452616, 6.445206, 11.881282
3.214870, 0.742287, 0.371197, 1.614696, 1.188614, 5.145771, 6.389377
1.703462, 1.448991, 1.042024, 7.190802, 0.580855, 3.733308, 10.517143
0.004763, 1.072132, 0.643148, 0.934664, 2.419306, 3.496202, 4.001882
0.131098, 1.155719, 1.143629, 0.605424, 2.041227, 3.328045, 3.921378
0.996954, 2.968805, 1.827884, 2.432149, 2.935003, 6.900762, 8.191990
0.333376, 1.051829, 0.993681, 0.548346, 2.327197, 3.712402, 4.202600
0.035200, 2.790155, 1.000352, 3.084303, 2.465769, 5.291124, 6.585624
5.134895, 1.223952, 1.010007, 5.899471, 1.897728, 8.256575, 13.942102
0.111576, 0.669009, 1.536642, 0.171867, 0.940396, 1.720981, 2.760483
2.299497, 0.280391, 0.458254, 0.848956, 1.070876, 3.650764, 4.677583
0.023147, 2.041599, 1.446362, 1.506196, 1.969720, 4.034466, 4.945425
0.856499, 0.921668, 1.046787, 0.377986, 2.540045, 4.318213, 4.821317
0.417198, 0.694879, 2.260481, 1.524942, 0.631005, 1.743082, 4.833626
2.750395, 7.044593, 1.203025, 11.048127, 1.105238, 10.900226, 16.106785
1.361360, 0.712383, 1.263971, 1.136510, 0.964976, 3.038719, 4.726818
1.025996, 2.030205, 1.563030, 1.312649, 2.546867, 5.603067, 6.448541
0.767449, 0.854578, 0.466158, 1.879666, 1.200727, 2.822755, 4.314000
0.060077, 0.181439, 0.742926, 0.150653, 1.496763, 1.738279, 2.450419
0.845524, 0.686070, 2.057304, 1.842928, 0.657673, 2.189268, 5.403429
2.108115, 0.513827, 0.263650, 2.064732, 1.180346, 3.802288, 5.616843
0.065233, 1.960301, 2.100614, 0.837638, 1.019149, 3.044683, 4.022634
0.161674, 0.271110, 0.588855, 0.766740, 1.556437, 1.989222, 3.073706
0.580081, 0.363913, 0.828287, 0.211965, 1.964837, 2.908832, 3.585170
0.100850, 0.916278, 0.714317, 0.617594, 2.654913, 3.672041, 4.087675
0.706443, 0.706030, 1.322435, 2.013670, 0.669809, 2.082282, 4.712357
0.654490, 1.244449, 2.107142, 0.468543, 0.607437, 2.506376, 3.837613
2.402226, 0.457532, 0.774128, 1.119289, 0.270166, 3.129923, 4.565809
0.045009, 0.104577, 0.421511, 0.132432, 1.536741, 1.686327, 2.135693
0.200287, 0.377151, 0.999669, 0.524169, 1.170941, 1.748379, 2.895067
0.844211, 0.614808, 1.005974, 1.457998, 0.790173, 2.249193, 4.098357
0.046276, 1.526128, 1.970555, 0.609311, 0.673731, 2.246135, 3.299873
2.109935, 0.957769, 1.357982, 5.285535, 1.365617, 4.433322, 10.119070
0.120854, 1.480605, 1.255217, 0.905917, 2.351772, 3.953231, 4.633759
0.742412, 0.863968, 0.218714, 1.371565, 1.327251, 2.933631, 3.659942
0.280151, 0.710173, 1.385793, 0.179356, 1.878978, 2.869302, 3.724278
0.630058, 1.102538, 1.582690, 0.544390, 1.054863, 2.787460, 3.812001
0.233803, 2.388604, 1.217879, 2.270929, 2.443694, 5.066101, 6.166305
0.007256, 1.044215, 1.139254, 0.475459, 1.891293, 2.942764, 3.513262
0.374018, 0.781712, 1.959051, 0.017750, 0.576094, 1.731825, 2.926913
0.069743, 1.080216, 2.098592, 0.771947, 0.500240, 1.650199, 3.440521
0.017243, 0.492101, 0.671031, 0.122949, 2.090858, 2.600202, 2.902081
0.386856, 1.477715, 0.750446, 1.463169, 2.376566, 4.241138, 4.977038
0.176516, 0.698611, 2.186388, 2.369886, 0.460931, 1.336058, 5.193721
0.161382, 2.258319, 1.169774, 1.957058, 2.195927, 4.615629, 5.484142
0.102579, 0.502056, 1.106366, 0.033117, 1.816476, 2.421112, 3.058538
1.342666, 0.704230, 0.950530, 0.512448, 0.438170, 2.485066, 3.243815
4.332088, 1.446975, 1.232667, 6.673078, 3.246022, 9.025085, 15.483855
2.474725, 0.850385, 1.731508, 1.533113, 1.197493, 4.522603, 6.936840
1.464201, 4.837168, 2.577473, 4.171542, 2.952391, 9.253760, 11.165607
0.134774, 0.995339, 0.842609, 0.588230, 1.504502, 2.634615, 3.070115
0.123246, 0.698973, 1.208540, 0.172717, 1.197888, 2.020107, 2.702391
5.036153, 7.618921, 1.660114, 32.583932, 12.778253, 25.433326, 52.058452
0.400691, 3.819353, 1.880898, 3.726006, 2.620379, 6.840422, 8.627974
0.083574, 0.481610, 1.271741, 0.214707, 1.637668, 2.202852, 3.207689
0.615242, 3.876059, 2.443551, 2.873288, 1.556299, 6.047600, 7.488380
1.649951, 3.451864, 2.042321, 2.973435, 3.063527, 8.165343, 9.729234
0.091019, 2.064792, 2.202188, 0.901511, 0.701820, 2.857630, 3.896538
0.726344, 1.298167, 1.913299, 0.501482, 1.000685, 3.025196, 4.141810
0.742754, 1.649186, 1.620214, 0.786236, 0.640733, 3.032673, 3.789937
1.435325, 0.624925, 1.347140, 6.226285, 1.395497, 3.455747, 10.404246
0.578038, 1.436312, 0.167583, 5.547410, 0.895860, 2.910209, 7.188890
31.746366, 15.603915, 0.294713, 40.228736, 8.015629, 55.365910, 80.285444
0.903245, 3.667383, 2.354776, 2.700811, 2.692071, 7.262698, 8.650902
0.104876, 0.172971, 0.523743, 0.497502, 1.420481, 1.698328, 2.546602
0.590093, 2.940881, 1.658239, 2.266390, 2.215111, 5.746085, 6.729834
9.255737, 5.308619, 0.267266, 15.436270, 1.845396, 16.409753, 26.804670
11.944015, 5.325393, 0.627140, 18.425502, 5.247508, 22.516916, 36.244165
0.022619, 0.816026, 0.540172, 0.690604, 2.707422, 3.546067, 3.960817
0.443139, 1.427252, 2.260771, 0.481099, 0.821821, 2.692212, 4.006830
0.717292, 0.918202, 2.354302, 1.155906, 1.687471, 3.322965, 5.914971
4.483746, 1.982912, 0.288355, 5.834043, 0.869090, 7.335749, 11.475234
0.579952, 1.001441, 0.835524, 0.641934, 0.703615, 2.285008, 2.761025
0.213966, 0.804031, 1.176611, 0.542354, 1.246922, 2.264919, 3.179854
0.656145, 1.350364, 1.580578, 0.593577, 0.394567, 2.401076, 3.224867
1.340097, 0.684164, 0.985922, 0.689092, 0.546763, 2.571024, 3.561874
1.782036, 2.773761, 0.224242, 5.604904, 0.837967, 5.393763, 8.449147
5.073691, 7.903215, 0.799556, 14.751294, 0.757499, 13.734405, 21.382040
1.283348, 0.856172, 1.894340, 5.233612, 1.912492, 4.052013, 10.323793
0.118164, 1.780473, 1.887200, 0.791810, 1.291861, 3.190497, 4.089035
5.743169, 2.941677, 0.208959, 8.695431, 0.920206, 9.605052, 15.567765
0.130053, 2.701043, 1.243863, 2.510492, 1.987752, 4.818849, 5.872160
0.101266, 1.871108, 1.605110, 1.106335, 1.023494, 2.995868, 3.836205
0.858125, 1.036142, 0.735358, 0.656069, 1.539844, 3.434111, 3.789397
0.211801, 1.227289, 1.560910, 0.585230, 1.537614, 2.976704, 3.895555
1.425317, 0.573030, 1.728394, 2.435832, 0.928848, 2.927195, 6.518390
3.654800, 0.572281, 1.406790, 4.631661, 2.662061, 6.889142, 12.355312
0.230890, 1.967988, 1.747430, 1.031709, 1.349649, 3.548527, 4.359678
0.735873, 1.945458, 0.232648, 7.024177, 0.776249, 3.457580, 8.768947
1.617110, 3.911515, 0.491750, 7.225448, 1.196819, 6.725443, 10.531126
1.569949, 3.881118, 2.152680, 3.386660, 2.810602, 8.261669, 9.919891
0.202167, 2.227871, 1.106239, 1.967210, 1.615114, 4.045151, 4.890728
0.289663, 2.050304, 1.020081, 1.747928, 1.391488, 3.731454, 4.449159
5.860960, 5.274776, 0.276747, 16.814543, 0.968693, 12.104430, 23.920944
1.208046, 0.539830, 0.270731, 2.052172, 0.963733, 2.711609, 4.494682
2.516562, 0.604894, 1.239527, 1.381885, 1.048026, 4.169481, 6.185999
0.116269, 2.029605, 1.681362, 1.223736, 1.731140, 3.877014, 4.752507
0.400517, 2.523845, 1.690564, 1.908641, 2.634843, 5.559205, 6.634566
1.209200, 2.231006, 1.307439, 1.947464, 2.995871, 6.436078, 7.459974
1.107380, 2.533486, 0.401203, 4.305654, 1.561034, 5.201900, 7.375271
0.514840, 2.033095, 1.126946, 1.897419, 3.073128, 5.621064, 6.612333
1.368603, 1.299800, 0.094357, 3.296644, 1.046937, 3.715341, 5.806542
0.858262, 4.816044, 2.808909, 3.836126, 1.535421, 7.209727, 9.038718
1.924149, 0.897525, 1.107742, 5.471893, 1.143803, 3.965476, 9.647587
3.018299, 1.044180, 1.089855, 5.223857, 1.036359, 5.098838, 10.368370
1.947063, 0.703380, 1.251200, 2.085622, 1.134603, 3.785046, 6.418488
1.177769, 0.950091, 1.462565, 0.964387, 1.082194, 3.210054, 4.686914
1.410880, 1.363988, 0.262208, 2.476404, 1.684341, 4.459209, 5.833833
0.449758, 0.587624, 1.585855, 0.008913, 0.942302, 1.979684, 2.986828
24.427247, 17.691714, 0.569802, 43.428824, 6.959637, 49.078599, 75.385511
2.088792, 1.468749, 0.415622, 6.446670, 0.907695, 4.465236, 9.858779
0.318613, 0.757814, 0.654461, 0.471982, 1.758703, 2.835130, 3.203759
0.487938, 0.568033, 0.364372, 0.554873, 1.799902, 2.855873, 3.207085
2.024349, 0.661376, 2.012231, 1.588891, 1.558201, 4.243926, 7.183672
3.136348, 2.123321, 0.864311, 9.603663, 1.396341, 6.656010, 15.000663
0.647424, 1.466458, 1.913687, 0.589003, 1.136848, 3.250730, 4.286962
0.068726, 0.391368, 1.611338, 1.339907, 0.615117, 1.075211, 3.635088
0.112814, 2.788752, 1.520994, 2.306595, 1.396458, 4.298024, 5.336861
0.071457, 0.257341, 0.510174, 0.857536, 1.605663, 1.934461, 3.044831
2.350830, 0.419480, 0.140974, 1.887391, 1.005466, 3.775777, 5.384662
0.044171, 0.454517, 0.766449, 0.163641, 1.736819, 2.235507, 2.711081
12.678791, 8.938397, 0.601345, 31.122249, 7.594376, 29.211565, 51.996761
0.939753, 0.303027, 0.391847, 0.193241, 1.581387, 2.824167, 3.106228
2.025534, 0.734345, 0.601504, 4.789619, 0.780287, 3.540166, 8.196943
0.009197, 1.325600, 0.852471, 1.087669, 2.253030, 3.587828, 4.202368
0.031987, 1.076999, 0.678477, 0.885851, 2.065994, 3.174979, 3.662309
1.423184, 0.045369, 0.875179, 1.093471, 0.577035, 2.045588, 3.968869
1.979601, 3.730917, 1.852628, 3.572548, 3.676717, 9.387235, 11.081494
0.086138, 1.069251, 0.238975, 1.690593, 2.011433, 3.166821, 4.027139
0.652357, 0.610337, 2.469205, 2.879623, 2.359881, 3.622574, 8.361065
0.545706, 3.998960, 2.292672, 3.204799, 1.932836, 6.477502, 7.976013
2.758968, 0.423582, 0.707043, 2.178821, 1.300364, 4.482914, 6.945197
3.547660, 0.726385, 0.823996, 2.509493, 1.058967, 5.333011, 7.940115
0.041715, 1.321010, 2.180625, 0.676741, 0.673952, 2.036676, 3.573031
0.160785, 1.724976, 2.255207, 0.668401, 0.440267, 2.326027, 3.524660
4.874960, 3.976816, 0.348873, 13.099436, 0.612407, 9.464183, 18.935677
3.945359, 1.068638, 1.541726, 4.019712, 1.718616, 6.732613, 11.225413
0.386056, 0.898823, 0.988213, 0.379721, 1.589492, 2.874371, 3.343482
0.274043, 0.429942, 0.950722, 0.039531, 1.263912, 1.967897, 2.528209
0.830907, 0.255189, 0.911221, 0.952462, 1.081157, 2.167254, 3.775747
0.393544, 4.016645, 2.248809, 3.359954, 2.363104, 6.773293, 8.365411
6.621206, 2.578304, 0.713026, 10.223036, 2.621712, 11.821221, 20.178979
0.004065, 0.942803, 1.089474, 0.440652, 1.963460, 2.910328, 3.497651
5.156215, 3.383730, 0.314008, 10.788369, 1.238539, 9.778484, 17.497131
3.070776, 0.663776, 0.819048, 2.224704, 0.632187, 4.366738, 6.746715
0.035494, 0.295045, 0.834800, 0.072549, 1.854766, 2.185306, 2.797608
0.064339, 0.670008, 0.470129, 0.530865, 2.289017, 3.023364, 3.354350
1.327221, 0.595904, 1.298394, 4.590829, 1.313494, 3.236620, 8.529939
6.130254, 2.115044, 0.323670, 8.712403, 1.375431, 9.620730, 16.541759
0.548768, 1.405570, 2.208644, 0.570977, 1.011596, 2.965933, 4.339984
0.307991, 0.571161, 0.722918, 0.720089, 1.312118, 2.191269, 3.063116
0.107350, 1.950450, 1.920317, 0.924905, 0.946625, 3.004425, 3.899197
1.923777, 0.661569, 1.897686, 2.145992, 2.479957, 5.065303, 8.447411
7.528713, 7.532344, 0.391719, 25.453475, 4.269143, 19.330200, 37.643050
0.467125, 1.225944, 1.140291, 0.658260, 0.693159, 2.386228, 2.958835
4.395296, 6.343217, 0.243725, 15.010902, 1.035606, 11.774118, 20.685528
0.313068, 0.018510, 0.069844, 0.019135, 2.230772, 2.562350, 2.632818
1.825129, 0.517841, 0.205293, 2.207589, 0.902519, 3.245489, 5.140530
14.115364, 17.042072, 0.416757, 46.667137, 6.397338, 37.554774, 67.596597
0.112230, 2.300982, 1.680075, 1.454542, 1.270538, 3.683749, 4.517384
4.152999, 0.533070, 2.097190, 3.118907, 3.964817, 8.650886, 13.333914
0.251608, 0.616976, 0.856920, 0.377132, 1.927759, 2.796342, 3.413419
0.344102, 0.139163, 0.931221, 1.012982, 1.171764, 1.655029, 3.460069
1.480720, 0.826474, 1.146020, 2.689158, 1.146414, 3.453607, 6.462311
0.131868, 1.691382, 0.936147, 1.541310, 1.867123, 3.690373, 4.476448
0.087692, 0.598140, 1.692737, 0.154010, 0.659596, 1.345427, 2.594034
0.481888, 1.404698, 1.770384, 0.527853, 0.447539, 2.334126, 3.227665
0.121493, 2.656036, 1.839948, 1.774876, 0.894449, 3.671978, 4.630765
0.474983, 0.099343, 0.233529, 0.061365, 2.287627, 2.861953, 3.057504
0.142634, 2.197520, 2.035810, 1.093421, 1.465922, 3.806076, 4.737787
0.419474, 2.631472, 1.067555, 2.951651, 2.753956, 5.804902, 7.192636
3.150225, 0.931468, 1.076382, 6.252112, 0.954227, 5.035921, 11.432946
0.017110, 0.632944, 1.010304, 0.177000, 1.915904, 2.565958, 3.120318
0.596106, 0.287735, 1.430444, 3.139113, 0.319396, 1.203237, 5.485059
0.415361, 0.677722, 0.632777, 0.360360, 2.513668, 3.606751, 3.922167
0.356137, 0.281881, 0.353843, 0.520060, 1.532492, 2.170510, 2.762533
1.407909, 0.514350, 0.734650, 2.439346, 0.985313, 2.907572, 5.567218
2.809029, 0.522767, 1.128390, 1.135670, 0.673654, 4.005450, 5.746743
0.056779, 1.175551, 1.374837, 0.524411, 1.902207, 3.134537, 3.858234
0.040842, 3.476695, 2.205675, 2.638883, 1.317871, 4.835408, 6.203272
0.118494, 2.061397, 2.213309, 0.879392, 0.520326, 2.700217, 3.731521
1.984413, 0.664986, 0.906214, 1.821626, 0.422894, 3.072293, 5.135147
0.004680, 1.939153, 1.045942, 1.839359, 2.549648, 4.493480, 5.439629
26.159295, 15.287557, 0.524570, 49.090252, 19.123399, 60.570251, 94.897517
0.731531, 2.164084, 0.318811, 4.428619, 1.470722, 4.366337, 6.949683
0.036454, 1.351915, 1.302893, 0.685381, 2.009313, 3.397682, 4.034041
0.566455, 0.546046, 1.892653, 1.948652, 0.389407, 1.501907, 4.797166
1.183017, 0.033527, 0.382994, 0.641300, 0.403260, 1.619804, 2.610571
0.576966, 0.108721, 0.902950, 0.501281, 0.757303, 1.442990, 2.738500
0.167532, 0.389588, 1.375897, 0.117316, 0.676169, 1.233288, 2.336914
0.528790, 0.116789, 0.927234, 0.487823, 0.736979, 1.382558, 2.680826
