18.284639
18.284639
13.128227
10.414428
9.749222
9.749222
9.749222
9.384931
9.384931
9.384931
9.384931
9.384931
9.384931
8.296534
8.296534
8.296534
8.296534
8.296534
6.740942
6.740942
6.740942
6.740942
6.209517
6.209517
6.209517
6.209517
6.209517
6.209517
6.209517
6.209517
6.209517
6.209517
6.209517
6.209517
6.209517
6.209517
5.912867
5.912867
5.912867
5.912867
5.912867
5.912867
5.569335
5.569335
5.569335
5.569335
5.569335
5.569335
5.569335
5.569335
4.412105
4.412105
4.412105
4.412105
4.412105
4.412105
4.412105
4.412105
4.412105
4.412105
4.412105
4.412105
4.412105
4.412105
4.412105
4.412105
4.412105
4.412105
4.412105
4.412105
4.412105
4.412105
4.412105
4.412105
4.412105
4.412105
4.412105
4.412105
4.412105
4.412105
4.412105
4.412105
4.412105
4.412105
4.412105
4.412105
4.340604
4.340604
4.340604
4.340604
4.340604
4.340604
4.340604
4.340604
4.340604
4.340604
4.340604
4.340604
4.340604
4.340604
4.340604
4.340604
4.340604
4.340604
4.340604
4.340604
4.340604
4.340604
3.205665
3.205665
3.205665
3.205665
3.205665
3.205665
3.205665
3.205665
2.954265
2.954265
2.954265
2.954265
2.954265
2.954265
2.954265
2.954265
2.516643
2.516643
2.516643
2.516643
2.516643
2.516643
2.516643
2.270568
2.270568
2.270568
2.270568
2.270568
2.270568
2.270568
1.832343
1.832343
1.832343
1.832343
1.832343
1.832343
1.832343
1.832343
1.832343
1.832343
1.832343
1.832343
1.832343
1.832343
1.832343
1.832343
1.832343
1.832343
1.832343
1.832343
1.832343
1.832343
1.832343
1.686739
1.686739
1.686739
1.686739
1.686739
1.686739
1.686739
1.686739
1.627633
1.627633
1.627633
1.627633
1.627633
1.627633
1.627633
1.627633
1.627633
1.627633
1.627633
1.627633
1.627633
1.627633
1.627633
1.627633
1.627633
1.627633
1.627633
1.627633
1.627633
1.627633
1.592049
1.592049
1.592049
1.592049
1.592049
1.592049
1.592049
1.592049
1.592049
1.592049
1.592049
1.592049
1.492215
1.492215
1.492215
1.492215
1.492215
1.492215
1.492215
1.492215
1.492215
1.492215
1.492215
1.492215
1.492215
1.492215
1.438545
1.438545
1.438545
1.438545
1.438545
1.438545
1.438545
1.438545
1.438545
1.438545
1.438545
1.438545
1.438545
1.431961
1.431961
1.431961
1.431961
1.431961
1.431961
1.431961
1.431961
1.431961
1.393954
1.393954
1.393954
1.393954
1.393954
1.393954
1.393954
1.393954
1.393954
1.393954
1.393954
1.393954
1.393954
1.393954
1.393954
1.393954
1.393954
1.393954
1.393954
1.393954
1.393954
1.393954
1.393954
1.393954
1.393954
1.393954
1.393954
1.393954
1.393954
1.393954
1.393954
1.393954
1.393954
1.393954
1.393954
1.393954
1.393954
1.393954
1.393954
1.393954
1.393954
1.393954
1.393954
1.393954
1.393954
1.393954
1.393954
1.393954
1.393954
1.393954
1.393954
1.393954
1.393954
1.393954
1.393954
1.393954
1.393954
1.393954
1.393954
1.393954
1.393954
1.393954
1.393954
1.393954
1.393954
1.393954
1.393954
1.393954
1.393954
1.393954
1.393954
1.393954
1.393954
1.391262
1.391262
1.391262
1.391262
1.391262
1.391262
1.391262
1.391262
1.391262
1.391262
1.391262
1.391262
1.391262
1.391262
1.391262
1.391262
1.391262
1.391262
1.391262
1.391262
1.391262
1.391262
1.391262
1.391262
1.391262
1.391262
1.391262
1.391262
1.391262
1.391262
1.391262
1.391262
1.391262
1.374921
1.374921
1.374921
1.374921
1.374921
1.374921
1.374921
1.374921
1.374921
1.374921
1.374921
1.374921
1.374921
1.374921
1.374921
1.374921
1.374921
1.374921
1.374921
1.374921
1.374921
1.374921
1.374921
1.374921
1.374921
1.374921
1.374921
1.374921
1.374921
1.374921
1.374921
1.374921
1.374921
1.374921
1.374921
1.374921
1.374921
1.374921
1.374921
1.374921
1.374921
1.374921
1.374921
1.374921
1.374921
1.374921
1.374921
1.374921
1.374921
1.374921
1.374921
1.35453
1.35453
1.35453
1.35453
1.35453
1.35453
1.35453
1.35453
1.35453
1.35453
1.35453
1.35453
1.35453
1.35453
1.35453
1.35453
1.35453
1.35453
1.35453
1.35453
1.35453
1.35453
1.35453
1.35453
1.35453
1.35453
1.35453
1.35453
1.35453
1.35453
1.35453
1.35453
1.35453
1.35453
1.35453
1.35453
1.35453
1.35453
1.35453
1.35453
1.35453
1.35453
1.35453
1.35453
1.35453
1.35453
1.35453
1.35453
1.35453
1.35453
1.35453
1.35453
1.35453
1.35453
1.35453
1.35453
1.35453
1.35453
1.35453
1.35453
1.35453
1.35453
1.35453
1.35453
1.35453
1.35453
1.35453
1.35453
1.35453
1.35453
1.35453
1.348105
1.348105
1.348105
1.348105
1.348105
1.348105
1.348105
1.348105
1.348105
1.348105
1.348105
1.348105
1.348105
1.348105
1.348105
1.348105
1.348105
1.348105
1.348105
1.348105
1.348105
1.348105
1.348105
1.348105
1.348105
1.348105
1.348105
1.348105
1.348105
1.348105
1.348105
1.348105
1.348105
1.348105
1.348105
1.348105
1.348105
1.348105
1.348105
1.348105
1.348105
1.348105
1.348105
1.348105
1.348105
1.348105
1.348105
1.348105
1.348105
1.348105
1.348105
1.348105
1.348105
1.348105
1.348105
1.348105
1.348105
1.348105
1.348105
1.348105
1.348105
1.348105
1.348105
1.348105
1.348105
1.348105
1.348105
1.348105
1.348105
1.348105
1.348105
1.348105
1.348105
1.348105
1.348105
1.348105
1.347244
1.347244
1.347244
1.347244
1.347244
1.347244
1.347244
1.347244
1.347244
1.347244
1.347244
1.347244
1.347244
1.347244
1.347244
1.347244
1.347244
1.347244
1.347244
1.347244
1.347244
1.347244
1.347244
1.347244
1.347244
1.347244
1.347244
1.347244
1.347244
1.347244
1.347244
1.347244
1.347244
1.338354
1.338354
1.338354
1.338354
1.338354
1.338354
1.338354
1.338354
1.338354
1.338354
1.338354
1.338354
1.338354
1.338354
1.338354
1.338354
1.338354
1.338354
1.338354
1.338354
1.338354
1.338354
1.338354
1.338354
1.338354
1.338354
1.338354
1.338354
1.338354
1.338354
1.338354
1.338354
1.338354
1.338354
1.338354
1.338354
1.338354
1.338354
1.338354
1.338354
1.338354
1.338354
1.338354
1.338354
1.338354
1.338354
1.338354
1.338354
1.338354
1.338354
1.338354
1.338354
1.338354
1.338354
1.338354
1.338354
1.323276
1.323276
1.323276
1.323276
1.323276
1.323276
1.323276
1.323276
1.323276
1.323276
1.323276
1.323276
1.323276
1.323276
1.323276
1.323276
1.323276
1.323276
1.323276
1.323276
1.323276
1.323276
1.323276
1.323276
1.323276
1.323276
1.323276
1.323276
1.323276
1.323276
1.323276
1.323276
1.323276
1.323276
1.323276
1.323276
1.323276
1.323276
1.323276
1.323276
1.323276
1.323276
1.323276
1.323276
1.323276
1.323276
1.323276
1.323276
1.323276
1.323276
1.323276
1.323276
1.323276
1.323276
1.323276
1.323276
1.323276
1.323276
1.323276
1.323276
1.323276
1.323276
1.323276
1.323276
1.323276
1.323276
1.323276
1.323276
1.323276
1.323276
1.323276
1.323276
1.323276
1.323276
1.323276
1.323276
1.323276
1.323276
1.323276
1.323276
1.323276
1.323276
1.323276
1.323276
1.323276
1.323276
1.323276
1.323276
1.323276
1.323276
1.323276
1.323276
1.323276
1.323276
1.323276
1.323276
1.323276
1.323276
1.323276
1.323276
1.323276
1.323276
1.323276
1.323276
1.323276
1.323276
1.323276
1.323276
1.323276
1.323276
1.323276
1.323276
1.323276
1.323276
1.323276
1.323276
1.323276
1.323276
1.323276
1.323276
1.323276
1.323276
1.323276
1.323276
1.323276
1.323276
1.323276
1.323276
1.323276
1.323276
1.323276
1.323276
1.323276
1.323276
1.323276
1.323276
1.323276
1.323276
1.323276
1.323276
1.323276
1.323276
1.323276
1.323276
1.323276
1.323276
1.323276
1.323276
1.323276
1.323276
1.323276
1.323276
1.323276
1.323276
1.323276
1.323276
1.323276
1.323276
1.323276
1.323276
1.323276
1.323276
1.323276
1.323276
1.323276
1.323276
1.323276
1.323276
1.323276
1.323276
1.323276
1.323276
1.323276
1.323276
1.323276
1.323276
1.323276
1.323276
1.323276
1.323276
1.323276
1.323276
1.323276
1.323276
1.323276
1.323276
1.323276
1.323276
1.323276
1.323276
1.323276
1.323276
1.323276
1.323276
1.323276
1.323276
1.323276
1.323276
1.323276
1.323276
1.323276
1.323276
1.323276
1.323276
1.323276
1.323276
1.323276
1.323276
1.323276
1.323276
1.323276
1.323276
1.323276
1.323276
1.323276
1.323276
1.323276
1.323276
1.323276
1.323276
1.323276
1.323276
1.323276
1.323276
1.323276
1.323276
1.323276
1.323276
1.323276
1.323276
1.323276
1.323276
1.323276
1.323276
1.323276
1.323276
1.323276
1.323276
1.323276
1.323276
1.323276
1.323276
1.323276
1.323276
1.323276
1.323276
1.323276
1.323276
1.323276
1.323276
1.323276
1.323276
1.323276
1.323276
1.323276
1.323276
1.323276
1.323276
1.323276
1.323276
1.323276
1.323276
1.323276
1.323276
1.323276
1.323276
1.323276
1.323276
1.323276
1.323276
1.323276
1.323276
1.323276
1.323276
1.323276
1.323276
1.323276
1.323276
1.323276
1.323276
1.323276
1.323276
1.323276
1.323276
1.323276
1.323276
1.323276
1.323276
1.323276
1.323276
1.323276
1.323276
1.323276
1.323276
1.323276
1.323276
1.323276
1.323276
1.323276
1.323276
1.323276
1.323276
1.323276
1.323276
1.323276
1.323276
1.323276
1.323276
1.323276
1.323276
1.323276
1.323276
1.323276
1.323276
1.323276
1.323276
1.323276
1.323276
1.323276
1.323276
1.323276
1.323276
1.323276
1.323276
1.323276
1.323276
1.323276
1.323276
1.323276
1.323276
1.323276
1.323276
1.323276
1.323276
1.323276
1.323276
1.323276
1.323276
1.323276
1.323276
1.323276
1.323276
1.323276
1.323276
1.323276
1.323276
1.323276
1.323276
1.323276
1.323276
1.323276
1.323276
1.323276
1.323276
1.323276
1.323276
1.323276
