0, 18.318500, 3.703358, 0.000000, 0.000000, 0.000000, 0.000000, 0.000000, 0.000000, 0.000000, 0.000000, 0.000000, 0.000000, 0.000000, 0.000000, 0.000000, 0.000000, 0.000000, 0.000000, 0.000000, 0.000000, 0.000000, 0.000000, 0.000000, 0.000000, 0.000000, 0.000000, 0.000000, 0.000000, 0.000000, 0.000000, 0.000000, 0.000000, 0.000000, 0.000000, 0.000000, 0.000000, 0.000000, 0.000000, 0.000000, 0.000000, 0.000000, 0.000000, 0.000000, 0.000000, 0.000000, 0.000000, 0.000000, 0.000000, 0.000000, 0.000000
1, 18.318500, 3.703358, 0.000000, 0.000000, 0.000000, 0.000000, 0.000000, 0.000000, 0.000000, 0.000000, 0.000000, 0.000000, 0.000000, 0.000000, 0.000000, 0.000000, 0.000000, 0.000000, 0.000000, 0.000000, 0.000000, 0.000000, 0.000000, 0.000000, 0.000000, 0.000000, 0.000000, 0.000000, 0.000000, 0.000000, 0.000000, 0.000000, 0.000000, 0.000000, 0.000000, 0.000000, 0.000000, 0.000000, 0.000000, 0.000000, 0.000000, 0.000000, 0.000000, 0.000000, 0.000000, 0.000000, 0.000000, 0.000000, 0.000000, 0.000000
2, 18.318500, 3.703358, 0.000000, 0.000000, 0.000000, 0.000000, 0.000000, 0.000000, 0.000000, 0.000000, 0.000000, 0.000000, 0.000000, 0.000000, 0.000000, 0.000000, 0.000000, 0.000000, 0.000000, 0.000000, 0.000000, 0.000000, 0.000000, 0.000000, 0.000000, 0.000000, 0.000000, 0.000000, 0.000000, 0.000000, 0.000000, 0.000000, 0.000000, 0.000000, 0.000000, 0.000000, 0.000000, 0.000000, 0.000000, 0.000000, 0.000000, 0.000000, 0.000000, 0.000000, 0.000000, 0.000000, 0.000000, 0.000000, 0.000000, 0.000000
3, 18.318500, 3.703358, 0.000000, 0.000000, 0.000000, 0.000000, 0.000000, 0.000000, 0.000000, 0.000000, 0.000000, 0.000000, 0.000000, 0.000000, 0.000000, 0.000000, 0.000000, 0.000000, 0.000000, 0.000000, 0.000000, 0.000000, 0.000000, 0.000000, 0.000000, 0.000000, 0.000000, 0.000000, 0.000000, 0.000000, 0.000000, 0.000000, 0.000000, 0.000000, 0.000000, 0.000000, 0.000000, 0.000000, 0.000000, 0.000000, 0.000000, 0.000000, 0.000000, 0.000000, 0.000000, 0.000000, 0.000000, 0.000000, 0.000000, 0.000000
4, 18.318500, 3.703358, 0.000000, 0.000000, 0.000000, 0.000000, 0.000000, 0.000000, 0.000000, 0.000000, 0.000000, 0.000000, 0.000000, 0.000000, 0.000000, 0.000000, 0.000000, 0.000000, 0.000000, 0.000000, 0.000000, 0.000000, 0.000000, 0.000000, 0.000000, 0.000000, 0.000000, 0.000000, 0.000000, 0.000000, 0.000000, 0.000000, 0.000000, 0.000000, 0.000000, 0.000000, 0.000000, 0.000000, 0.000000, 0.000000, 0.000000, 0.000000, 0.000000, 0.000000, 0.000000, 0.000000, 0.000000, 0.000000, 0.000000, 0.000000
5, 18.318500, 3.703358, 0.000000, 0.000000, 0.000000, 0.000000, 0.000000, 0.000000, 0.000000, 0.000000, 0.000000, 0.000000, 0.000000, 0.000000, 0.000000, 0.000000, 0.000000, 0.000000, 0.000000, 0.000000, 0.000000, 0.000000, 0.000000, 0.000000, 0.000000, 0.000000, 0.000000, 0.000000, 0.000000, 0.000000, 0.000000, 0.000000, 0.000000, 0.000000, 0.000000, 0.000000, 0.000000, 0.000000, 0.000000, 0.000000, 0.000000, 0.000000, 0.000000, 0.000000, 0.000000, 0.000000, 0.000000, 0.000000, 0.000000, 0.000000
6, 18.346900, 3.710574, 0.000000, 0.000000, 0.000000, 0.000000, 0.000000, 0.000000, 0.000000, 0.000000, 0.000000, 0.000000, 0.000000, 0.000000, 0.000000, 0.000000, 0.000000, 0.000000, 0.002300, 0.047903, 0.026100, 0.164981, 0.000000, 0.000000, 0.000000, 0.000000, 0.000000, 0.000000, 0.000000, 0.000000, 0.000000, 0.000000, 0.000000, 0.000000, 0.000000, 0.000000, 0.000000, 0.000000, 0.000000, 0.000000, 0.000000, 0.000000, 0.000000, 0.000000, 0.000000, 0.000000, 0.000000, 0.000000, 0.000000, 0.000000
7, 18.770600, 3.840908, 0.000000, 0.000000, 0.000000, 0.000000, 0.000001, 0.000000, 0.000000, 0.000000, 0.000000, 0.000000, 0.000000, 0.000000, 0.000000, 0.000000, 0.001700, 0.041196, 0.030400, 0.173424, 0.423400, 0.657824, 0.000000, 0.000000, 0.000000, 0.000000, 0.000000, 0.000000, 0.000000, 0.000000, 0.000000, 0.000000, 0.000000, 0.000000, 0.000000, 0.000000, 0.000000, 0.000000, 0.000000, 0.000000, 0.000000, 0.000000, 0.000000, 0.000000, 0.000000, 0.000000, 0.000000, 0.000000, 0.000000, 0.000000
8, 19.649300, 4.126755, 0.000000, 0.000000, 10.207100, 2.972408, 0.000024, 0.000006, 0.000000, 0.000000, 10.207100, 0.000000, 1.075073, 0.009055, 0.000000, 0.000000, 0.018700, 0.137660, 0.097600, 0.310925, 1.251900, 1.152149, 0.000000, 0.000000, 0.000000, 0.000000, 0.000000, 0.000000, 0.000000, 0.000000, 0.000000, 0.000000, 0.000000, 0.000000, 0.000000, 0.000000, 0.000000, 0.000000, 0.000000, 0.000000, 0.000000, 0.000000, 0.000000, 0.000000, 0.000000, 0.000000, 0.000000, 0.000000, 0.000000, 0.000000
9, 21.399300, 4.652404, 0.018300, 0.134778, 12.067200, 3.164283, 0.000313, 0.000092, 0.001400, 0.042403, 12.065800, 0.042403, 2.415720, 0.155476, 0.092361, 0.679873, 0.101600, 0.323848, 0.222500, 0.478324, 2.959900, 1.826442, 0.000000, 0.000000, 0.000000, 0.000000, 0.000000, 0.000000, 0.000000, 0.000000, 0.000000, 0.000000, 0.000000, 0.000000, 0.000000, 0.000000, 0.000000, 0.000000, 0.000000, 0.000000, 0.000000, 0.000000, 0.000000, 0.000000, 0.000000, 0.000000, 0.000000, 0.000000, 0.000000, 0.000000
10, 24.179600, 5.505901, 6.239400, 2.339078, 5.766900, 2.307025, 0.002590, 0.000951, 0.231000, 0.487277, 5.535900, 0.487277, 4.455175, 0.584183, 6.025755, 0.535307, 0.508900, 0.737103, 0.450700, 0.687000, 5.919300, 2.841758, 0.000000, 0.000000, 0.000000, 0.000000, 0.000000, 0.000000, 0.000000, 0.000000, 0.000000, 0.000000, 0.000000, 0.000000, 0.000000, 0.000000, 0.000000, 0.000000, 0.000000, 0.000000, 0.000000, 0.000000, 0.000000, 0.000000, 0.000000, 0.000000, 0.000000, 0.000000, 0.000000, 0.000000
11, 27.507200, 6.456156, 6.731800, 2.350078, 5.013100, 2.150983, 0.009239, 0.004687, 0.544600, 0.772924, 4.468500, 0.772924, 6.081604, 1.174057, 8.624610, 1.433297, 1.436100, 1.403537, 0.759600, 0.902556, 9.865200, 4.059314, 0.000000, 0.000000, 0.000000, 0.000000, 0.000000, 0.000000, 0.000000, 0.000000, 0.000000, 0.000000, 0.000000, 0.000000, 0.000000, 0.000000, 0.000000, 0.000000, 0.000000, 0.000000, 0.000000, 0.000000, 0.000000, 0.000000, 0.000000, 0.000000, 0.000000, 0.000000, 0.000000, 0.000000
12, 31.127800, 7.428840, 6.697900, 2.320439, 4.918800, 2.136307, 0.013861, 0.008523, 0.700200, 0.904279, 4.218600, 0.904279, 6.586334, 1.433115, 9.483194, 1.945990, 2.053200, 1.851910, 1.075100, 1.080028, 13.787400, 5.215285, 0.000000, 0.000000, 0.000000, 0.000000, 0.000000, 0.000000, 0.000000, 0.000000, 0.000000, 0.000000, 0.000000, 0.000000, 0.000000, 0.000000, 0.000000, 0.000000, 0.000000, 0.000000, 0.000000, 0.000000, 0.000000, 0.000000, 0.000000, 0.000000, 0.000000, 0.000000, 0.000000, 0.000000
13, 34.555100, 8.432257, 6.687700, 2.315722, 4.906700, 2.133869, 0.014767, 0.009427, 0.723400, 0.925577, 4.183300, 0.925577, 6.659390, 1.476583, 9.609296, 2.030527, 2.206000, 1.978677, 1.342400, 1.224239, 17.100200, 6.237352, 0.000000, 0.000000, 0.000000, 0.000000, 0.000000, 0.000000, 0.000000, 0.000000, 0.000000, 0.000000, 0.000000, 0.000000, 0.000000, 0.000000, 0.000000, 0.000000, 0.000000, 0.000000, 0.000000, 0.000000, 0.000000, 0.000000, 0.000000, 0.000000, 0.000000, 0.000000, 0.000000, 0.000000
14, 37.470000, 9.263460, 6.690100, 2.316217, 4.901500, 2.132979, 0.014884, 0.009560, 0.726500, 0.929676, 4.175000, 0.929676, 6.668548, 1.482301, 9.623433, 2.046257, 2.227700, 1.999913, 1.563700, 1.328963, 19.815500, 7.047671, 0.000000, 0.000000, 0.000000, 0.000000, 0.000000, 0.000000, 0.000000, 0.000000, 0.000000, 0.000000, 0.000000, 0.000000, 0.000000, 0.000000, 0.000000, 0.000000, 0.000000, 0.000000, 0.000000, 0.000000, 0.000000, 0.000000, 0.000000, 0.000000, 0.000000, 0.000000, 0.000000, 0.000000
15, 39.849000, 9.959508, 6.689800, 2.316155, 4.901800, 2.132875, 0.014898, 0.009575, 0.727200, 0.930795, 4.174600, 0.930795, 6.669786, 1.483020, 9.626242, 2.049155, 2.232400, 2.003145, 1.742800, 1.411754, 22.020100, 7.716754, 0.000000, 0.000000, 0.000000, 0.000000, 0.000000, 0.000000, 0.000000, 0.000000, 0.000000, 0.000000, 0.000000, 0.000000, 0.000000, 0.000000, 0.000000, 0.000000, 0.000000, 0.000000, 0.000000, 0.000000, 0.000000, 0.000000, 0.000000, 0.000000, 0.000000, 0.000000, 0.000000, 0.000000
16, 41.787900, 10.534615, 6.691100, 2.316480, 5.100900, 2.201118, 0.014901, 0.009577, 0.793500, 0.977373, 4.307400, 0.977373, 6.588802, 1.473892, 9.627800, 2.048869, 2.237300, 2.003644, 1.886500, 1.480614, 23.820200, 8.270289, 0.000000, 0.000000, 0.000000, 0.000000, 0.000000, 0.000000, 0.000000, 0.000000, 0.000000, 0.000000, 0.000000, 0.000000, 0.000000, 0.000000, 0.000000, 0.000000, 0.000000, 0.000000, 0.000000, 0.000000, 0.000000, 0.000000, 0.000000, 0.000000, 0.000000, 0.000000, 0.000000, 0.000000
17, 43.422200, 11.013117, 6.718300, 2.325972, 5.475600, 2.336323, 0.014918, 0.009578, 0.930500, 1.070827, 4.545100, 1.070827, 6.463514, 1.446125, 9.622918, 2.048460, 2.251100, 2.005854, 2.006200, 1.530347, 25.348600, 8.738597, 0.000000, 0.000000, 0.000000, 0.000000, 0.000000, 0.000000, 0.000000, 0.000000, 0.000000, 0.000000, 0.000000, 0.000000, 0.000000, 0.000000, 0.000000, 0.000000, 0.000000, 0.000000, 0.000000, 0.000000, 0.000000, 0.000000, 0.000000, 0.000000, 0.000000, 0.000000, 0.000000, 0.000000
18, 44.732400, 11.407567, 6.825200, 2.353135, 6.044900, 2.533631, 0.015003, 0.009585, 1.178300, 1.225524, 4.866600, 1.225524, 6.294517, 1.406768, 9.605262, 2.033346, 2.293700, 2.022484, 2.105600, 1.575388, 26.602000, 9.123135, 0.000000, 0.000000, 0.000000, 0.000000, 0.000000, 0.000000, 0.000000, 0.000000, 0.000000, 0.000000, 0.000000, 0.000000, 0.000000, 0.000000, 0.000000, 0.000000, 0.000000, 0.000000, 0.000000, 0.000000, 0.000000, 0.000000, 0.000000, 0.000000, 0.000000, 0.000000, 0.000000, 0.000000
19, 46.155600, 11.843310, 7.065300, 2.424425, 7.094300, 2.891195, 0.015287, 0.009634, 1.734400, 1.521860, 5.359900, 1.521860, 6.043555, 1.325633, 9.595434, 1.984515, 2.418600, 2.084220, 2.219300, 1.626286, 28.036400, 9.589801, 0.000000, 0.000000, 0.000000, 0.000000, 0.000000, 0.000000, 0.000000, 0.000000, 0.000000, 0.000000, 0.000000, 0.000000, 0.000000, 0.000000, 0.000000, 0.000000, 0.000000, 0.000000, 0.000000, 0.000000, 0.000000, 0.000000, 0.000000, 0.000000, 0.000000, 0.000000, 0.000000, 0.000000
20, 47.751900, 12.362409, 7.486200, 2.553039, 8.463900, 3.270214, 0.015912, 0.009780, 2.635400, 1.949581, 5.828500, 1.949581, 5.823388, 1.198696, 9.636355, 1.942498, 2.672600, 2.225805, 2.344400, 1.677137, 29.761600, 10.162951, 0.000000, 0.000000, 0.000000, 0.000000, 0.000000, 0.000000, 0.000000, 0.000000, 0.000000, 0.000000, 0.000000, 0.000000, 0.000000, 0.000000, 0.000000, 0.000000, 0.000000, 0.000000, 0.000000, 0.000000, 0.000000, 0.000000, 0.000000, 0.000000, 0.000000, 0.000000, 0.000000, 0.000000
21, 49.611200, 13.010443, 8.135400, 2.766851, 9.633300, 3.518299, 0.017100, 0.010102, 3.648200, 2.390572, 5.985100, 2.390572, 5.779835, 1.092538, 9.771656, 1.921014, 3.157900, 2.474625, 2.508200, 1.750981, 31.942400, 10.961454, 0.000000, 0.000000, 0.000000, 0.000000, 0.000000, 0.000000, 0.000000, 0.000000, 0.000000, 0.000000, 0.000000, 0.000000, 0.000000, 0.000000, 0.000000, 0.000000, 0.000000, 0.000000, 0.000000, 0.000000, 0.000000, 0.000000, 0.000000, 0.000000, 0.000000, 0.000000, 0.000000, 0.000000
22, 51.755800, 13.736716, 8.871300, 2.998022, 10.195700, 3.693237, 0.019075, 0.010736, 4.330300, 2.674697, 5.865400, 2.674697, 5.970608, 1.082301, 10.045796, 1.903855, 3.903100, 2.892458, 2.714600, 1.821029, 34.625800, 11.930649, 0.000000, 0.000000, 0.000000, 0.000000, 0.000000, 0.000000, 0.000000, 0.000000, 0.000000, 0.000000, 0.000000, 0.000000, 0.000000, 0.000000, 0.000000, 0.000000, 0.000000, 0.000000, 0.000000, 0.000000, 0.000000, 0.000000, 0.000000, 0.000000, 0.000000, 0.000000, 0.000000, 0.000000
23, 54.178100, 14.572995, 9.492300, 3.184170, 10.377600, 3.772508, 0.021829, 0.011882, 4.737700, 2.813521, 5.639900, 2.813521, 6.257383, 1.147457, 10.428657, 2.005815, 4.898800, 3.485421, 2.955200, 1.926861, 37.803200, 13.109007, 0.000000, 0.000000, 0.000000, 0.000000, 0.000000, 0.000000, 0.000000, 0.000000, 0.000000, 0.000000, 0.000000, 0.000000, 0.000000, 0.000000, 0.000000, 0.000000, 0.000000, 0.000000, 0.000000, 0.000000, 0.000000, 0.000000, 0.000000, 0.000000, 0.000000, 0.000000, 0.000000, 0.000000
24, 56.905900, 15.499382, 9.932800, 3.297072, 10.424100, 3.785477, 0.024920, 0.013424, 5.040600, 2.911349, 5.383500, 2.911349, 6.531342, 1.219043, 10.812749, 2.097101, 5.940000, 4.095485, 3.224800, 2.043249, 41.302600, 14.388107, 0.000000, 0.000000, 0.000000, 0.000000, 0.000000, 0.000000, 0.000000, 0.000000, 0.000000, 0.000000, 0.000000, 0.000000, 0.000000, 0.000000, 0.000000, 0.000000, 0.000000, 0.000000, 0.000000, 0.000000, 0.000000, 0.000000, 0.000000, 0.000000, 0.000000, 0.000000, 0.000000, 0.000000
25, 59.801100, 16.504816, 10.239400, 3.386486, 10.471000, 3.815227, 0.027821, 0.014969, 5.256300, 2.959833, 5.214700, 2.959833, 6.743581, 1.268361, 11.128612, 2.181429, 6.917100, 4.680558, 3.500800, 2.164948, 44.898900, 15.710031, 0.000000, 0.000000, 0.000000, 0.000000, 0.000000, 0.000000, 0.000000, 0.000000, 0.000000, 0.000000, 0.000000, 0.000000, 0.000000, 0.000000, 0.000000, 0.000000, 0.000000, 0.000000, 0.000000, 0.000000, 0.000000, 0.000000, 0.000000, 0.000000, 0.000000, 0.000000, 0.000000, 0.000000
26, 62.762900, 17.562901, 10.473600, 3.459784, 10.513900, 3.860908, 0.030271, 0.016385, 5.430700, 3.032919, 5.083200, 3.032919, 6.904870, 1.309755, 11.365047, 2.232186, 7.741800, 5.171744, 3.760800, 2.278943, 48.425400, 16.995548, 0.000000, 0.000000, 0.000000, 0.000000, 0.000000, 0.000000, 0.000000, 0.000000, 0.000000, 0.000000, 0.000000, 0.000000, 0.000000, 0.000000, 0.000000, 0.000000, 0.000000, 0.000000, 0.000000, 0.000000, 0.000000, 0.000000, 0.000000, 0.000000, 0.000000, 0.000000, 0.000000, 0.000000
27, 65.731200, 18.621432, 10.675300, 3.511278, 10.602100, 3.909166, 0.032246, 0.017492, 5.589900, 3.088741, 5.012200, 3.088741, 7.011224, 1.327916, 11.526542, 2.260477, 8.421100, 5.580607, 4.024100, 2.397982, 51.809700, 18.229067, 0.000000, 0.000000, 0.000000, 0.000000, 0.000000, 0.000000, 0.000000, 0.000000, 0.000000, 0.000000, 0.000000, 0.000000, 0.000000, 0.000000, 0.000000, 0.000000, 0.000000, 0.000000, 0.000000, 0.000000, 0.000000, 0.000000, 0.000000, 0.000000, 0.000000, 0.000000, 0.000000, 0.000000
28, 68.552000, 19.629175, 10.839300, 3.555232, 10.809100, 3.993051, 0.033812, 0.018311, 5.815900, 3.185405, 4.993200, 3.185405, 7.064810, 1.341157, 11.656758, 2.293807, 8.999600, 5.898729, 4.268700, 2.509482, 54.964400, 19.358061, 0.000000, 0.000000, 0.000000, 0.000000, 0.000000, 0.000000, 0.000000, 0.000000, 0.000000, 0.000000, 0.000000, 0.000000, 0.000000, 0.000000, 0.000000, 0.000000, 0.000000, 0.000000, 0.000000, 0.000000, 0.000000, 0.000000, 0.000000, 0.000000, 0.000000, 0.000000, 0.000000, 0.000000
29, 71.254300, 20.566678, 11.003400, 3.598748, 11.165000, 4.142194, 0.035109, 0.019005, 6.159300, 3.324624, 5.005700, 3.324624, 7.068901, 1.340077, 11.745011, 2.300999, 9.489300, 6.177838, 4.488000, 2.595661, 57.937100, 20.398881, 0.000000, 0.000000, 0.000000, 0.000000, 0.000000, 0.000000, 0.000000, 0.000000, 0.000000, 0.000000, 0.000000, 0.000000, 0.000000, 0.000000, 0.000000, 0.000000, 0.000000, 0.000000, 0.000000, 0.000000, 0.000000, 0.000000, 0.000000, 0.000000, 0.000000, 0.000000, 0.000000, 0.000000
30, 73.809800, 21.482324, 11.191400, 3.662836, 11.670500, 4.305570, 0.036246, 0.019548, 6.606500, 3.479434, 5.064000, 3.479434, 7.032769, 1.312997, 11.820620, 2.315112, 9.955800, 6.421405, 4.700800, 2.682215, 60.746300, 21.405862, 0.000000, 0.000000, 0.000000, 0.000000, 0.000000, 0.000000, 0.000000, 0.000000, 0.000000, 0.000000, 0.000000, 0.000000, 0.000000, 0.000000, 0.000000, 0.000000, 0.000000, 0.000000, 0.000000, 0.000000, 0.000000, 0.000000, 0.000000, 0.000000, 0.000000, 0.000000, 0.000000, 0.000000
31, 76.239300, 22.306847, 11.414000, 3.754758, 12.347900, 4.521246, 0.037351, 0.020050, 7.208300, 3.711187, 5.139600, 3.711187, 6.963868, 1.269444, 11.886397, 2.326382, 10.455800, 6.672859, 4.900700, 2.755837, 63.475900, 22.374285, 0.000000, 0.000000, 0.000000, 0.000000, 0.000000, 0.000000, 0.000000, 0.000000, 0.000000, 0.000000, 0.000000, 0.000000, 0.000000, 0.000000, 0.000000, 0.000000, 0.000000, 0.000000, 0.000000, 0.000000, 0.000000, 0.000000, 0.000000, 0.000000, 0.000000, 0.000000, 0.000000, 0.000000
32, 78.688300, 23.131423, 11.698400, 3.847264, 13.088000, 4.768381, 0.038593, 0.020573, 7.889500, 3.994858, 5.198500, 3.994858, 6.901634, 1.228666, 11.936230, 2.302617, 11.026500, 6.954121, 5.106500, 2.837174, 66.289800, 23.367602, 0.000000, 0.000000, 0.000000, 0.000000, 0.000000, 0.000000, 0.000000, 0.000000, 0.000000, 0.000000, 0.000000, 0.000000, 0.000000, 0.000000, 0.000000, 0.000000, 0.000000, 0.000000, 0.000000, 0.000000, 0.000000, 0.000000, 0.000000, 0.000000, 0.000000, 0.000000, 0.000000, 0.000000
33, 81.095200, 23.943240, 12.015100, 3.957988, 13.874900, 4.997604, 0.040114, 0.021148, 8.619300, 4.263868, 5.255600, 4.263868, 6.848094, 1.178133, 12.002135, 2.277267, 11.757400, 7.321267, 5.319400, 2.920716, 69.214700, 24.409826, 0.000000, 0.000000, 0.000000, 0.000000, 0.000000, 0.000000, 0.000000, 0.000000, 0.000000, 0.000000, 0.000000, 0.000000, 0.000000, 0.000000, 0.000000, 0.000000, 0.000000, 0.000000, 0.000000, 0.000000, 0.000000, 0.000000, 0.000000, 0.000000, 0.000000, 0.000000, 0.000000, 0.000000
34, 83.583300, 24.854727, 12.342200, 4.066386, 14.582000, 5.205562, 0.041965, 0.021888, 9.320800, 4.507781, 5.261200, 4.507781, 6.830326, 1.127893, 12.098014, 2.277591, 12.651400, 7.767514, 5.543800, 3.014545, 72.372400, 25.594400, 0.000000, 0.000000, 0.000000, 0.000000, 0.000000, 0.000000, 0.000000, 0.000000, 0.000000, 0.000000, 0.000000, 0.000000, 0.000000, 0.000000, 0.000000, 0.000000, 0.000000, 0.000000, 0.000000, 0.000000, 0.000000, 0.000000, 0.000000, 0.000000, 0.000000, 0.000000, 0.000000, 0.000000
35, 86.123300, 25.790481, 12.670000, 4.176326, 15.156600, 5.395209, 0.044146, 0.022730, 9.923000, 4.756939, 5.233600, 4.756939, 6.850791, 1.112445, 12.213504, 2.274008, 13.723000, 8.318670, 5.791900, 3.111815, 75.735900, 26.862467, 0.000000, 0.000000, 0.000000, 0.000000, 0.000000, 0.000000, 0.000000, 0.000000, 0.000000, 0.000000, 0.000000, 0.000000, 0.000000, 0.000000, 0.000000, 0.000000, 0.000000, 0.000000, 0.000000, 0.000000, 0.000000, 0.000000, 0.000000, 0.000000, 0.000000, 0.000000, 0.000000, 0.000000
36, 88.811900, 26.723853, 12.970300, 4.279371, 15.630600, 5.534667, 0.046599, 0.023821, 10.447400, 4.905694, 5.183200, 4.905694, 6.891096, 1.107948, 12.349932, 2.301717, 14.895800, 8.900547, 6.056900, 3.211614, 79.332300, 28.204969, 0.000000, 0.000000, 0.000000, 0.000000, 0.000000, 0.000000, 0.000000, 0.000000, 0.000000, 0.000000, 0.000000, 0.000000, 0.000000, 0.000000, 0.000000, 0.000000, 0.000000, 0.000000, 0.000000, 0.000000, 0.000000, 0.000000, 0.000000, 0.000000, 0.000000, 0.000000, 0.000000, 0.000000
37, 91.938000, 27.912065, 13.133700, 4.331053, 16.028700, 5.650387, 0.048243, 0.024730, 10.840500, 5.028465, 5.188200, 5.028465, 6.892589, 1.126163, 12.431687, 2.324157, 15.762700, 9.426961, 6.320500, 3.321683, 83.061700, 29.636563, 0.000000, 0.000000, 0.000000, 0.000000, 0.000000, 0.000000, 0.000000, 0.000000, 0.000000, 0.000000, 0.000000, 0.000000, 0.000000, 0.000000, 0.000000, 0.000000, 0.000000, 0.000000, 0.000000, 0.000000, 0.000000, 0.000000, 0.000000, 0.000000, 0.000000, 0.000000, 0.000000, 0.000000
38, 95.341600, 29.253771, 13.135600, 4.332160, 16.266300, 5.716798, 0.048324, 0.024962, 11.021300, 5.096690, 5.245000, 5.096690, 6.852502, 1.114238, 12.433418, 2.326307, 15.835200, 9.573747, 6.556200, 3.420006, 86.302100, 30.898204, 0.000000, 0.000000, 0.000000, 0.000000, 0.000000, 0.000000, 0.000000, 0.000000, 0.000000, 0.000000, 0.000000, 0.000000, 0.000000, 0.000000, 0.000000, 0.000000, 0.000000, 0.000000, 0.000000, 0.000000, 0.000000, 0.000000, 0.000000, 0.000000, 0.000000, 0.000000, 0.000000, 0.000000
39, 98.240600, 30.398739, 13.139700, 4.333242, 16.536300, 5.795488, 0.048355, 0.025112, 11.232000, 5.179573, 5.304300, 5.179573, 6.807531, 1.103677, 12.433500, 2.326016, 15.865500, 9.653414, 6.769500, 3.513854, 89.018100, 31.968287, 0.000000, 0.000000, 0.000000, 0.000000, 0.000000, 0.000000, 0.000000, 0.000000, 0.000000, 0.000000, 0.000000, 0.000000, 0.000000, 0.000000, 0.000000, 0.000000, 0.000000, 0.000000, 0.000000, 0.000000, 0.000000, 0.000000, 0.000000, 0.000000, 0.000000, 0.000000, 0.000000, 0.000000
40, 100.693500, 31.366121, 13.144400, 4.336052, 16.805500, 5.870083, 0.048372, 0.025173, 11.440300, 5.252622, 5.365200, 5.252622, 6.763181, 1.091709, 12.434064, 2.326245, 15.885600, 9.691879, 6.934400, 3.578449, 91.326200, 32.868511, 0.000000, 0.000000, 0.000000, 0.000000, 0.000000, 0.000000, 0.000000, 0.000000, 0.000000, 0.000000, 0.000000, 0.000000, 0.000000, 0.000000, 0.000000, 0.000000, 0.000000, 0.000000, 0.000000, 0.000000, 0.000000, 0.000000, 0.000000, 0.000000, 0.000000, 0.000000, 0.000000, 0.000000
41, 102.761700, 32.179079, 13.149500, 4.336329, 17.059400, 5.938962, 0.048379, 0.025190, 11.639800, 5.331890, 5.419600, 5.331890, 6.722849, 1.080307, 12.433900, 2.325288, 15.904700, 9.710264, 7.069600, 3.629677, 93.278300, 33.629512, 0.000000, 0.000000, 0.000000, 0.000000, 0.000000, 0.000000, 0.000000, 0.000000, 0.000000, 0.000000, 0.000000, 0.000000, 0.000000, 0.000000, 0.000000, 0.000000, 0.000000, 0.000000, 0.000000, 0.000000, 0.000000, 0.000000, 0.000000, 0.000000, 0.000000, 0.000000, 0.000000, 0.000000
42, 104.520200, 32.882357, 13.154400, 4.337921, 17.331000, 6.021564, 0.048384, 0.025191, 11.855700, 5.407909, 5.475300, 5.407909, 6.680744, 1.069772, 12.434177, 2.324338, 15.921100, 9.713510, 7.188500, 3.676788, 94.934300, 34.282258, 0.000000, 0.000000, 0.000000, 0.000000, 0.000000, 0.000000, 0.000000, 0.000000, 0.000000, 0.000000, 0.000000, 0.000000, 0.000000, 0.000000, 0.000000, 0.000000, 0.000000, 0.000000, 0.000000, 0.000000, 0.000000, 0.000000, 0.000000, 0.000000, 0.000000, 0.000000, 0.000000, 0.000000
43, 106.024400, 33.456766, 13.159900, 4.340338, 17.579000, 6.095126, 0.048390, 0.025192, 12.053700, 5.485747, 5.525300, 5.485747, 6.644084, 1.060595, 12.434628, 2.323414, 15.940200, 9.717573, 7.298200, 3.710967, 96.347900, 34.815520, 0.000000, 0.000000, 0.000000, 0.000000, 0.000000, 0.000000, 0.000000, 0.000000, 0.000000, 0.000000, 0.000000, 0.000000, 0.000000, 0.000000, 0.000000, 0.000000, 0.000000, 0.000000, 0.000000, 0.000000, 0.000000, 0.000000, 0.000000, 0.000000, 0.000000, 0.000000, 0.000000, 0.000000
44, 107.336400, 33.974868, 13.166100, 4.342109, 17.839800, 6.176855, 0.048396, 0.025193, 12.257000, 5.566323, 5.582800, 5.566323, 6.606190, 1.051537, 12.434492, 2.321099, 15.957900, 9.720223, 7.387700, 3.748225, 97.588100, 35.296870, 0.000000, 0.000000, 0.000000, 0.000000, 0.000000, 0.000000, 0.000000, 0.000000, 0.000000, 0.000000, 0.000000, 0.000000, 0.000000, 0.000000, 0.000000, 0.000000, 0.000000, 0.000000, 0.000000, 0.000000, 0.000000, 0.000000, 0.000000, 0.000000, 0.000000, 0.000000, 0.000000, 0.000000
45, 108.456800, 34.420284, 13.173200, 4.342672, 18.075300, 6.258549, 0.048403, 0.025195, 12.444900, 5.644357, 5.630400, 5.644357, 6.573340, 1.039860, 12.434474, 2.319969, 15.976700, 9.725973, 7.467300, 3.782265, 98.647700, 35.710208, 0.000000, 0.000000, 0.000000, 0.000000, 0.000000, 0.000000, 0.000000, 0.000000, 0.000000, 0.000000, 0.000000, 0.000000, 0.000000, 0.000000, 0.000000, 0.000000, 0.000000, 0.000000, 0.000000, 0.000000, 0.000000, 0.000000, 0.000000, 0.000000, 0.000000, 0.000000, 0.000000, 0.000000
46, 109.478000, 34.818003, 13.181800, 4.344071, 18.316700, 6.338044, 0.048410, 0.025196, 12.637300, 5.723194, 5.679400, 5.723194, 6.539786, 1.029879, 12.433818, 2.317425, 15.999200, 9.728648, 7.533800, 3.810178, 99.624900, 36.083392, 0.000000, 0.000000, 0.000000, 0.000000, 0.000000, 0.000000, 0.000000, 0.000000, 0.000000, 0.000000, 0.000000, 0.000000, 0.000000, 0.000000, 0.000000, 0.000000, 0.000000, 0.000000, 0.000000, 0.000000, 0.000000, 0.000000, 0.000000, 0.000000, 0.000000, 0.000000, 0.000000, 0.000000
47, 110.394200, 35.181589, 13.191100, 4.346836, 18.544300, 6.401300, 0.048419, 0.025197, 12.826400, 5.784450, 5.717900, 5.784450, 6.509417, 1.020164, 12.433952, 2.315923, 16.025000, 9.736682, 7.601200, 3.836086, 100.499500, 36.429938, 0.000000, 0.000000, 0.000000, 0.000000, 0.000000, 0.000000, 0.000000, 0.000000, 0.000000, 0.000000, 0.000000, 0.000000, 0.000000, 0.000000, 0.000000, 0.000000, 0.000000, 0.000000, 0.000000, 0.000000, 0.000000, 0.000000, 0.000000, 0.000000, 0.000000, 0.000000, 0.000000, 0.000000
48, 111.218700, 35.524880, 13.199600, 4.348972, 18.797600, 6.489070, 0.048428, 0.025199, 13.032300, 5.871802, 5.765300, 5.871802, 6.476331, 1.010965, 12.435788, 2.316297, 16.052600, 9.748109, 7.657600, 3.858337, 101.295200, 36.754826, 0.000000, 0.000000, 0.000000, 0.000000, 0.000000, 0.000000, 0.000000, 0.000000, 0.000000, 0.000000, 0.000000, 0.000000, 0.000000, 0.000000, 0.000000, 0.000000, 0.000000, 0.000000, 0.000000, 0.000000, 0.000000, 0.000000, 0.000000, 0.000000, 0.000000, 0.000000, 0.000000, 0.000000
49, 111.975900, 35.828809, 13.211400, 4.352989, 19.029000, 6.566183, 0.048440, 0.025201, 13.222300, 5.941791, 5.806700, 5.941791, 6.447287, 1.001560, 12.436530, 2.315068, 16.086500, 9.754026, 7.710400, 3.876846, 102.033500, 37.049853, 0.000000, 0.000000, 0.000000, 0.000000, 0.000000, 0.000000, 0.000000, 0.000000, 0.000000, 0.000000, 0.000000, 0.000000, 0.000000, 0.000000, 0.000000, 0.000000, 0.000000, 0.000000, 0.000000, 0.000000, 0.000000, 0.000000, 0.000000, 0.000000, 0.000000, 0.000000, 0.000000, 0.000000
50, 112.679300, 36.113151, 13.227300, 4.356815, 19.275300, 6.646135, 0.048454, 0.025203, 13.425800, 6.020473, 5.849500, 6.020473, 6.416590, 0.991750, 12.436340, 2.311911, 16.121100, 9.762327, 7.758300, 3.895983, 102.723600, 37.318749, 0.000000, 0.000000, 0.000000, 0.000000, 0.000000, 0.000000, 0.000000, 0.000000, 0.000000, 0.000000, 0.000000, 0.000000, 0.000000, 0.000000, 0.000000, 0.000000, 0.000000, 0.000000, 0.000000, 0.000000, 0.000000, 0.000000, 0.000000, 0.000000, 0.000000, 0.000000, 0.000000, 0.000000
51, 113.319900, 36.373803, 13.244900, 4.362468, 29.827400, 8.871179, 0.048471, 0.025206, 20.582600, 8.373803, 9.244800, 8.373803, 5.084423, 0.726566, 12.436257, 2.307989, 16.159700, 9.773730, 7.805700, 3.914607, 103.355400, 37.575698, 0.000000, 0.000000, 0.000000, 0.000000, 0.000000, 0.000000, 0.000000, 0.000000, 0.000000, 0.000000, 0.000000, 0.000000, 0.000000, 0.000000, 0.000000, 0.000000, 0.000000, 0.000000, 0.000000, 0.000000, 0.000000, 0.000000, 0.000000, 0.000000, 0.000000, 0.000000, 0.000000, 0.000000
52, 113.896500, 36.612337, 13.265800, 4.370120, 33.676600, 9.801919, 0.048491, 0.025209, 23.356900, 9.334030, 10.319700, 9.334030, 4.785417, 0.649390, 12.436278, 2.306374, 16.202100, 9.785983, 7.846200, 3.930184, 103.933900, 37.814856, 0.000000, 0.000000, 0.000000, 0.000000, 0.000000, 0.000000, 0.000000, 0.000000, 0.000000, 0.000000, 0.000000, 0.000000, 0.000000, 0.000000, 0.000000, 0.000000, 0.000000, 0.000000, 0.000000, 0.000000, 0.000000, 0.000000, 0.000000, 0.000000, 0.000000, 0.000000, 0.000000, 0.000000
53, 114.422800, 36.835329, 13.285400, 4.375220, 35.950100, 10.453603, 0.048516, 0.025213, 25.141500, 9.990800, 10.808600, 9.990800, 4.654709, 0.607673, 12.437902, 2.301000, 16.250500, 9.800395, 7.883400, 3.944972, 104.471400, 38.043824, 0.000000, 0.000000, 0.000000, 0.000000, 0.000000, 0.000000, 0.000000, 0.000000, 0.000000, 0.000000, 0.000000, 0.000000, 0.000000, 0.000000, 0.000000, 0.000000, 0.000000, 0.000000, 0.000000, 0.000000, 0.000000, 0.000000, 0.000000, 0.000000, 0.000000, 0.000000, 0.000000, 0.000000
54, 114.913900, 37.044464, 13.310600, 4.378850, 37.982400, 11.066928, 0.048546, 0.025218, 26.774700, 10.593703, 11.207700, 10.593703, 4.556254, 0.573173, 12.438247, 2.295421, 16.301800, 9.816044, 7.919400, 3.958498, 104.977800, 38.259711, 0.000000, 0.000000, 0.000000, 0.000000, 0.000000, 0.000000, 0.000000, 0.000000, 0.000000, 0.000000, 0.000000, 0.000000, 0.000000, 0.000000, 0.000000, 0.000000, 0.000000, 0.000000, 0.000000, 0.000000, 0.000000, 0.000000, 0.000000, 0.000000, 0.000000, 0.000000, 0.000000, 0.000000
55, 115.351200, 37.230209, 13.340700, 4.388488, 40.092000, 11.738558, 0.048580, 0.025223, 28.487800, 11.245997, 11.604200, 11.245997, 4.462135, 0.534475, 12.436751, 2.287890, 16.360800, 9.835081, 7.952000, 3.973902, 105.441500, 38.453834, 0.000000, 0.000000, 0.000000, 0.000000, 0.000000, 0.000000, 0.000000, 0.000000, 0.000000, 0.000000, 0.000000, 0.000000, 0.000000, 0.000000, 0.000000, 0.000000, 0.000000, 0.000000, 0.000000, 0.000000, 0.000000, 0.000000, 0.000000, 0.000000, 0.000000, 0.000000, 0.000000, 0.000000
56, 115.744600, 37.384285, 13.369400, 4.396356, 42.271200, 12.461166, 0.048618, 0.025230, 30.263700, 11.917632, 12.007500, 11.917632, 4.373749, 0.501960, 12.438200, 2.285477, 16.423000, 9.851105, 7.981000, 3.985228, 105.868100, 38.615200, 0.000000, 0.000000, 0.000000, 0.000000, 0.000000, 0.000000, 0.000000, 0.000000, 0.000000, 0.000000, 0.000000, 0.000000, 0.000000, 0.000000, 0.000000, 0.000000, 0.000000, 0.000000, 0.000000, 0.000000, 0.000000, 0.000000, 0.000000, 0.000000, 0.000000, 0.000000, 0.000000, 0.000000
57, 116.081300, 37.520004, 13.395800, 4.400153, 44.641400, 13.256365, 0.048660, 0.025237, 32.208900, 12.678717, 12.432500, 12.678717, 4.282517, 0.469080, 12.439965, 2.277844, 16.490900, 9.871794, 8.010600, 3.997510, 106.243100, 38.765325, 0.000000, 0.000000, 0.000000, 0.000000, 0.000000, 0.000000, 0.000000, 0.000000, 0.000000, 0.000000, 0.000000, 0.000000, 0.000000, 0.000000, 0.000000, 0.000000, 0.000000, 0.000000, 0.000000, 0.000000, 0.000000, 0.000000, 0.000000, 0.000000, 0.000000, 0.000000, 0.000000, 0.000000
58, 116.387700, 37.644806, 13.425100, 4.412934, 47.153000, 14.141230, 0.048705, 0.025245, 34.295000, 13.498384, 12.858000, 13.498384, 4.193159, 0.442178, 12.445010, 2.280311, 16.558200, 9.888863, 8.035400, 4.005315, 106.592000, 38.906626, 0.000000, 0.000000, 0.000000, 0.000000, 0.000000, 0.000000, 0.000000, 0.000000, 0.000000, 0.000000, 0.000000, 0.000000, 0.000000, 0.000000, 0.000000, 0.000000, 0.000000, 0.000000, 0.000000, 0.000000, 0.000000, 0.000000, 0.000000, 0.000000, 0.000000, 0.000000, 0.000000, 0.000000
59, 116.667000, 37.753423, 13.456900, 4.424539, 49.369100, 14.944152, 0.048752, 0.025253, 36.124000, 14.259819, 13.245100, 14.259819, 4.125607, 0.421578, 12.447198, 2.276228, 16.627500, 9.913816, 8.061300, 4.012972, 106.914700, 39.038064, 0.000000, 0.000000, 0.000000, 0.000000, 0.000000, 0.000000, 0.000000, 0.000000, 0.000000, 0.000000, 0.000000, 0.000000, 0.000000, 0.000000, 0.000000, 0.000000, 0.000000, 0.000000, 0.000000, 0.000000, 0.000000, 0.000000, 0.000000, 0.000000, 0.000000, 0.000000, 0.000000, 0.000000
60, 116.909100, 37.851159, 13.488000, 4.431304, 51.238800, 15.614364, 0.048800, 0.025262, 37.666300, 14.871427, 13.572500, 14.871427, 4.078228, 0.407075, 12.447347, 2.268409, 16.697400, 9.934356, 8.084300, 4.024077, 107.203700, 39.153702, 0.000000, 0.000000, 0.000000, 0.000000, 0.000000, 0.000000, 0.000000, 0.000000, 0.000000, 0.000000, 0.000000, 0.000000, 0.000000, 0.000000, 0.000000, 0.000000, 0.000000, 0.000000, 0.000000, 0.000000, 0.000000, 0.000000, 0.000000, 0.000000, 0.000000, 0.000000, 0.000000, 0.000000
61, 117.123000, 37.943111, 13.519900, 4.447494, 52.800200, 16.190500, 0.048848, 0.025272, 38.944200, 15.408656, 13.856000, 15.408656, 4.046135, 0.395927, 12.449128, 2.263261, 16.766100, 9.958403, 8.101000, 4.030955, 107.469600, 39.272798, 0.000000, 0.000000, 0.000000, 0.000000, 0.000000, 0.000000, 0.000000, 0.000000, 0.000000, 0.000000, 0.000000, 0.000000, 0.000000, 0.000000, 0.000000, 0.000000, 0.000000, 0.000000, 0.000000, 0.000000, 0.000000, 0.000000, 0.000000, 0.000000, 0.000000, 0.000000, 0.000000, 0.000000
62, 117.305400, 38.011161, 13.546900, 4.456456, 54.064200, 16.658562, 0.048895, 0.025281, 39.971800, 15.841509, 14.092400, 15.841509, 4.026924, 0.387207, 12.450779, 2.254225, 16.833300, 9.978462, 8.118800, 4.036395, 107.701400, 39.367957, 0.000000, 0.000000, 0.000000, 0.000000, 0.000000, 0.000000, 0.000000, 0.000000, 0.000000, 0.000000, 0.000000, 0.000000, 0.000000, 0.000000, 0.000000, 0.000000, 0.000000, 0.000000, 0.000000, 0.000000, 0.000000, 0.000000, 0.000000, 0.000000, 0.000000, 0.000000, 0.000000, 0.000000
63, 117.479500, 38.084159, 13.583000, 4.469867, 55.105500, 17.039242, 0.048941, 0.025291, 40.806600, 16.174845, 14.298900, 16.174845, 4.015118, 0.380418, 12.447622, 2.251096, 16.895100, 9.997454, 8.137200, 4.044920, 107.918900, 39.461626, 0.000000, 0.000000, 0.000000, 0.000000, 0.000000, 0.000000, 0.000000, 0.000000, 0.000000, 0.000000, 0.000000, 0.000000, 0.000000, 0.000000, 0.000000, 0.000000, 0.000000, 0.000000, 0.000000, 0.000000, 0.000000, 0.000000, 0.000000, 0.000000, 0.000000, 0.000000, 0.000000, 0.000000
64, 117.625700, 38.142194, 13.618000, 4.482775, 55.934600, 17.346807, 0.048986, 0.025300, 41.477300, 16.452990, 14.457300, 16.452990, 4.010607, 0.378117, 12.445100, 2.245233, 16.952300, 10.017286, 8.151800, 4.050106, 108.107700, 39.540826, 0.000000, 0.000000, 0.000000, 0.000000, 0.000000, 0.000000, 0.000000, 0.000000, 0.000000, 0.000000, 0.000000, 0.000000, 0.000000, 0.000000, 0.000000, 0.000000, 0.000000, 0.000000, 0.000000, 0.000000, 0.000000, 0.000000, 0.000000, 0.000000, 0.000000, 0.000000, 0.000000, 0.000000
65, 117.761600, 38.198471, 13.655800, 4.495656, 56.622000, 17.588318, 0.049028, 0.025310, 42.030500, 16.668520, 14.591500, 16.668520, 4.009242, 0.374624, 12.440865, 2.240347, 17.005800, 10.036113, 8.164400, 4.056744, 108.284500, 39.616597, 0.000000, 0.000000, 0.000000, 0.000000, 0.000000, 0.000000, 0.000000, 0.000000, 0.000000, 0.000000, 0.000000, 0.000000, 0.000000, 0.000000, 0.000000, 0.000000, 0.000000, 0.000000, 0.000000, 0.000000, 0.000000, 0.000000, 0.000000, 0.000000, 0.000000, 0.000000, 0.000000, 0.000000
66, 117.875100, 38.245953, 13.690300, 4.510276, 57.207800, 17.812092, 0.049068, 0.025319, 42.505000, 16.873215, 14.702800, 16.873215, 4.009657, 0.372543, 12.436920, 2.239845, 17.060400, 10.053355, 8.176100, 4.061218, 108.440900, 39.682544, 0.000000, 0.000000, 0.000000, 0.000000, 0.000000, 0.000000, 0.000000, 0.000000, 0.000000, 0.000000, 0.000000, 0.000000, 0.000000, 0.000000, 0.000000, 0.000000, 0.000000, 0.000000, 0.000000, 0.000000, 0.000000, 0.000000, 0.000000, 0.000000, 0.000000, 0.000000, 0.000000, 0.000000
67, 117.986200, 38.286481, 13.722900, 4.522954, 57.731300, 17.987070, 0.049106, 0.025327, 42.915000, 17.022332, 14.816300, 17.022332, 4.009871, 0.369798, 12.431362, 2.236743, 17.107500, 10.072594, 8.188200, 4.064995, 108.587000, 39.740617, 0.000000, 0.000000, 0.000000, 0.000000, 0.000000, 0.000000, 0.000000, 0.000000, 0.000000, 0.000000, 0.000000, 0.000000, 0.000000, 0.000000, 0.000000, 0.000000, 0.000000, 0.000000, 0.000000, 0.000000, 0.000000, 0.000000, 0.000000, 0.000000, 0.000000, 0.000000, 0.000000, 0.000000
68, 118.077700, 38.318832, 13.752500, 4.537185, 58.205500, 18.151321, 0.049140, 0.025335, 43.293700, 17.171664, 14.911800, 17.171664, 4.010297, 0.368178, 12.426364, 2.228180, 17.152100, 10.085622, 8.198000, 4.070110, 108.713300, 39.789399, 0.000000, 0.000000, 0.000000, 0.000000, 0.000000, 0.000000, 0.000000, 0.000000, 0.000000, 0.000000, 0.000000, 0.000000, 0.000000, 0.000000, 0.000000, 0.000000, 0.000000, 0.000000, 0.000000, 0.000000, 0.000000, 0.000000, 0.000000, 0.000000, 0.000000, 0.000000, 0.000000, 0.000000
69, 118.173500, 38.356561, 13.784900, 4.547288, 58.627800, 18.318326, 0.049172, 0.025342, 43.631200, 17.309748, 14.996600, 17.309748, 4.010942, 0.367243, 12.418495, 2.221717, 17.187800, 10.097135, 8.206400, 4.075242, 108.836400, 39.837382, 0.000000, 0.000000, 0.000000, 0.000000, 0.000000, 0.000000, 0.000000, 0.000000, 0.000000, 0.000000, 0.000000, 0.000000, 0.000000, 0.000000, 0.000000, 0.000000, 0.000000, 0.000000, 0.000000, 0.000000, 0.000000, 0.000000, 0.000000, 0.000000, 0.000000, 0.000000, 0.000000, 0.000000
70, 118.251200, 38.385519, 13.811000, 4.558188, 59.008100, 18.454366, 0.049201, 0.025349, 43.932300, 17.429071, 15.075800, 17.429071, 4.011217, 0.366894, 12.413748, 2.216475, 17.221400, 10.108560, 8.213300, 4.076788, 108.940800, 39.880879, 0.000000, 0.000000, 0.000000, 0.000000, 0.000000, 0.000000, 0.000000, 0.000000, 0.000000, 0.000000, 0.000000, 0.000000, 0.000000, 0.000000, 0.000000, 0.000000, 0.000000, 0.000000, 0.000000, 0.000000, 0.000000, 0.000000, 0.000000, 0.000000, 0.000000, 0.000000, 0.000000, 0.000000
71, 118.324500, 38.416973, 13.834500, 4.567112, 59.378100, 18.596197, 0.049227, 0.025355, 44.214700, 17.545370, 15.163400, 17.545370, 4.010276, 0.365592, 12.410328, 2.217898, 17.256300, 10.122273, 8.220600, 4.082124, 109.041700, 39.925530, 0.000000, 0.000000, 0.000000, 0.000000, 0.000000, 0.000000, 0.000000, 0.000000, 0.000000, 0.000000, 0.000000, 0.000000, 0.000000, 0.000000, 0.000000, 0.000000, 0.000000, 0.000000, 0.000000, 0.000000, 0.000000, 0.000000, 0.000000, 0.000000, 0.000000, 0.000000, 0.000000, 0.000000
72, 118.390600, 38.446238, 13.858100, 4.581830, 59.717600, 18.709256, 0.049251, 0.025360, 44.476300, 17.640058, 15.241300, 17.640058, 4.008952, 0.364299, 12.405579, 2.215903, 17.287000, 10.132119, 8.227100, 4.083494, 109.132000, 39.967792, 0.000000, 0.000000, 0.000000, 0.000000, 0.000000, 0.000000, 0.000000, 0.000000, 0.000000, 0.000000, 0.000000, 0.000000, 0.000000, 0.000000, 0.000000, 0.000000, 0.000000, 0.000000, 0.000000, 0.000000, 0.000000, 0.000000, 0.000000, 0.000000, 0.000000, 0.000000, 0.000000, 0.000000
73, 118.451300, 38.472718, 13.881500, 4.593197, 60.031600, 18.827108, 0.049272, 0.025365, 44.719500, 17.747800, 15.312100, 17.747800, 4.007503, 0.362809, 12.400428, 2.213878, 17.313500, 10.141460, 8.232900, 4.086081, 109.213400, 40.004506, 0.000000, 0.000000, 0.000000, 0.000000, 0.000000, 0.000000, 0.000000, 0.000000, 0.000000, 0.000000, 0.000000, 0.000000, 0.000000, 0.000000, 0.000000, 0.000000, 0.000000, 0.000000, 0.000000, 0.000000, 0.000000, 0.000000, 0.000000, 0.000000, 0.000000, 0.000000, 0.000000, 0.000000
74, 118.498800, 38.496956, 13.901200, 4.602699, 60.309200, 18.933415, 0.049291, 0.025370, 44.931900, 17.841751, 15.377300, 17.841751, 4.006607, 0.362062, 12.396156, 2.212071, 17.343600, 10.148199, 8.238500, 4.088058, 109.285400, 40.037467, 0.000000, 0.000000, 0.000000, 0.000000, 0.000000, 0.000000, 0.000000, 0.000000, 0.000000, 0.000000, 0.000000, 0.000000, 0.000000, 0.000000, 0.000000, 0.000000, 0.000000, 0.000000, 0.000000, 0.000000, 0.000000, 0.000000, 0.000000, 0.000000, 0.000000, 0.000000, 0.000000, 0.000000
75, 118.547900, 38.514482, 13.920600, 4.609739, 60.619300, 19.065985, 0.049310, 0.025374, 45.168600, 17.959459, 15.450700, 17.959459, 4.004323, 0.361198, 12.390932, 2.209084, 17.372800, 10.155571, 8.243600, 4.091315, 109.358600, 40.067231, 0.000000, 0.000000, 0.000000, 0.000000, 0.000000, 0.000000, 0.000000, 0.000000, 0.000000, 0.000000, 0.000000, 0.000000, 0.000000, 0.000000, 0.000000, 0.000000, 0.000000, 0.000000, 0.000000, 0.000000, 0.000000, 0.000000, 0.000000, 0.000000, 0.000000, 0.000000, 0.000000, 0.000000
76, 118.595600, 38.535276, 13.936800, 4.615410, 60.881200, 19.171168, 0.049326, 0.025378, 45.374300, 18.052584, 15.506900, 18.052584, 4.002192, 0.359374, 12.385960, 2.205936, 17.391700, 10.163969, 8.247900, 4.093855, 109.420900, 40.095575, 0.000000, 0.000000, 0.000000, 0.000000, 0.000000, 0.000000, 0.000000, 0.000000, 0.000000, 0.000000, 0.000000, 0.000000, 0.000000, 0.000000, 0.000000, 0.000000, 0.000000, 0.000000, 0.000000, 0.000000, 0.000000, 0.000000, 0.000000, 0.000000, 0.000000, 0.000000, 0.000000, 0.000000
77, 118.632100, 38.550177, 13.951200, 4.620954, 61.126300, 19.260611, 0.049339, 0.025381, 45.559900, 18.128955, 15.566400, 18.128955, 3.999910, 0.358254, 12.382195, 2.205527, 17.410900, 10.171129, 8.252500, 4.095625, 109.472000, 40.117739, 0.000000, 0.000000, 0.000000, 0.000000, 0.000000, 0.000000, 0.000000, 0.000000, 0.000000, 0.000000, 0.000000, 0.000000, 0.000000, 0.000000, 0.000000, 0.000000, 0.000000, 0.000000, 0.000000, 0.000000, 0.000000, 0.000000, 0.000000, 0.000000, 0.000000, 0.000000, 0.000000, 0.000000
78, 118.666200, 38.563801, 13.966700, 4.623310, 61.346600, 19.345399, 0.049352, 0.025384, 45.729300, 18.193835, 15.617300, 18.193835, 3.997988, 0.356935, 12.376530, 2.202784, 17.429500, 10.176111, 8.254600, 4.096215, 109.522600, 40.137400, 0.000000, 0.000000, 0.000000, 0.000000, 0.000000, 0.000000, 0.000000, 0.000000, 0.000000, 0.000000, 0.000000, 0.000000, 0.000000, 0.000000, 0.000000, 0.000000, 0.000000, 0.000000, 0.000000, 0.000000, 0.000000, 0.000000, 0.000000, 0.000000, 0.000000, 0.000000, 0.000000, 0.000000
79, 118.698200, 38.575279, 13.978000, 4.630909, 61.545100, 19.409074, 0.049363, 0.025387, 45.879800, 18.244329, 15.665300, 18.244329, 3.996365, 0.356149, 12.374520, 2.202902, 17.445600, 10.182752, 8.258400, 4.097515, 109.566900, 40.153358, 0.000000, 0.000000, 0.000000, 0.000000, 0.000000, 0.000000, 0.000000, 0.000000, 0.000000, 0.000000, 0.000000, 0.000000, 0.000000, 0.000000, 0.000000, 0.000000, 0.000000, 0.000000, 0.000000, 0.000000, 0.000000, 0.000000, 0.000000, 0.000000, 0.000000, 0.000000, 0.000000, 0.000000
